1856.000000	-0.220609
1856.083333	-0.035886
1856.166667	0.020426
1856.250000	0.236571
1856.333333	0.048464
1856.416667	-0.087465
1856.500000	-0.096141
1856.583333	0.035163
1856.666667	0.126094
1856.750000	0.223211
1856.833333	0.126112
1856.916667	-0.037780
1857.000000	-0.162134
1857.083333	-0.036619
1857.166667	-0.115181
1857.250000	-0.061404
1857.333333	-0.049730
1857.416667	-0.116186
1857.500000	-0.333827
1857.583333	-0.516195
1857.666667	-0.259723
1857.750000	-0.308395
1857.833333	-0.340850
1857.916667	0.002915
1858.000000	-0.007133
1858.083333	-0.045141
1858.166667	0.079093
1858.250000	-0.137502
1858.333333	-0.040247
1858.416667	0.004417
1858.500000	0.266331
1858.583333	0.171183
1858.666667	0.048855
1858.750000	0.044467
1858.833333	0.140615
1858.916667	-0.322819
1859.000000	0.002772
1859.083333	0.063360
1859.166667	0.101204
1859.250000	-0.038567
1859.333333	-0.107115
1859.416667	-0.391210
1859.500000	-0.184494
1859.583333	-0.156490
1859.666667	-0.374490
1859.750000	-0.332713
1859.833333	-0.491527
1859.916667	-0.321169
1860.000000	-0.210216
1860.083333	0.057855
1860.166667	-0.086346
1860.250000	-0.318090
1860.333333	-0.450105
1860.416667	-0.314940
1860.500000	-0.145214
1860.583333	-0.202630
1860.666667	-0.425815
1860.750000	-0.495127
1860.833333	-0.571827
1860.916667	-0.417138
1861.000000	-0.078192
1861.083333	-0.251617
1861.166667	-0.209080
1861.250000	-0.295253
1861.333333	-0.483095
1861.416667	-0.312665
1861.500000	0.355930
1861.583333	0.015343
1861.666667	-0.209684
1861.750000	-0.168296
1861.833333	-0.239863
1861.916667	-0.413152
1862.000000	-0.847281
1862.083333	-0.419687
1862.166667	-0.272480
1862.250000	-0.325039
1862.333333	-0.215039
1862.416667	-0.539470
1862.500000	-0.233090
1862.583333	0.108124
1862.666667	0.086629
1862.750000	0.026646
1862.833333	-0.174349
1862.916667	-0.124962
1863.000000	-0.173110
1863.083333	-0.067436
1863.166667	-0.346795
1863.250000	-0.338763
1863.333333	-0.074240
1863.416667	0.169276
1863.500000	0.147109
1863.583333	0.428443
1863.666667	0.439844
1863.750000	0.309293
1863.833333	0.135006
1863.916667	0.020313
1864.000000	-0.468645
1864.083333	-0.534132
1864.166667	-0.445861
1864.250000	-0.222472
1864.333333	-0.258937
1864.416667	-0.559515
1864.500000	-0.487330
1864.583333	-0.323050
1864.666667	-0.381372
1864.750000	-0.184347
1864.833333	-0.214317
1864.916667	-0.017393
1865.000000	-0.098971
1865.083333	0.110047
1865.166667	0.073217
1865.250000	-0.051542
1865.333333	0.173721
1865.416667	0.080511
1865.500000	-0.132241
1865.583333	0.141917
1865.666667	0.002932
1865.750000	-0.053734
1865.833333	-0.074188
1865.916667	-0.382842
1866.000000	-0.319104
1866.083333	-0.369021
1866.166667	-0.053638
1866.250000	-0.352757
1866.333333	-0.436155
1866.416667	-0.471220
1866.500000	-0.564658
1866.583333	-0.477082
1866.666667	-0.567419
1866.750000	-0.315696
1866.833333	-0.184448
1866.916667	-0.369114
1867.000000	-0.204235
1867.083333	0.063189
1867.166667	0.117781
1867.250000	-0.229180
1867.333333	-0.129764
1867.416667	-0.202758
1867.500000	0.130101
1867.583333	0.140948
1867.666667	0.198872
1867.750000	0.107050
1867.833333	0.180956
1867.916667	0.148571
1868.000000	0.226389
1868.083333	-0.011691
1868.166667	-0.001350
1868.250000	-0.056915
1868.333333	0.218127
1868.416667	-0.040998
1868.500000	-0.424228
1868.583333	0.000579
1868.666667	0.383609
1868.750000	0.180098
1868.833333	0.085776
1868.916667	0.015193
1869.000000	-0.085763
1869.083333	0.382406
1869.166667	0.476774
1869.250000	0.433855
1869.333333	0.293124
1869.416667	-0.057892
1869.500000	-0.063913
1869.583333	0.087072
1869.666667	0.114818
1869.750000	0.074062
1869.833333	-0.090069
1869.916667	-0.076776
1870.000000	-0.172953
1870.083333	-0.200967
1870.166667	-0.415849
1870.250000	-0.359335
1870.333333	-0.060941
1870.416667	-0.004159
1870.500000	-0.466197
1870.583333	-0.237034
1870.666667	-0.234831
1870.750000	-0.019530
1870.833333	-0.197071
1870.916667	-0.092836
1871.000000	0.023436
1871.083333	0.027236
1871.166667	0.069572
1871.250000	0.045682
1871.333333	-0.005824
1871.416667	-0.124609
1871.500000	0.040039
1871.583333	-0.039929
1871.666667	-0.261827
1871.750000	-0.142287
1871.833333	-0.039523
1871.916667	-0.244196
1872.000000	-0.330874
1872.083333	-0.313658
1872.166667	-0.262626
1872.250000	-0.189489
1872.333333	-0.040629
1872.416667	0.155519
1872.500000	0.426959
1872.583333	0.609362
1872.666667	-0.237905
1872.750000	-0.256431
1872.833333	-0.250501
1872.916667	-0.157895
1873.000000	-0.062087
1873.083333	-0.586472
1873.166667	-0.557439
1873.250000	-0.252554
1873.333333	-0.082496
1873.416667	-0.124044
1873.500000	0.015016
1873.583333	-0.060348
1873.666667	0.197163
1873.750000	0.321647
1873.833333	0.085110
1873.916667	-0.277931
1874.000000	-0.307605
1874.083333	-0.036858
1874.166667	-0.103910
1874.250000	-0.295404
1874.333333	0.034158
1874.416667	-0.131888
1874.500000	-0.056783
1874.583333	0.005631
1874.666667	0.015882
1874.750000	-0.126846
1874.833333	0.157516
1874.916667	0.033803
1875.000000	0.056441
1875.083333	-0.092851
1875.166667	-0.310588
1875.250000	-0.418348
1875.333333	-0.455421
1875.416667	-0.288042
1875.500000	-0.179599
1875.583333	-0.321617
1875.666667	-0.252811
1875.750000	0.008248
1875.833333	0.125099
1875.916667	-0.035477
1876.000000	0.123284
1876.083333	0.228884
1876.166667	0.030027
1876.250000	-0.096956
1876.333333	-0.321176
1876.416667	-0.558744
1876.500000	-0.469222
1876.583333	-0.651094
1876.666667	-0.693814
1876.750000	-0.439909
1876.833333	-0.158458
1876.916667	-0.055823
1877.000000	-0.160756
1877.083333	-0.109783
1877.166667	-0.100661
1877.250000	0.054836
1877.333333	0.131150
1877.416667	0.042972
1877.500000	-0.250776
1877.583333	-0.293342
1877.666667	-0.239698
1877.750000	-0.359116
1877.833333	-0.180889
1877.916667	0.161456
1878.000000	0.655489
1878.083333	0.645470
1878.166667	0.107199
1878.250000	0.058275
1878.333333	0.010681
1878.416667	-0.013615
1878.500000	-0.026181
1878.583333	-0.261731
1878.666667	-0.175639
1878.750000	0.165517
1878.833333	0.002655
1878.916667	0.084681
1879.000000	0.168539
1879.083333	0.291625
1879.166667	0.111163
1879.250000	-0.044841
1879.333333	0.064054
1879.416667	0.371126
1879.500000	0.357046
1879.583333	0.354587
1879.666667	0.262177
1879.750000	0.208782
1879.833333	0.179499
1879.916667	0.307598
1880.000000	-0.137617
1880.083333	0.130221
1880.166667	-0.104591
1880.250000	-0.132641
1880.333333	0.042932
1880.416667	-0.090598
1880.500000	0.080328
1880.583333	0.247886
1880.666667	0.155144
1880.750000	0.027510
1880.833333	0.059690
1880.916667	-0.069642
1881.000000	-0.059245
1881.083333	-0.052693
1881.166667	0.064071
1881.250000	-0.102623
1881.333333	0.004271
1881.416667	0.043319
1881.500000	0.226346
1881.583333	-0.085492
1881.666667	-0.188165
1881.750000	-0.021507
1881.833333	0.034996
1881.916667	0.218569
1882.000000	0.358801
1882.083333	0.204818
1882.166667	0.086356
1882.250000	0.130026
1882.333333	-0.026878
1882.416667	-0.116690
1882.500000	0.212561
1882.583333	0.294993
1882.666667	-0.067884
1882.750000	0.025487
1882.833333	-0.147360
1882.916667	-0.132206
1883.000000	0.226000
1883.083333	0.333707
1883.166667	-0.011216
1883.250000	-0.026077
1883.333333	-0.144615
1883.416667	-0.323108
1883.500000	-0.196745
1883.583333	-0.175569
1883.666667	-0.178991
1883.750000	-0.348668
1883.833333	-0.524269
1883.916667	-0.422349
1884.000000	-0.376472
1884.083333	-0.220494
1884.166667	0.075243
1884.250000	-0.109076
1884.333333	-0.252051
1884.416667	-0.231352
1884.500000	-0.292388
1884.583333	-0.130389
1884.666667	-0.014687
1884.750000	0.030064
1884.833333	0.269524
1884.916667	0.204147
1885.000000	0.285296
1885.083333	0.069452
1885.166667	-0.016787
1885.250000	-0.044059
1885.333333	-0.356280
1885.416667	-0.506938
1885.500000	-0.641959
1885.583333	-0.560773
1885.666667	-0.659333
1885.750000	-0.615177
1885.833333	-0.301780
1885.916667	0.000302
1886.000000	0.054504
1886.083333	0.106368
1886.166667	0.110325
1886.250000	-0.016124
1886.333333	-0.011862
1886.416667	-0.035704
1886.500000	0.035327
1886.583333	0.317674
1886.666667	0.333367
1886.750000	-0.058303
1886.833333	0.063750
1886.916667	-0.034968
1887.000000	0.212398
1887.083333	0.074012
1887.166667	-0.065492
1887.250000	-0.252223
1887.333333	-0.215312
1887.416667	-0.120393
1887.500000	0.067449
1887.583333	0.030872
1887.666667	0.160099
1887.750000	0.078926
1887.833333	0.103613
1887.916667	-0.095854
1888.000000	-0.050840
1888.083333	0.028493
1888.166667	0.236752
1888.250000	0.161981
1888.333333	0.168754
1888.416667	0.038175
1888.500000	0.049167
1888.583333	0.019279
1888.666667	-0.064355
1888.750000	-0.102548
1888.833333	0.148622
1888.916667	0.386880
1889.000000	0.432762
1889.083333	0.260536
1889.166667	0.327325
1889.250000	0.365008
1889.333333	0.382977
1889.416667	0.402805
1889.500000	0.101954
1889.583333	0.149121
1889.666667	0.445755
1889.750000	0.395214
1889.833333	0.226685
1889.916667	0.037616
1890.000000	-0.054958
1890.083333	-0.016204
1890.166667	-0.013282
1890.250000	0.037233
1890.333333	0.114735
1890.416667	0.444912
1890.500000	0.297406
1890.583333	0.184758
1890.666667	0.111819
1890.750000	0.176914
1890.833333	0.322040
1890.916667	0.600366
1891.000000	0.212982
1891.083333	0.230536
1891.166667	0.201441
1891.250000	0.033690
1891.333333	0.155999
1891.416667	0.070609
1891.500000	-0.258967
1891.583333	-0.352277
1891.666667	-0.270053
1891.750000	-0.093771
1891.833333	0.110300
1891.916667	0.110066
1892.000000	0.225285
1892.083333	0.510726
1892.166667	0.369152
1892.250000	0.070064
1892.333333	0.200902
1892.416667	0.166636
1892.500000	0.227921
1892.583333	0.391923
1892.666667	0.270518
1892.750000	0.081886
1892.833333	0.113094
1892.916667	-0.038792
1893.000000	-0.048566
1893.083333	-0.243568
1893.166667	-0.055486
1893.250000	0.114027
1893.333333	0.234912
1893.416667	0.257713
1893.500000	0.388811
1893.583333	0.374988
1893.666667	0.115935
1893.750000	-0.056932
1893.833333	-0.245279
1893.916667	-0.207223
1894.000000	-0.289647
1894.083333	-0.137811
1894.166667	0.131475
1894.250000	0.042703
1894.333333	-0.066739
1894.416667	-0.128427
1894.500000	-0.164442
1894.583333	-0.054692
1894.666667	0.141960
1894.750000	0.202466
1894.833333	0.112978
1894.916667	0.066739
1895.000000	0.054248
1895.083333	0.054017
1895.166667	0.115170
1895.250000	0.138308
1895.333333	0.209564
1895.416667	0.345590
1895.500000	0.320865
1895.583333	0.195262
1895.666667	0.221106
1895.750000	-0.097495
1895.833333	-0.066473
1895.916667	-0.065511
1896.000000	-0.030746
1896.083333	0.022496
1896.166667	0.125712
1896.250000	-0.091637
1896.333333	-0.478119
1896.416667	-0.245119
1896.500000	-0.232121
1896.583333	-0.140695
1896.666667	-0.401112
1896.750000	-0.485223
1896.833333	-0.132947
1896.916667	0.136137
1897.000000	0.331791
1897.083333	0.392912
1897.166667	0.216955
1897.250000	0.095978
1897.333333	0.071055
1897.416667	0.029343
1897.500000	0.186734
1897.583333	0.122149
1897.666667	0.205877
1897.750000	0.417142
1897.833333	0.602401
1897.916667	0.432840
1898.000000	0.197126
1898.083333	-0.051152
1898.166667	-0.246048
1898.250000	-0.414541
1898.333333	-0.379694
1898.416667	-0.323460
1898.500000	-0.289570
1898.583333	-0.014362
1898.666667	0.044801
1898.750000	0.096456
1898.833333	0.092565
1898.916667	-0.094200
1899.000000	-0.235958
1899.083333	-0.073302
1899.166667	-0.056370
1899.250000	-0.006800
1899.333333	-0.317918
1899.416667	-0.170876
1899.500000	0.012644
1899.583333	0.121268
1899.666667	0.028979
1899.750000	-0.154436
1899.833333	-0.168196
1899.916667	-0.007079
1900.000000	0.219712
1900.083333	0.300572
1900.166667	0.223354
1900.250000	0.292282
1900.333333	0.237074
1900.416667	0.295148
1900.500000	0.416351
1900.583333	0.255157
1900.666667	0.335073
1900.750000	0.143296
1900.833333	0.136888
1900.916667	0.304173
1901.000000	0.412671
1901.083333	0.029239
1901.166667	0.032724
1901.250000	0.061557
1901.333333	0.175933
1901.416667	0.150203
1901.500000	0.114681
1901.583333	0.006164
1901.666667	-0.065095
1901.750000	-0.261782
1901.833333	-0.203559
1901.916667	-0.077763
1902.000000	0.008540
1902.083333	-0.106635
1902.166667	-0.154351
1902.250000	-0.171297
1902.333333	-0.160923
1902.416667	-0.201320
1902.500000	-0.385113
1902.583333	-0.329575
1902.666667	-0.560571
1902.750000	-0.394352
1902.833333	-0.030322
1902.916667	0.022755
1903.000000	0.191215
1903.083333	0.143498
1903.166667	0.014082
1903.250000	-0.344677
1903.333333	-0.412675
1903.416667	-0.431974
1903.500000	-0.081593
1903.583333	-0.019521
1903.666667	-0.030241
1903.750000	0.087423
1903.833333	-0.191937
1903.916667	-0.418023
1904.000000	-0.474600
1904.083333	-0.441176
1904.166667	-0.392475
1904.250000	-0.402763
1904.333333	-0.296260
1904.416667	-0.204125
1904.500000	-0.154544
1904.583333	-0.377377
1904.666667	-0.247621
1904.750000	-0.203550
1904.833333	-0.271986
1904.916667	-0.062256
1905.000000	-0.214964
1905.083333	-0.287640
1905.166667	-0.075732
1905.250000	-0.006817
1905.333333	-0.298518
1905.416667	0.010477
1905.500000	-0.032716
1905.583333	-0.617829
1905.666667	-0.595094
1905.750000	-0.362080
1905.833333	-0.279788
1905.916667	0.163847
1906.000000	0.247058
1906.083333	0.232622
1906.166667	0.123298
1906.250000	-0.144857
1906.333333	0.009650
1906.416667	-0.102951
1906.500000	0.221570
1906.583333	0.344519
1906.666667	0.485489
1906.750000	0.308269
1906.833333	-0.374055
1906.916667	-0.247329
1907.000000	-0.294280
1907.083333	-0.434839
1907.166667	-0.494404
1907.250000	-0.410172
1907.333333	-0.593551
1907.416667	-0.395213
1907.500000	-0.216561
1907.583333	-0.347498
1907.666667	-0.126139
1907.750000	0.046330
1907.833333	0.093114
1907.916667	-0.067754
1908.000000	0.098310
1908.083333	-0.092438
1908.166667	-0.149560
1908.250000	0.134426
1908.333333	0.072068
1908.416667	-0.064360
1908.500000	0.029701
1908.583333	0.092211
1908.666667	0.071035
1908.750000	0.296036
1908.833333	0.220672
1908.916667	0.061262
1909.000000	0.126989
1909.083333	0.155920
1909.166667	-0.162524
1909.250000	0.017391
1909.333333	0.059052
1909.416667	0.236172
1909.500000	0.289023
1909.583333	0.288441
1909.666667	0.297777
1909.750000	0.198493
1909.833333	0.113099
1909.916667	-0.354194
1910.000000	-0.063370
1910.083333	-0.076182
1910.166667	-0.050571
1910.250000	-0.178336
1910.333333	0.007153
1910.416667	0.099058
1910.500000	0.650995
1910.583333	0.447564
1910.666667	0.420555
1910.750000	0.300678
1910.833333	0.001306
1910.916667	-0.159163
1911.000000	-0.263730
1911.083333	-0.177847
1911.166667	0.196194
1911.250000	0.168903
1911.333333	-0.066418
1911.416667	0.014432
1911.500000	0.004082
1911.583333	-0.099043
1911.666667	-0.085145
1911.750000	-0.130473
1911.833333	-0.362989
1911.916667	0.050933
1912.000000	0.170942
1912.083333	0.212245
1912.166667	-0.082151
1912.250000	-0.016364
1912.333333	-0.108662
1912.416667	-0.143291
1912.500000	0.077243
1912.583333	-0.051975
1912.666667	-0.022572
1912.750000	-0.043411
1912.833333	-0.149495
1912.916667	-0.231026
1913.000000	-0.269933
1913.083333	-0.183170
1913.166667	-0.011261
1913.250000	-0.163153
1913.333333	-0.525474
1913.416667	-0.528180
1913.500000	-0.484091
1913.583333	-0.371280
1913.666667	-0.551412
1913.750000	-0.507574
1913.833333	-0.130089
1913.916667	0.101813
1914.000000	-0.247482
1914.083333	-0.063485
1914.166667	0.178261
1914.250000	0.178160
1914.333333	0.104015
1914.416667	-0.244159
1914.500000	-0.544998
1914.583333	-0.696856
1914.666667	-0.743183
1914.750000	-0.746287
1914.833333	-0.431628
1914.916667	0.150601
1915.000000	0.085883
1915.083333	0.264462
1915.166667	0.145658
1915.250000	0.140486
1915.333333	0.023241
1915.416667	0.182918
1915.500000	0.274942
1915.583333	0.308778
1915.666667	0.178226
1915.750000	-0.023558
1915.833333	-0.141625
1915.916667	-0.166948
1916.000000	-0.254044
1916.083333	-0.332656
1916.166667	-0.372434
1916.250000	-0.553849
1916.333333	-0.571428
1916.416667	-0.378640
1916.500000	-0.059659
1916.583333	0.172756
1916.666667	0.144459
1916.750000	0.176494
1916.833333	-0.313951
1916.916667	-0.459517
1917.000000	-0.502417
1917.083333	-0.414987
1917.166667	-0.339372
1917.250000	-0.493444
1917.333333	-0.448189
1917.416667	-0.238957
1917.500000	0.187512
1917.583333	0.336982
1917.666667	0.115634
1917.750000	0.172083
1917.833333	-0.081132
1917.916667	-0.403654
1918.000000	-0.539171
1918.083333	-0.714813
1918.166667	-0.359742
1918.250000	-0.230559
1918.333333	-0.436612
1918.416667	-0.659145
1918.500000	-0.652676
1918.583333	-0.474918
1918.666667	-0.468717
1918.750000	-0.440345
1918.833333	-0.264263
1918.916667	-0.064881
1919.000000	-0.079785
1919.083333	0.112275
1919.166667	0.168472
1919.250000	-0.052142
1919.333333	0.088286
1919.416667	-0.416980
1919.500000	-0.397832
1919.583333	-0.463227
1919.666667	-0.617703
1919.750000	-0.647506
1919.833333	-0.411869
1919.916667	-0.050267
1920.000000	-0.045490
1920.083333	-0.012194
1920.166667	-0.019278
1920.250000	-0.027091
1920.333333	-0.312746
1920.416667	-0.068408
1920.500000	-0.105533
1920.583333	0.104688
1920.666667	-0.145701
1920.750000	0.000644
1920.833333	0.294617
1920.916667	0.015604
1921.000000	0.122471
1921.083333	0.126607
1921.166667	-0.076653
1921.250000	-0.325336
1921.333333	-0.519519
1921.416667	-0.158556
1921.500000	-0.049968
1921.583333	-0.230636
1921.666667	-0.118858
1921.750000	-0.059420
1921.833333	-0.150467
1921.916667	-0.216446
1922.000000	-0.068851
1922.083333	-0.107785
1922.166667	-0.336725
1922.250000	-0.374104
1922.333333	-0.123292
1922.416667	-0.328252
1922.500000	-0.181236
1922.583333	-0.471506
1922.666667	-0.331519
1922.750000	-0.068578
1922.833333	-0.014494
1922.916667	-0.035458
1923.000000	-0.097238
1923.083333	-0.054484
1923.166667	-0.519906
1923.250000	-0.469047
1923.333333	-0.287657
1923.416667	-0.238121
1923.500000	-0.116315
1923.583333	-0.569652
1923.666667	-0.734202
1923.750000	-0.416504
1923.833333	-0.267975
1923.916667	0.047654
1924.000000	0.254301
1924.083333	0.384891
1924.166667	0.120911
1924.250000	-0.110576
1924.333333	-0.168589
1924.416667	-0.246901
1924.500000	-0.094799
1924.583333	-0.026189
1924.666667	0.006385
1924.750000	0.134664
1924.833333	-0.062748
1924.916667	-0.289772
1925.000000	0.022393
1925.083333	-0.241615
1925.166667	-0.324736
1925.250000	-0.436187
1925.333333	-0.506736
1925.416667	-0.290629
1925.500000	-0.364377
1925.583333	-0.459256
1925.666667	-0.488975
1925.750000	-0.632223
1925.833333	-0.551276
1925.916667	0.009181
1926.000000	-0.087028
1926.083333	0.096444
1926.166667	0.029328
1926.250000	0.090131
1926.333333	0.052908
1926.416667	-0.285625
1926.500000	-0.115459
1926.583333	-0.236264
1926.666667	-0.042698
1926.750000	-0.213969
1926.833333	-0.311035
1926.916667	-0.129510
1927.000000	-0.310623
1927.083333	-0.245975
1927.166667	-0.126968
1927.250000	-0.316536
1927.333333	-0.482691
1927.416667	-0.202215
1927.500000	-0.178466
1927.583333	-0.175856
1927.666667	-0.182838
1927.750000	-0.102797
1927.833333	-0.107460
1927.916667	0.013846
1928.000000	0.256274
1928.083333	0.168615
1928.166667	-0.127745
1928.250000	-0.085940
1928.333333	-0.307313
1928.416667	-0.221575
1928.500000	-0.297878
1928.583333	0.034811
1928.666667	0.151195
1928.750000	0.067719
1928.833333	-0.028236
1928.916667	0.292955
1929.000000	0.164608
1929.083333	0.260004
1929.166667	0.073312
1929.250000	-0.190518
1929.333333	-0.403315
1929.416667	-0.401585
1929.500000	-0.588459
1929.583333	-0.294016
1929.666667	-0.480103
1929.750000	-0.220433
1929.833333	-0.183280
1929.916667	-0.176983
1930.000000	-0.049534
1930.083333	-0.009971
1930.166667	-0.001156
1930.250000	-0.069764
1930.333333	-0.142849
1930.416667	-0.353540
1930.500000	-0.219910
1930.583333	-0.002190
1930.666667	0.027584
1930.750000	0.059789
1930.833333	0.089219
1930.916667	0.027599
1931.000000	0.365999
1931.083333	0.507946
1931.166667	0.507815
1931.250000	0.097774
1931.333333	0.130346
1931.416667	0.194895
1931.500000	0.221710
1931.583333	0.188226
1931.666667	0.281881
1931.750000	-0.124737
1931.833333	-0.347458
1931.916667	0.007911
1932.000000	-0.135704
1932.083333	0.046766
1932.166667	-0.002310
1932.250000	-0.300678
1932.333333	-0.137080
1932.416667	0.053313
1932.500000	-0.299458
1932.583333	-0.235775
1932.666667	-0.247107
1932.750000	-0.134983
1932.833333	-0.111759
1932.916667	-0.213902
1933.000000	0.263175
1933.083333	-0.060044
1933.166667	-0.267227
1933.250000	-0.117194
1933.333333	-0.109446
1933.416667	0.008420
1933.500000	0.131140
1933.583333	0.131874
1933.666667	0.260644
1933.750000	0.064113
1933.833333	-0.081981
1933.916667	-0.162295
1934.000000	0.000830
1934.083333	-0.175034
1934.166667	-0.145741
1934.250000	-0.017670
1934.333333	-0.117923
1934.416667	-0.057950
1934.500000	0.049954
1934.583333	0.006778
1934.666667	0.079020
1934.750000	-0.024775
1934.833333	0.155161
1934.916667	-0.016099
1935.000000	-0.009283
1935.083333	0.236690
1935.166667	-0.012222
1935.250000	0.069377
1935.333333	-0.342337
1935.416667	-0.504313
1935.500000	-0.404089
1935.583333	-0.171619
1935.666667	-0.041356
1935.750000	-0.084040
1935.833333	-0.108120
1935.916667	0.128527
1936.000000	-0.043137
1936.083333	0.118526
1936.166667	-0.050210
1936.250000	-0.037991
1936.333333	-0.152313
1936.416667	-0.137069
1936.500000	0.108253
1936.583333	0.116977
1936.666667	0.280467
1936.750000	0.161619
1936.833333	0.254967
1936.916667	0.452949
1937.000000	0.070347
1937.083333	0.490350
1937.166667	0.282603
1937.250000	0.108961
1937.333333	0.003285
1937.416667	0.206650
1937.500000	-0.079139
1937.583333	0.035325
1937.666667	0.078407
1937.750000	-0.082519
1937.833333	0.132806
1937.916667	0.300039
1938.000000	0.039076
1938.083333	0.208938
1938.166667	0.364520
1938.250000	0.515689
1938.333333	0.341556
1938.416667	0.379814
1938.500000	0.397711
1938.583333	0.521427
1938.666667	0.131171
1938.750000	-0.014309
1938.833333	0.203149
1938.916667	-0.054600
1939.000000	-0.134760
1939.083333	-0.500775
1939.166667	-0.357507
1939.250000	-0.033803
1939.333333	-0.260875
1939.416667	-0.258185
1939.500000	0.019079
1939.583333	0.240206
1939.666667	0.128124
1939.750000	0.046777
1939.833333	0.063898
1939.916667	-0.048424
1940.000000	-0.065597
1940.083333	0.029600
1940.166667	-0.032829
1940.250000	0.298438
1940.333333	0.205079
1940.416667	-0.228319
1940.500000	0.053456
1940.583333	-0.202913
1940.666667	-0.228711
1940.750000	-0.099437
1940.833333	0.257365
1940.916667	0.473551
1941.000000	0.490100
1941.083333	0.821656
1941.166667	0.544169
1941.250000	0.665456
1941.333333	0.509329
1941.416667	0.244129
1941.500000	0.217634
1941.583333	-0.038421
1941.666667	0.020893
1941.750000	0.036028
1941.833333	0.398210
1941.916667	0.606309
1942.000000	0.551576
1942.083333	0.354947
1942.166667	0.122696
1942.250000	0.239239
1942.333333	0.501609
1942.416667	0.312975
1942.500000	0.605232
1942.583333	0.746552
1942.666667	0.690827
1942.750000	0.629386
1942.833333	0.415612
1942.916667	0.362618
1943.000000	0.181527
1943.083333	0.062059
1943.166667	-0.069808
1943.250000	-0.274938
1943.333333	-0.117334
1943.416667	-0.215590
1943.500000	-0.250851
1943.583333	-0.166115
1943.666667	0.013221
1943.750000	0.110659
1943.833333	0.129205
1943.916667	0.003375
1944.000000	-0.218284
1944.083333	-0.085190
1944.166667	-0.384596
1944.250000	-0.237645
1944.333333	-0.350998
1944.416667	-0.008861
1944.500000	0.071360
1944.583333	0.113439
1944.666667	0.353500
1944.750000	0.216046
1944.833333	0.283129
1944.916667	0.325635
1945.000000	0.313111
1945.083333	0.465099
1945.166667	0.260505
1945.250000	0.257833
1945.333333	0.380629
1945.416667	0.302951
1945.500000	0.304597
1945.583333	0.477775
1945.666667	0.281606
1945.750000	0.376060
1945.833333	0.245836
1945.916667	0.264262
1946.000000	0.384094
1946.083333	0.358362
1946.166667	0.578203
1946.250000	0.234949
1946.333333	0.201856
1946.416667	-0.474053
1946.500000	-0.274319
1946.583333	-0.434677
1946.666667	-0.634689
1946.750000	-0.122420
1946.833333	-0.299247
1946.916667	-0.161964
1947.000000	0.214903
1947.083333	0.081035
1947.166667	-0.187042
1947.250000	-0.214321
1947.333333	-0.434724
1947.416667	-0.197117
1947.500000	0.030089
1947.583333	0.485249
1947.666667	0.226967
1947.750000	0.013901
1947.833333	-0.260774
1947.916667	-0.471112
1948.000000	-0.459255
1948.083333	-0.267896
1948.166667	-0.137353
1948.250000	-0.219954
1948.333333	-0.235281
1948.416667	-0.456917
1948.500000	-0.517870
1948.583333	-0.176747
1948.666667	-0.359447
1948.750000	-0.321162
1948.833333	-0.490779
1948.916667	-0.064422
1949.000000	-0.282455
1949.083333	-0.449276
1949.166667	-0.618878
1949.250000	-0.557106
1949.333333	-0.677921
1949.416667	-0.598717
1949.500000	-0.518604
1949.583333	-0.731187
1949.666667	-0.249937
1949.750000	-0.175314
1949.833333	-0.053322
1949.916667	0.008404
1950.000000	-0.215389
1950.083333	0.114609
1950.166667	0.223070
1950.250000	-0.054833
1950.333333	-0.267912
1950.416667	0.142569
1950.500000	0.071320
1950.583333	-0.269340
1950.666667	-0.201009
1950.750000	-0.156408
1950.833333	-0.056511
1950.916667	-0.412052
1951.000000	-0.262382
1951.083333	-0.273606
1951.166667	-0.290143
1951.250000	-0.164112
1951.333333	-0.192657
1951.416667	0.103116
1951.500000	-0.150617
1951.583333	-0.117148
1951.666667	-0.160585
1951.750000	-0.032565
1951.833333	0.031351
1951.916667	0.161272
1952.000000	0.198387
1952.083333	0.218330
1952.166667	0.126854
1952.250000	-0.275128
1952.333333	-0.338979
1952.416667	-0.272041
1952.500000	-0.311378
1952.583333	-0.323735
1952.666667	-0.189606
1952.750000	-0.001268
1952.833333	-0.034382
1952.916667	-0.349776
1953.000000	-0.123681
1953.083333	0.075168
1953.166667	0.423368
1953.250000	0.143172
1953.333333	-0.085501
1953.416667	-0.233317
1953.500000	-0.134369
1953.583333	-0.264896
1953.666667	-0.274704
1953.750000	-0.045309
1953.833333	-0.104116
1953.916667	0.157645
1954.000000	0.212582
1954.083333	0.227985
1954.166667	0.166022
1954.250000	-0.044210
1954.333333	0.101324
1954.416667	-0.023320
1954.500000	0.157718
1954.583333	0.095152
1954.666667	-0.151052
1954.750000	-0.155342
1954.833333	-0.234868
1954.916667	-0.346435
1955.000000	0.010128
1955.083333	-0.067138
1955.166667	-0.124573
1955.250000	0.018581
1955.333333	0.092343
1955.416667	0.044883
1955.500000	0.201731
1955.583333	0.361760
1955.666667	0.443733
1955.750000	0.199561
1955.833333	-0.211222
1955.916667	-0.335511
1956.000000	-0.391645
1956.083333	-0.270986
1956.166667	0.171919
1956.250000	0.190890
1956.333333	0.043885
1956.416667	0.147142
1956.500000	0.605337
1956.583333	0.365085
1956.666667	0.090317
1956.750000	0.202663
1956.833333	0.323996
1956.916667	0.290992
1957.000000	0.075246
1957.083333	0.027298
1957.166667	0.036745
1957.250000	-0.088541
1957.333333	-0.056520
1957.416667	0.152517
1957.500000	0.431378
1957.583333	0.254371
1957.666667	0.123710
1957.750000	-0.028040
1957.833333	0.316340
1957.916667	0.443929
1958.000000	0.430789
1958.083333	0.352492
1958.166667	0.386628
1958.250000	0.167164
1958.333333	0.072778
1958.416667	0.207467
1958.500000	0.562873
1958.583333	0.590331
1958.666667	0.451034
1958.750000	0.048303
1958.833333	-0.046742
1958.916667	-0.059746
1959.000000	-0.140643
1959.083333	0.325780
1959.166667	0.318421
1959.250000	-0.086090
1959.333333	0.014652
1959.416667	0.045128
1959.500000	-0.200726
1959.583333	-0.268686
1959.666667	-0.063442
1959.750000	0.161837
1959.833333	0.207856
1959.916667	0.209753
1960.000000	0.419203
1960.083333	-0.219476
1960.166667	0.262708
1960.250000	0.371673
1960.333333	0.271646
1960.416667	0.022947
1960.500000	0.161319
1960.583333	0.122210
1960.666667	0.072771
1960.750000	-0.099968
1960.833333	-0.048096
1960.916667	0.010537
1961.000000	0.037095
1961.083333	0.377814
1961.166667	0.091423
1961.250000	0.199692
1961.333333	0.015541
1961.416667	-0.287681
1961.500000	-0.439414
1961.583333	-0.401379
1961.666667	-0.362611
1961.750000	-0.252452
1961.833333	0.079852
1961.916667	0.251470
1962.000000	0.078226
1962.083333	-0.400811
1962.166667	-0.184440
1962.250000	0.001615
1962.333333	0.106923
1962.416667	0.280210
1962.500000	0.213267
1962.583333	-0.039565
1962.666667	-0.327352
1962.750000	0.168246
1962.833333	-0.014155
1962.916667	-0.112832
1963.000000	-0.199140
1963.083333	-0.487263
1963.166667	-0.381217
1963.250000	-0.388131
1963.333333	-0.088598
1963.416667	-0.128319
1963.500000	-0.407304
1963.583333	-0.489768
1963.666667	-0.518934
1963.750000	-0.612018
1963.833333	-0.415843
1963.916667	0.033118
1964.000000	0.240948
1964.083333	0.155677
1964.166667	-0.041516
1964.250000	-0.027634
1964.333333	0.117160
1964.416667	0.069155
1964.500000	0.125355
1964.583333	0.033243
1964.666667	0.192431
1964.750000	0.141180
1964.833333	-0.354997
1964.916667	-0.427537
1965.000000	-0.418673
1965.083333	-0.129631
1965.166667	-0.583722
1965.250000	-0.287300
1965.333333	-0.391749
1965.416667	-0.363284
1965.500000	-0.598491
1965.583333	-0.396312
1965.666667	-0.379510
1965.750000	-0.489056
1965.833333	-0.283780
1965.916667	-0.062968
1966.000000	0.124398
1966.083333	0.055261
1966.166667	0.192366
1966.250000	0.229194
1966.333333	-0.095483
1966.416667	-0.162385
1966.500000	-0.045513
1966.583333	-0.161707
1966.666667	-0.020598
1966.750000	-0.117624
1966.833333	-0.086105
1966.916667	0.010920
1967.000000	-0.261086
1967.083333	-0.501506
1967.166667	-0.627840
1967.250000	-0.529625
1967.333333	-0.557202
1967.416667	-0.575292
1967.500000	-0.752086
1967.583333	-0.602370
1967.666667	-0.586047
1967.750000	-0.437071
1967.833333	-0.160681
1967.916667	-0.175147
1968.000000	-0.521504
1968.083333	-0.863872
1968.166667	-0.490905
1968.250000	-0.198711
1968.333333	-0.009289
1968.416667	0.363387
1968.500000	0.545542
1968.583333	0.508752
1968.666667	0.394611
1968.750000	0.080413
1968.833333	-0.128201
1968.916667	0.204595
1969.000000	0.018103
1969.083333	-0.023972
1969.166667	0.015429
1969.250000	0.141717
1969.333333	0.064085
1969.416667	0.315178
1969.500000	-0.111598
1969.583333	-0.161025
1969.666667	-0.135942
1969.750000	0.007220
1969.833333	0.137351
1969.916667	0.340025
1970.000000	0.463647
1970.083333	0.095918
1970.166667	0.307437
1970.250000	0.041896
1970.333333	0.127583
1970.416667	0.204433
1970.500000	0.173304
1970.583333	-0.151055
1970.666667	0.055993
1970.750000	0.286269
1970.833333	0.211865
1970.916667	-0.009148
1971.000000	0.032905
1971.083333	-0.200833
1971.166667	-0.456899
1971.250000	-0.201825
1971.333333	-0.287029
1971.416667	-0.193827
1971.500000	-0.165756
1971.583333	0.180524
1971.666667	0.208958
1971.750000	0.152049
1971.833333	-0.130569
1971.916667	-0.385845
1972.000000	-0.223227
1972.083333	0.367956
1972.166667	-0.292294
1972.250000	-0.197715
1972.333333	-0.272426
1972.416667	-0.512604
1972.500000	-0.439841
1972.583333	-0.241672
1972.666667	-0.248011
1972.750000	-0.071465
1972.833333	0.006099
1972.916667	0.416245
1973.000000	0.434666
1973.083333	0.428746
1973.166667	0.203742
1973.250000	0.468635
1973.333333	0.212728
1973.416667	0.437628
1973.500000	0.570019
1973.583333	0.664342
1973.666667	0.595795
1973.750000	0.412025
1973.833333	0.270793
1973.916667	0.021952
1974.000000	-0.508165
1974.083333	-0.598090
1974.166667	-0.545806
1974.250000	-0.112616
1974.333333	-0.027102
1974.416667	-0.140555
1974.500000	0.155383
1974.583333	0.285897
1974.666667	0.682652
1974.750000	0.396101
1974.833333	0.031185
1974.916667	-0.049385
1975.000000	0.018465
1975.083333	0.101835
1975.166667	-0.027682
1975.250000	-0.009880
1975.333333	-0.196282
1975.416667	-0.457994
1975.500000	0.168585
1975.583333	0.349225
1975.666667	0.446468
1975.750000	0.229271
1975.833333	0.066410
1975.916667	-0.435939
1976.000000	-0.456763
1976.083333	-0.231907
1976.166667	-0.256493
1976.250000	-0.378973
1976.333333	-0.426650
1976.416667	-0.585066
1976.500000	-0.653895
1976.583333	-0.368714
1976.666667	-0.173645
1976.750000	-0.163819
1976.833333	0.280497
1976.916667	0.045526
1977.000000	0.242956
1977.083333	0.309169
1977.166667	-0.366957
1977.250000	-0.058401
1977.333333	0.033407
1977.416667	-0.097854
1977.500000	-0.594019
1977.583333	-0.609211
1977.666667	-0.551008
1977.750000	-0.268384
1977.833333	-0.051533
1977.916667	-0.060395
1978.000000	0.447492
1978.083333	0.223728
1978.166667	0.347941
1978.250000	0.036718
1978.333333	0.371387
1978.416667	0.876774
1978.500000	0.869064
1978.583333	0.548928
1978.666667	0.328687
1978.750000	0.162895
1978.833333	0.121179
1978.916667	0.164930
1979.000000	0.396364
1979.083333	0.554266
1979.166667	0.188683
1979.250000	0.338809
1979.333333	0.528817
1979.416667	0.326974
1979.500000	-0.083319
1979.583333	-0.046645
1979.666667	0.229291
1979.750000	0.360568
1979.833333	0.266878
1979.916667	0.043757
1980.000000	0.176793
1980.083333	0.047339
1980.166667	0.365723
1980.250000	0.014228
1980.333333	0.138514
1980.416667	0.294439
1980.500000	0.525997
1980.583333	0.434108
1980.666667	0.199945
1980.750000	0.204507
1980.833333	0.315423
1980.916667	0.470553
1981.000000	0.063939
1981.083333	0.177594
1981.166667	0.241280
1981.250000	0.404181
1981.333333	0.294667
1981.416667	0.181503
1981.500000	0.608479
1981.583333	0.230145
1981.666667	0.441748
1981.750000	0.378538
1981.833333	0.338263
1981.916667	0.063573
1982.000000	0.357676
1982.083333	0.208264
1982.166667	0.221630
1982.250000	0.236569
1982.333333	0.056772
1982.416667	-0.179537
1982.500000	-0.372432
1982.583333	-0.431770
1982.666667	-0.392548
1982.750000	-0.224274
1982.833333	-0.048581
1982.916667	0.672733
1983.000000	0.927580
1983.083333	0.820556
1983.166667	0.621642
1983.250000	0.489374
1983.333333	0.193924
1983.416667	0.243721
1983.500000	0.027244
1983.583333	-0.122460
1983.666667	0.190576
1983.750000	0.469594
1983.833333	0.447480
1983.916667	0.143081
1984.000000	0.509652
1984.083333	0.301255
1984.166667	0.266047
1984.250000	0.274505
1984.333333	0.105578
1984.416667	-0.132458
1984.500000	0.016224
1984.583333	0.088451
1984.666667	0.145599
1984.750000	0.129730
1984.833333	0.284408
1984.916667	0.310295
1985.000000	0.532104
1985.083333	0.854565
1985.166667	0.553487
1985.250000	0.530467
1985.333333	0.415430
1985.416667	0.247070
1985.500000	0.021557
1985.583333	0.028878
1985.666667	0.071042
1985.750000	0.222887
1985.833333	0.365468
1985.916667	0.428242
1986.000000	0.521020
1986.083333	0.318994
1986.166667	0.267284
1986.250000	0.344158
1986.333333	0.268808
1986.416667	0.303559
1986.500000	0.455113
1986.583333	0.106496
1986.666667	0.163347
1986.750000	0.354717
1986.833333	0.339144
1986.916667	0.464758
1987.000000	0.815682
1987.083333	0.234687
1987.166667	0.400061
1987.250000	0.321383
1987.333333	0.382976
1987.416667	0.207124
1987.500000	0.151616
1987.583333	0.045348
1987.666667	-0.056564
1987.750000	0.287500
1987.833333	0.524939
1987.916667	0.424015
1988.000000	0.904342
1988.083333	1.013122
1988.166667	1.014808
1988.250000	0.662866
1988.333333	0.599267
1988.416667	0.305687
1988.500000	0.213402
1988.583333	0.321156
1988.666667	0.517983
1988.750000	0.671042
1988.833333	0.613725
1988.916667	0.041469
1989.000000	0.708896
1989.083333	0.388076
1989.166667	0.326888
1989.250000	0.289492
1989.333333	0.212697
1989.416667	0.386165
1989.500000	0.513883
1989.583333	0.464680
1989.666667	0.491245
1989.750000	0.657405
1989.833333	0.526192
1989.916667	0.430231
1990.000000	0.624067
1990.083333	0.592007
1990.166667	0.451913
1990.250000	0.588152
1990.333333	0.616599
1990.416667	0.336274
1990.500000	0.516779
1990.583333	0.475422
1990.666667	0.098850
1990.750000	0.296964
1990.833333	0.351168
1990.916667	0.320308
1991.000000	0.464455
1991.083333	0.404567
1991.166667	0.370583
1991.250000	0.199988
1991.333333	0.173074
1991.416667	0.004928
1991.500000	0.103503
1991.583333	0.049276
1991.666667	-0.049098
1991.750000	0.153865
1991.833333	0.080311
1991.916667	0.279741
1992.000000	0.552373
1992.083333	0.642098
1992.166667	0.647452
1992.250000	0.644258
1992.333333	0.483676
1992.416667	0.432239
1992.500000	0.141502
1992.583333	0.105370
1992.666667	0.394751
1992.750000	0.279173
1992.833333	-0.004765
1992.916667	0.090598
1993.000000	0.468501
1993.083333	-0.009563
1993.166667	0.474947
1993.250000	0.276849
1993.333333	0.119697
1993.416667	0.124799
1993.500000	-0.014594
1993.583333	0.049904
1993.666667	-0.007482
1993.750000	-0.043286
1993.833333	0.333131
1993.916667	0.326525
1994.000000	0.497978
1994.083333	0.627550
1994.166667	0.333041
1994.250000	0.201944
1994.333333	-0.017584
1994.416667	-0.057248
1994.500000	-0.070512
1994.583333	-0.370473
1994.666667	-0.578087
1994.750000	-0.274466
1994.833333	0.145541
1994.916667	0.338947
1995.000000	0.579199
1995.083333	0.403280
1995.166667	0.253905
1995.250000	0.247383
1995.333333	0.104454
1995.416667	0.201234
1995.500000	0.326767
1995.583333	0.224223
1995.666667	0.266112
1995.750000	0.342626
1995.833333	0.521389
1995.916667	0.221498
1996.000000	0.458822
1996.083333	0.299113
1996.166667	0.375102
1996.250000	0.572607
1996.333333	0.228543
1996.416667	0.345694
1996.500000	0.691763
1996.583333	0.539058
1996.666667	0.557878
1996.750000	0.747119
1996.833333	0.561909
1996.916667	0.417687
1997.000000	0.290047
1997.083333	0.364680
1997.166667	0.416537
1997.250000	0.633669
1997.333333	0.414745
1997.416667	0.515452
1997.500000	0.171870
1997.583333	-0.049171
1997.666667	0.015331
1997.750000	0.261947
1997.833333	0.378668
1997.916667	0.750203
1998.000000	0.796769
1998.083333	0.956028
1998.166667	0.955992
1998.250000	0.890726
1998.333333	0.815689
1998.416667	0.817129
1998.500000	1.216419
1998.583333	0.972079
1998.666667	0.992658
1998.750000	1.028331
1998.833333	0.834208
1998.916667	0.635193
1999.000000	1.038419
1999.083333	0.750727
1999.166667	0.737320
1999.250000	0.569914
1999.333333	0.257195
1999.416667	0.206942
1999.500000	0.281107
1999.583333	0.084966
1999.666667	0.256620
1999.750000	0.610421
1999.833333	0.606804
1999.916667	0.529424
2000.000000	0.749848
2000.083333	0.492000
2000.166667	0.321911
2000.250000	0.629061
2000.333333	0.385961
2000.416667	0.131181
2000.500000	0.293224
2000.583333	0.385452
2000.666667	0.397013
2000.750000	0.646140
2000.833333	0.580202
2000.916667	0.388559
2001.000000	0.850820
2001.083333	0.659883
2001.166667	0.652726
2001.250000	0.609627
2001.333333	0.586014
2001.416667	0.514458
2001.500000	0.492250
2001.583333	0.284006
2001.666667	0.480876
2001.750000	0.825575
2001.833333	0.767487
2001.916667	0.498258
2002.000000	0.750534
2002.083333	0.490669
2002.166667	0.630152
2002.250000	0.891771
2002.333333	0.645494
2002.416667	0.290798
2002.500000	0.244676
2002.583333	0.216783
2002.666667	0.046105
2002.750000	0.435383
2002.833333	0.646722
2002.916667	1.013333
2003.000000	0.958460
2003.083333	0.826428
2003.166667	0.605745
2003.250000	0.747769
2003.333333	0.403558
2003.416667	0.169416
2003.500000	0.218455
2003.583333	0.314516
2003.666667	0.318627
2003.750000	0.709793
2003.833333	0.689332
2003.916667	0.507848
2004.000000	0.667125
2004.083333	0.546614
2004.166667	0.450480
2004.250000	0.640369
2004.333333	0.630237
2004.416667	0.326952
2004.500000	0.175078
2004.583333	-0.031705
2004.666667	0.065469
2004.750000	0.114877
2004.833333	0.432753
2004.916667	0.626648
2005.000000	0.692450
2005.083333	0.873480
2005.166667	0.754930
2005.250000	0.655412
2005.333333	0.547489
2005.416667	0.518007
2005.500000	0.609774
2005.583333	0.469797
2005.666667	0.552201
2005.750000	0.765611
2005.833333	0.669353
2005.916667	0.709769
2006.000000	0.713972
2006.083333	0.718104
2006.166667	0.457232
2006.250000	0.386241
2006.333333	0.364677
2006.416667	0.068602
2006.500000	0.100049
2006.583333	-0.147185
2006.666667	-0.077914
2006.750000	-0.101235
2006.833333	0.412519
2006.916667	0.802319
2007.000000	0.713868
2007.083333	0.598509
2007.166667	0.320679
2007.250000	0.237531
2007.333333	0.259405
2007.416667	0.465789
2007.500000	0.145240
2007.583333	-0.102156
2007.666667	-0.040812
2007.750000	0.128612
2007.833333	0.220794
2007.916667	0.425023
2008.000000	0.449652
2008.083333	0.430801
2008.166667	0.424442
2008.250000	0.369423
2008.333333	-0.024005
2008.416667	-0.118149
2008.500000	-0.027843
2008.583333	0.004785
2008.666667	0.370247
2008.750000	0.590648
2008.833333	0.605519
2008.916667	0.704647
2009.000000	0.629385
2009.083333	0.597198
2009.166667	0.717877
2009.250000	0.709375
2009.333333	0.413598
2009.416667	0.526174
2009.500000	0.535034
2009.583333	0.473053
2009.666667	0.416031
2009.750000	0.359236
2009.833333	0.427263
2009.916667	0.513530
2010.000000	0.730043
2010.083333	0.892375
2010.166667	1.099076
2010.250000	0.968241
2010.333333	0.877951
2010.416667	0.876145
2010.500000	1.094890
2010.583333	1.082519
2010.666667	1.319434
2010.750000	1.125811
2010.833333	0.783165
2010.916667	0.793339
2011.000000	0.547346
2011.083333	0.378457
2011.166667	0.216328
2011.250000	0.077306
2011.333333	0.221069
2011.416667	-0.020517
2011.500000	0.023003
2011.583333	0.019603
2011.666667	-0.011436
2011.750000	0.205750
2011.833333	0.502121
2011.916667	0.565762
2012.000000	0.622165
2012.083333	0.626656
2012.166667	0.520344
2012.250000	0.451037
2012.333333	0.266947
2012.416667	-0.208464
2012.500000	-0.106674
2012.583333	-0.219375
2012.666667	-0.033864
2012.750000	0.366156
2012.833333	0.596825
2012.916667	0.818049
2013.000000	0.816654
2013.083333	0.985970
2013.166667	0.876655
2013.250000	0.987253
2013.333333	0.891962
2013.416667	0.710437
2013.500000	0.847822
2013.583333	0.556157
2013.666667	0.499116
2013.750000	0.714349
2013.833333	0.668666
2013.916667	0.677912
2014.000000	0.633298
2014.083333	0.294782
2014.166667	0.486138
2014.250000	0.856410
2014.333333	1.006731
2014.416667	0.915180
2014.500000	0.728477
2014.583333	0.525157
2014.666667	0.443224
2014.750000	0.488568
2014.833333	0.720607
2014.916667	0.845150
2015.000000	0.835375
2015.083333	0.826833
2015.166667	0.722696
2015.250000	0.649473
2015.333333	0.381268
2015.416667	0.336253
2015.500000	0.330331
2015.583333	0.137881
2015.666667	0.124925
2015.750000	0.101334
2015.833333	0.512161
2015.916667	0.929134
2016.000000	1.235910
2016.083333	1.109177
2016.166667	1.221820
2016.250000	1.044560
2016.333333	1.056564
2016.416667	1.041606
2016.500000	0.969121
2016.583333	0.756189
2016.666667	0.973217
2016.750000	1.135643
2016.833333	0.913229
2016.916667	0.790342
2017.000000	0.906435
2017.083333	0.643972
2017.166667	0.646444
2017.250000	0.423176
2017.333333	0.472767
2017.416667	0.435780
2017.500000	0.510872
2017.583333	0.511447
2017.666667	0.628122
2017.750000	0.785222
2017.833333	0.818783
2017.916667	0.584329
2018.000000	0.771065
2018.083333	0.459485
2018.166667	0.602211
2018.250000	0.630512
2018.333333	0.371395
2018.416667	0.110832
2018.500000	0.114322
2018.583333	0.026371
2018.666667	-0.026700
2018.750000	0.421982
2018.833333	0.579375
2018.916667	0.664796
2019.000000	0.694234
2019.083333	0.525405
2019.166667	0.689938
2019.250000	0.535161
2019.333333	0.384175
2019.416667	0.121978
2019.500000	0.132042
2019.583333	-0.094803
2019.666667	-0.154001
2019.750000	0.294857
2019.833333	0.396688
2019.916667	0.885544
2020.000000	0.961925
2020.083333	0.827009
2020.166667	0.849159
2020.250000	0.751203
2020.333333	0.543808
2020.416667	0.560048
2020.500000	0.612023
2020.583333	0.658138
2020.666667	0.724770
2020.750000	0.728318
2020.833333	0.678656
2020.916667	0.658003
2021.000000	0.777859
2021.083333	0.628815
2021.166667	0.724885
2021.250000	0.770360
2021.333333	0.678644
2021.416667	0.681250
2021.500000	0.857666
2021.583333	0.885372
2021.666667	0.674471
2021.750000	0.815780
2021.833333	0.948942
2021.916667	0.934618
2022.000000	1.092229
2022.083333	1.013263
2022.166667	1.051008
2022.250000	0.946570
2022.333333	0.911151
2022.416667	1.020281
2022.500000	0.918983
2022.583333	0.766143
2022.666667	0.980084
2022.750000	0.947539
2022.833333	0.885158
2022.916667	0.827881
2023.000000	0.733319
