1880.000000	-21.53571232
1880.083333	-23.27442605
1880.166667	-25.62862391
1880.250000	-12.75215207
1880.333333	-6.10654898
1880.416667	2.23126227
1880.500000	16.26128170
1880.583333	29.98350929
1880.666667	30.55179121
1880.750000	39.65843515
1880.833333	34.61113340
1880.916667	38.79450137
1881.000000	35.36238520
1881.083333	38.77632334
1881.166667	40.49785428
1881.250000	43.21928569
1881.333333	41.17138681
1881.416667	38.81569610
1881.500000	27.61375201
1881.583333	15.18093918
1881.666667	6.13264221
1881.750000	5.23809186
1881.833333	-0.81040416
1881.916667	4.98715414
1882.000000	10.55384369
1882.083333	12.96658757
1882.166667	11.84077038
1882.250000	20.02254597
1882.333333	27.05037589
1882.416667	27.69349090
1882.500000	35.02881408
1882.583333	47.59480697
1882.666667	52.62223879
1882.750000	55.88034033
1882.833333	53.52295772
1882.916667	51.31932175
1883.000000	50.57712471
1883.083333	44.29636661
1883.166667	52.63089361
1883.250000	49.88839800
1883.333333	43.29964903
1883.416667	24.55695438
1883.500000	9.19877559
1883.583333	5.45588189
1883.666667	4.02058098
1883.750000	10.96979593
1883.833333	6.76506520
1883.916667	-1.67053428
1884.000000	-1.79854098
1884.083333	-1.38818566
1884.166667	2.02207013
1884.250000	-6.72161975
1884.333333	-7.15771685
1884.416667	-11.28622116
1884.500000	0.43132885
1884.583333	14.91801010
1884.666667	4.71228415
1884.750000	1.50645866
1884.833333	-0.77638942
1884.916667	0.24835528
1885.000000	-0.03469185
1885.083333	-0.08706927
1885.166667	0.93737687
1885.250000	6.96172348
1885.333333	17.21673979
1885.416667	14.70242582
1885.500000	16.49570463
1885.583333	4.98119161
1885.666667	-3.07188248
1885.750000	0.64417469
1885.833333	4.20628617
1885.916667	-0.00093263
1886.000000	5.94559519
1886.083333	13.58433119
1886.166667	15.37681381
1886.250000	26.47688922
1886.333333	24.96148049
1886.416667	27.98443378
1886.500000	31.39190293
1886.583333	21.26081101
1886.666667	22.36038881
1886.750000	12.53679016
1886.833333	4.94386121
1886.916667	-5.41839803
1887.000000	-10.62691063
1887.083333	-12.14321507
1887.166667	-13.58269595
1887.250000	-18.40689174
1887.333333	-21.69272552
1887.416667	-27.67096651
1887.500000	-46.88007625
1887.583333	-56.78159321
1887.666667	-50.83705585
1887.750000	-51.12338724
1887.833333	-50.10212585
1887.916667	-44.08096398
1888.000000	-36.29067086
1888.083333	-32.88509265
1888.166667	-37.63346012
1888.250000	-35.92038865
1888.333333	-21.74587824
1888.416667	-22.18685197
1888.500000	-32.01254061
1888.583333	-34.22294415
1888.666667	-29.81806261
1888.750000	-33.33635750
1888.833333	-27.39321346
1888.916667	-26.29632279
1889.000000	-28.50722395
1889.083333	-33.41053233
1889.166667	-38.08317100
1889.250000	-25.52513996
1889.333333	-30.50566998
1889.416667	-47.33245337
1889.500000	-55.31318244
1889.583333	-49.67862642
1889.666667	-43.19801607
1889.750000	-39.48673602
1889.833333	-34.08324779
1889.916667	-42.98755140
1890.000000	-44.43041607
1890.083333	-45.64261103
1890.166667	-49.47029013
1890.250000	-51.37499183
1890.333333	-60.58748536
1890.416667	-56.18469379
1890.500000	-60.32046329
1890.583333	-80.07171693
1890.666667	-77.43845471
1890.750000	-77.26683047
1890.833333	-77.01838268
1890.916667	-81.00080364
1891.000000	-76.13717028
1891.083333	-70.88902105
1891.166667	-68.64097135
1891.250000	-50.16225194
1891.333333	-35.83747821
1891.416667	-32.12818862
1891.500000	-32.95746009
1891.583333	-19.32529262
1891.666667	-4.07784006
1891.750000	-6.90741009
1891.833333	-6.81400273
1891.916667	-10.18223336
1892.000000	-11.08902504
1892.083333	-9.45745471
1892.166667	-13.51829159
1892.250000	-4.42538185
1892.333333	-11.48641778
1892.416667	-17.23986092
1892.500000	-22.76263436
1892.583333	-16.20858425
1892.666667	-24.27001827
1892.750000	-22.87001335
1892.833333	-17.00856950
1892.916667	-15.30107132
1893.000000	-12.97828805
1893.083333	-10.50175815
1893.166667	-6.64071239
1893.250000	2.06638769
1893.333333	-8.14968867
1893.416667	-15.28894148
1893.500000	-16.65906304
1893.583333	-25.49082259
1893.666667	-37.01498935
1893.750000	-28.38540948
1893.833333	-32.83285221
1893.916667	-40.43424062
1894.000000	-38.88188240
1894.083333	-40.48346985
1894.166667	-43.31592606
1894.250000	-39.53309717
1894.333333	-37.28882935
1894.416667	-34.89081490
1894.500000	-28.41597689
1894.583333	-31.24893071
1894.666667	-22.00506098
1894.750000	-17.99206001
1894.833333	-30.59454317
1894.916667	-30.58174124
1895.000000	-23.95365422
1895.083333	-22.78720518
1895.166667	-20.62085566
1895.250000	-10.22383644
1895.333333	-2.90383982
1895.416667	0.18528805
1895.500000	-6.26414514
1895.583333	-17.71367786
1895.666667	-20.54792548
1895.750000	-31.92073417
1895.833333	-41.44748853
1895.916667	-34.12818857
1896.000000	-32.80898813
1896.083333	-40.33604107
1896.166667	-38.63242429
1896.250000	-31.54429165
1896.333333	-41.76395085
1896.416667	-48.82986341
1896.500000	-56.58818319
1896.583333	-53.88506402
1896.666667	-43.72050593
1896.750000	-38.40220120
1896.833333	-27.00707291
1896.916667	-16.30435184
1897.000000	-13.52480722
1897.083333	-5.20690059
1897.166667	-0.42755501
1897.250000	-3.03292434
1897.333333	-6.94608550
1897.416667	2.06373073
1897.500000	-10.54193717
1897.583333	-18.99385844
1897.666667	-19.67664846
1897.750000	-25.28261493
1897.833333	-24.19637324
1897.916667	-27.49484644
1898.000000	-36.48572687
1898.083333	-43.63055297
1898.166667	-50.77547860
1898.250000	-38.61281144
1898.333333	-31.60408995
1898.416667	-34.67239107
1898.500000	-34.35617632
1898.583333	-18.96313803
1898.666667	-17.95481464
1898.750000	-16.10043692
1898.833333	-17.09231258
1898.916667	-20.77659545
1899.000000	-20.46097784
1899.083333	-10.60699822
1899.166667	-3.21465658
1899.250000	3.94681630
1899.333333	-4.89181034
1899.416667	-4.88438266
1899.500000	-6.26166988
1899.583333	-0.48521048
1899.666667	-11.86269675
1899.750000	-13.31720562
1899.833333	-11.23335248
1899.916667	-10.14959885
1900.000000	-9.98902168
1900.083333	-6.13623634
1900.166667	-10.74508898
1900.250000	-12.89250268
1900.333333	-10.34770821
1900.416667	-8.64916711
1900.500000	-15.10457169
1900.583333	-20.71392195
1900.666667	-36.78491019
1900.750000	-34.08676718
1900.833333	-32.61949293
1900.916667	-37.30616436
1901.000000	-39.76216607
1901.083333	-43.52595962
1901.166667	-36.21292962
1901.250000	-31.20769144
1901.333333	-33.35639894
1901.416667	-34.65905212
1901.500000	-46.88488175
1901.583333	-47.41850321
1901.666667	-43.72145495
1901.750000	-42.17835238
1901.833333	-54.32765702
1901.916667	-48.32321503
1902.000000	-47.70348795
1902.083333	-43.93001424
1902.166667	-37.84894774
1902.250000	-40.07567307
1902.333333	-30.91788254
1902.416667	-30.29865308
1902.500000	-30.37183083
1902.583333	-25.82972348
1902.666667	-24.67233105
1902.750000	-24.28426890
1902.833333	-20.74246013
1902.916667	-11.58536626
1903.000000	-13.81298730
1903.083333	-7.34840018
1903.166667	-4.80698949
1903.250000	10.04201397
1903.333333	6.19861022
1903.416667	9.20126080
1903.500000	11.58842723
1903.583333	18.12934030
1903.666667	22.74707692
1903.750000	15.28779094
1903.833333	14.75148236
1903.916667	9.75353579
1904.000000	10.21702817
1904.083333	7.60349794
1904.166667	5.68217589
1904.250000	1.91460046
1904.333333	-13.62230526
1904.416667	-11.39007973
1904.500000	-32.38872296
1904.583333	-48.38746571
1904.666667	-59.15553875
1904.750000	-57.61601901
1904.833333	-59.23044494
1904.916667	-53.84497040
1905.000000	-54.53651845
1905.083333	-50.45893527
1905.166667	-45.99683621
1905.250000	-48.53483669
1905.333333	-35.22678284
1905.416667	-37.14959774
1905.500000	-37.53405063
1905.583333	-34.68783381
1905.666667	-25.61094728
1905.750000	-35.45723720
1905.833333	-35.53439587
1905.916667	-34.45780792
1906.000000	-40.53516563
1906.083333	-39.45877672
1906.166667	-48.45941041
1906.250000	-42.69091285
1906.333333	-34.69174559
1906.416667	-50.61575477
1906.500000	-63.53986347
1906.583333	-75.54099478
1906.666667	-82.08068714
1906.750000	-72.62047903
1906.833333	-58.00652429
1906.916667	-58.43113061
1907.000000	-56.66352876
1907.083333	-59.20371874
1907.166667	-61.82093132
1907.250000	-45.05362804
1907.333333	-44.67103966
1907.416667	-36.44239697
1907.500000	-33.44462303
1907.583333	-30.67771784
1907.666667	-21.75706602
1907.750000	-17.60574449
1907.833333	-23.91606095
1907.916667	-32.22647693
1908.000000	-34.88314628
1908.083333	-30.03991516
1908.166667	-23.42755278
1908.250000	-13.58452070
1908.333333	-18.97235738
1908.416667	-18.51413973
1908.500000	-37.97909852
1908.583333	-40.05954146
1908.666667	-14.60162238
1908.750000	-13.91303359
1908.833333	-8.76300586
1908.916667	-8.84384689
1909.000000	-11.61709513
1909.083333	-12.69813521
1909.166667	-15.16389019
1909.250000	-7.09128315
1909.333333	-11.63416026
1909.416667	-6.33098304
1909.500000	-10.87405919
1909.583333	2.65968821
1909.666667	-1.19127929
1909.750000	-13.73465401
1909.833333	-10.27812826
1909.916667	-8.66785587
1910.000000	-5.05768300
1910.083333	0.78315957
1910.166667	0.54697954
1910.250000	9.92608461
1910.333333	16.22816707
1910.416667	36.53015001
1910.500000	18.21664881
1910.583333	9.97997117
1910.666667	-0.71834446
1910.750000	6.58324039
1910.833333	5.80780264
1910.916667	3.57072690
1911.000000	0.48739780
1911.083333	2.25012302
1911.166667	3.70505641
1911.250000	17.54450565
1911.333333	21.30693230
1911.416667	23.99233635
1911.500000	15.83148703
1911.583333	48.90130742
1911.666667	64.66333597
1911.750000	56.19449578
1911.833333	52.49478683
1911.916667	58.02574758
1912.000000	60.01814728
1912.083333	72.16429360
1912.166667	75.46418656
1912.250000	82.30244153
1912.333333	74.37136621
1912.416667	72.97865290
1912.500000	72.73968623
1912.583333	65.19292772
1912.666667	45.10760816
1912.750000	41.63757368
1912.833333	58.78282430
1912.916667	63.85105232
1913.000000	60.68841158
1913.083333	61.44874825
1913.166667	62.82437000
1913.250000	78.96912300
1913.333333	87.03685341
1913.416667	87.25833044
1913.500000	80.78740026
1913.583333	85.00867824
1913.666667	93.07601055
1913.750000	91.68170488
1913.833333	87.82576122
1913.916667	86.04664111
1914.000000	90.34434456
1914.083333	91.25733310
1914.166667	91.86252981
1914.250000	88.00608853
1914.333333	78.76493235
1914.416667	87.60059972
1914.500000	86.20539834
1914.583333	91.65625128
1914.666667	89.18392777
1914.750000	77.71150474
1914.833333	80.85436681
1914.916667	80.76636012
1916.000000	75.15167808
1916.083333	75.83150883
1916.166667	75.20354775
1916.250000	81.72933331
1916.333333	93.87040396
1916.416667	102.24214431
1916.500000	87.53686207
1916.583333	87.29301876
1916.666667	81.51061439
1916.750000	59.65118743
1916.833333	61.79166093
1916.916667	55.47049646
1917.000000	53.38000169
1917.083333	60.82786894
1917.166667	54.73717512
1917.250000	60.18484332
1917.333333	46.40164277
1917.416667	20.69526577
1917.500000	6.60417387
1917.583333	-8.41009449
1917.666667	-9.96292390
1917.750000	-11.20816053
1917.833333	-9.06888130
1917.916667	-16.23739390
1918.000000	-13.86754448
1918.083333	-14.72856382
1918.166667	-11.74352884
1918.250000	-9.29705491
1918.333333	-9.23529590
1918.416667	2.36482514
1918.500000	17.58023126
1918.583333	21.02630709
1918.666667	27.39536032
1918.750000	21.99508326
1918.833333	17.21009129
1918.916667	11.50192288
1919.000000	9.63980879
1919.083333	4.31605671
1919.166667	7.45374357
1919.250000	-4.79328447
1919.333333	-2.57887358
1919.416667	-9.90302375
1919.500000	-21.22727344
1919.583333	-33.39777650
1919.666667	-40.64530216
1919.750000	-32.96985043
1919.833333	-26.29449821
1919.916667	-20.85001475
1920.000000	-11.02101542
1920.083333	-7.96134639
1920.166667	-7.20946919
1920.250000	4.23461618
1920.333333	16.60167895
1920.416667	20.35325758
1920.500000	25.48935207
1920.583333	25.77919319
1920.666667	27.22278095
1920.750000	18.89703841
1920.833333	7.57119635
1920.916667	1.16833168
1921.000000	-3.61924788
1921.083333	-7.94538852
1921.166667	-6.88701328
1921.250000	-1.90566065
1921.333333	-10.23209985
1921.416667	-23.32786935
1921.500000	-29.42373836
1921.583333	-31.59662998
1921.666667	-26.00039035
1921.750000	-20.01963486
1921.833333	-21.80820966
1921.916667	-25.67380706
1922.000000	-22.84719629
1922.083333	-23.78991581
1922.166667	-21.07888870
1922.250000	-14.02180727
1922.333333	-20.65713306
1922.416667	-21.06178913
1922.500000	-31.46654474
1922.583333	-26.02524601
1922.666667	-32.58404681
1922.750000	-29.60448560
1922.833333	-35.85579314
1922.916667	-42.49181558
1923.000000	-41.12793755
1923.083333	-43.37954366
1923.166667	-45.16971083
1923.250000	-39.15228522
1923.333333	-40.55803605
1923.416667	-39.50234794
1923.500000	-39.67752859
1923.583333	-28.00665491
1923.666667	-27.64357307
1923.750000	-24.51135997
1923.833333	-26.22540025
1923.916667	-24.93954005
1924.000000	-9.88454861
1924.083333	-4.67581053
1924.166667	6.45590494
1924.250000	22.74136705
1924.333333	24.48826810
1924.416667	30.61968500
1924.500000	37.52023316
1924.583333	42.26683563
1924.666667	33.85949243
1924.750000	24.60589586
1924.833333	29.50604592
1924.916667	21.71378877
1925.000000	25.38297055
1925.083333	24.74436050
1925.166667	22.41334324
1925.250000	23.92838030
1925.333333	21.36639476
1925.416667	28.88123277
1925.500000	29.39597127
1925.583333	38.06445639
1925.666667	24.34822660
1925.750000	38.63189729
1925.833333	41.60777615
1925.916667	39.19894011
1926.000000	42.32846607
1926.083333	40.84250790
1926.166667	39.81798867
1926.250000	49.33183145
1926.333333	61.53788241
1926.416667	45.43614153
1926.500000	32.41122420
1926.583333	22.30928428
1926.666667	16.97647560
1926.750000	17.72049047
1926.833333	13.46440583
1926.916667	13.28514473
1927.000000	14.95193796
1927.083333	22.00324705
1927.166667	27.28522585
1927.250000	32.25941282
1927.333333	34.07965411
1927.416667	29.51518049
1927.500000	41.48906889
1927.583333	38.15516546
1927.666667	51.28270096
1927.750000	54.87167541
1927.833333	61.38362725
1927.916667	67.81855650
1928.000000	63.48415545
1928.083333	63.14965488
1928.166667	58.35351632
1928.250000	60.48035517
1928.333333	61.53017141
1928.416667	48.96450352
1928.500000	27.86027456
1928.583333	23.60209993
1928.666667	15.26690269
1928.750000	-4.37608637
1928.833333	-19.48071342
1928.916667	-28.27774768
1929.000000	-37.53641993
1929.083333	-40.56442247
1929.166667	-47.59252453
1929.250000	-47.08226458
1929.333333	-43.80287339
1929.416667	-36.13896633
1929.500000	-22.85977417
1929.583333	-17.88837385
1929.666667	-15.53245767
1929.750000	-1.79202563
1929.833333	3.25599920
1929.916667	6.38084758
1930.000000	14.81328875
1930.083333	21.47639962
1930.166667	33.90864174
1930.250000	45.64847665
1930.333333	55.15744280
1930.416667	53.74323251
1930.500000	43.63661500
1930.583333	29.45297489
1930.666667	37.80769679
1930.750000	38.62385763
1930.833333	38.74761126
1930.916667	42.17895767
1931.000000	48.30251226
1931.083333	50.57981347
1931.166667	45.31855362
1931.250000	39.59565579
1931.333333	45.64188920
1931.416667	27.76494617
1931.500000	20.19559592
1931.583333	8.16460768
1931.666667	13.82582762
1931.750000	8.56387111
1931.833333	7.53258430
1931.916667	3.03965952
1932.000000	3.62355828
1932.083333	-0.40802709
1932.166667	1.02182648
1932.250000	13.99004206
1932.333333	18.03508119
1932.416667	12.23386696
1932.500000	20.74024551
1932.583333	19.47729377
1932.666667	34.06039635
1932.750000	28.25878402
1932.833333	27.84168756
1932.916667	28.11679926
1933.000000	25.00719606
1933.083333	20.05133949
1933.166667	22.78769109
1933.250000	23.98548162
1933.333333	19.10624956
1933.416667	12.22691797
1933.500000	-2.11405161
1933.583333	-22.68588993
1933.666667	-22.18090470
1933.750000	-21.75294208
1933.833333	-23.09430974
1933.916667	-27.74346924
1934.000000	-32.23888210
1934.083333	-30.42670218
1934.166667	-24.76846794
1934.250000	-29.95648707
1934.333333	-35.91383649
1934.416667	-22.25590081
1934.500000	-32.05960313
1934.583333	-26.86340496
1934.666667	-15.43653709
1934.750000	-15.70207643
1934.833333	-25.96771529
1934.916667	-16.92576137
1935.000000	-18.26852236
1935.083333	-16.53445980
1935.166667	-11.49280445
1935.250000	-10.91278708
1935.333333	5.89789999
1935.416667	16.17002600
1935.500000	20.74974480
1935.583333	55.48321022
1935.666667	68.75503767
1935.750000	80.18061174
1935.833333	78.75993244
1935.916667	83.49299978
1936.000000	85.53365990
1936.083333	86.57422049
1936.166667	88.23006618
1936.250000	82.19350465
1936.333333	81.46453591
1936.416667	64.65854457
1936.500000	66.46783832
1936.583333	55.81549408
1936.666667	45.39381956
1936.750000	38.58743012
1936.833333	34.39632578
1936.916667	31.82050653
1937.000000	29.32151083
1937.083333	44.05318484
1937.166667	48.86168241
1937.250000	43.82392660
1937.333333	45.09376358
1937.416667	37.90196258
1937.500000	39.47929282
1939.000000	28.00806487
1939.083333	12.89119648
1939.166667	0.38961319
1939.250000	3.58023806
1939.333333	9.15537879
1939.416667	15.57657385
1939.500000	22.84382323
1939.583333	10.80328078
1939.666667	15.91648496
1939.750000	21.72189730
1939.833333	23.37336398
1939.916667	27.10165420
1940.000000	28.75292183
1940.083333	19.55793608
1940.166667	21.59362005
1940.250000	33.16766603
1940.333333	36.58776633
1940.416667	26.46930557
1940.500000	31.58151452
1940.583333	39.15516241
1940.666667	41.95948000
1940.750000	38.76369807
1940.833333	38.18320124
1940.916667	38.67952795
1941.000000	43.40652438
1941.083333	46.05649820
1941.166667	50.01406481
1941.250000	49.58691652
1941.333333	49.15966869
1941.416667	30.34770597
1941.500000	31.76641294
1941.583333	16.26194348
1941.666667	8.14198987
1941.750000	0.32962905
1941.833333	3.82486101
1941.916667	2.93537807
1942.000000	0.50733406
1942.083333	-1.61311716
1942.166667	2.95863979
1942.250000	16.68414337
1942.333333	22.87108589
1942.416667	25.98100580
1942.500000	50.78313389
1942.583333	49.66208553
1942.666667	58.84862996
1942.750000	53.34276717
1942.833333	51.45218947
1942.916667	45.48458917
1943.000000	49.90150473
1943.083333	58.47216693
1943.166667	62.50426806
1943.250000	67.07473121
1943.333333	59.02971022
1943.416667	54.06151278
1943.500000	37.93936966
1943.583333	15.81712703
1943.666667	15.07940025
1943.750000	15.41849703
1943.833333	11.37287890
1943.916667	5.48100740
1944.000000	-3.02634823
1944.083333	-0.61072647
1944.166667	-9.42597346
1944.250000	-14.08747382
1953.000000	-43.17578077
1953.083333	-47.77090750
1953.166667	-48.13536453
1953.250000	-44.65376723
1953.333333	-39.86457714
1953.416667	-25.84471735
1953.500000	-34.05572632
1953.583333	-27.26683480
1953.666667	-14.40111973
1953.750000	-17.92011957
1953.833333	-28.43921894
1953.916667	-27.18918705
1954.000000	-28.17002392
1954.083333	-22.92019109
1954.166667	-20.51661162
1954.250000	-17.57467014
1954.333333	-4.24821279
1954.416667	-1.61416266
1954.500000	2.40440333
1954.583333	22.73056211
1954.666667	21.90277520
1954.750000	7.76719647
1954.833333	22.78536437
1954.916667	29.41881736
1955.000000	30.59063237
1955.083333	31.53157862
1955.166667	31.70319458
1955.250000	36.25932640
1955.333333	41.43074331
1955.416667	35.83282994
1955.500000	37.61943242
1955.583333	14.48285845
1955.666667	0.50003112
1955.750000	-7.32904958
1955.833333	-12.92746057
1955.916667	-25.60289417
1956.000000	-29.35535036
1956.083333	-27.95405993
1956.166667	-22.39902286
1956.250000	-27.07485454
1956.333333	-35.67386268
1956.416667	-40.27297033
1956.500000	-53.94910059
1956.583333	-46.93302268
1956.666667	-29.14781352
1956.750000	-37.82424234
1956.833333	-33.50077069
1956.916667	-24.71586010
1957.000000	-17.16181826
1957.083333	-17.83864518
1957.166667	-19.28480239
1957.250000	-25.50028989
1957.333333	-18.56203076
1957.416667	-6.54694808
1957.500000	-6.91658031
1957.583333	2.32907256
1957.666667	-6.11768179
1957.750000	-22.10299720
1957.833333	-16.39610444
1957.916667	-12.22777274
1958.000000	-8.90569441
1958.083333	-1.35294638
1958.166667	11.35354829
1958.250000	12.29071266
1958.333333	9.76623905
1958.416667	20.70320438
1958.500000	21.33237788
1958.583333	11.42299031
1958.666667	14.20581092
1958.750000	14.52699354
1958.833333	19.07884587
1958.916667	19.32290637
1959.000000	15.48994426
1959.083333	11.42611341
1959.166667	6.05449072
1959.250000	2.60584543
1959.333333	8.31094678
1959.416667	24.16979475
1959.500000	9.25931243
1959.583333	10.04103828
1959.666667	31.20727999
1959.750000	24.52726834
1959.833333	21.38561870
1959.916667	23.55156184
1960.000000	30.02509777
1960.083333	38.11391879
1960.166667	45.89494798
1960.250000	65.06049303
1960.333333	79.99516932
1960.416667	82.16051533
1960.500000	76.71037720
1960.583333	79.10629338
1960.666667	60.80980236
1960.750000	54.20551950
1960.833333	55.21652174
1960.916667	49.68896291
1961.000000	49.54591995
1961.083333	45.47970053
1961.166667	47.10568929
1961.250000	55.73157853
1961.333333	44.97275286
1961.416667	38.36767381
1961.500000	37.91634140
1961.583333	20.92644793
1961.666667	22.32107032
1961.750000	26.86943934
1961.833333	15.26386268
1961.916667	8.19664804
1962.000000	14.05241080
1962.083333	15.29268942
1962.166667	18.84056082
1962.250000	12.77294809
1962.333333	5.93600506
1962.416667	-4.59334518
1962.500000	-21.58433341
1962.583333	-25.26772885
1962.666667	-13.56660843
1962.750000	-16.48097215
1962.833333	-19.78005078
1962.916667	-15.23307508
1963.000000	-12.68619891
1963.083333	-14.60096072
1963.166667	-16.51582205
1963.250000	-19.27693676
1963.333333	3.96184901
1963.416667	7.58515065
1963.500000	6.05450661
1963.583333	8.29299381
1963.666667	8.14676611
1963.750000	1.69274657
1963.833333	-3.14598787
1963.916667	0.24594739
1964.000000	-9.20837071
1964.083333	-12.35509603
1964.166667	-13.42499779
1964.250000	-12.41807601
1964.333333	-15.33433066
1964.416667	-42.63530023
1964.500000	-53.09021547
1964.583333	-59.23753793
1964.666667	-57.69265222
1964.750000	-67.45555834
1964.833333	-63.91087167
1964.916667	-61.98166915
1965.000000	-58.36025845
1965.083333	-50.96971651
1965.166667	-38.11773563
1965.250000	-24.88123889
1965.333333	-6.64484167
1965.416667	8.97607141
1965.500000	27.67380804
1965.583333	58.75606054
1965.666667	67.22282890
1965.750000	74.53565158
1965.833333	78.15606704
1965.916667	82.93022914
1966.000000	82.85813786
1966.083333	84.17056245
1966.166667	91.02134905
1966.250000	101.41049767
1966.333333	93.56877754
1966.416667	78.03465019
1966.500000	66.96196177
1966.583333	56.42763538
1966.666667	22.81628638
1966.750000	18.58945324
1966.833333	17.90098212
1966.916667	14.90471917
1967.000000	8.06220285
1967.083333	11.37343316
1967.166667	13.53071780
1967.250000	18.91867214
1967.333333	10.22960388
1967.416667	4.30966687
1967.500000	0.08193802
1967.583333	8.08487889
1967.666667	2.31848946
1967.750000	8.85969281
1967.833333	15.55464280
1967.916667	7.17257019
1968.000000	9.71347498
1968.083333	10.40812639
1968.166667	16.02575521
1968.250000	19.95097681
1968.333333	27.18379120
1968.416667	34.26265991
1968.500000	50.95681371
1968.583333	61.42009876
1968.666667	59.19097660
1968.750000	56.88483183
1968.833333	59.96320292
1968.916667	62.11839757
1969.000000	56.04272347
1969.083333	55.35156522
1969.166667	58.58338438
1969.250000	54.58433478
1969.333333	58.89287797
1969.416667	41.35516779
1969.500000	42.74043500
1969.583333	33.66406424
1969.666667	22.97220933
1969.750000	11.43410106
1969.833333	9.66512403
1969.916667	3.04989363
1970.000000	-5.95005168
1970.083333	-2.02701958
1970.166667	-0.02716393
1970.250000	-5.10433089
1970.333333	0.20301802
1970.416667	-16.25896336
1970.500000	-5.79796734
1970.583333	-28.64476316
1970.666667	-36.72242772
1970.750000	-32.56942258
1970.833333	-28.41651697
1970.916667	-24.10986472
1971.000000	-25.88023507
1971.083333	-18.57378187
1971.166667	-19.95973588
1971.250000	-21.26886634
1971.333333	-20.80886556
1971.416667	-36.57973352
1971.500000	-28.35070101
1971.583333	-31.81407572
1971.666667	-21.96985764
1971.750000	-21.74112370
1971.833333	-24.82018159
1971.916667	-26.36087747
1972.000000	-31.44013441
1972.083333	-36.36564471
1972.166667	-42.21433146
1972.250000	-35.90927159
1972.333333	-31.98892662
1972.416667	-20.22252732
1972.500000	-15.76391986
1972.583333	-26.76695038
1972.666667	-46.53931119
1972.750000	-59.54254076
1972.833333	-55.85356216
1972.916667	-60.24160616
1973.000000	-60.01436507
1973.083333	-57.17183888
1973.166667	-48.25248914
1973.250000	-44.64093123
1973.333333	-50.10639592
1973.416667	-52.34119091
1973.500000	-53.57608541
1973.583333	-44.88800252
1973.666667	-40.12309607
1973.750000	-30.28136607
1973.833333	-20.67050483
1973.916667	-22.36743541
1974.000000	-20.06446552
1974.083333	-21.37697976
1974.166667	-13.84343968
1974.250000	-20.07922990
1974.333333	-13.77665810
1974.416667	-15.70495505
1974.500000	-13.24873614
1974.583333	-21.94646291
1974.666667	-29.56736612
1974.750000	-37.41913809
1974.833333	-42.34793266
1974.916667	-48.58451906
1975.000000	-51.51351268
1975.083333	-49.36568274
1975.166667	-46.75641386
1975.250000	-54.37801374
1975.333333	-50.30740544
1975.416667	-65.69843513
1975.500000	-70.78187204
1975.583333	-79.32694693
1975.666667	-84.17981366
1975.750000	-93.64816452
1975.833333	-92.03969182
1975.916667	-92.50824173
1976.000000	-94.66919885
1976.083333	-93.98410165
1976.166667	-86.52987321
1976.250000	-66.53728275
1976.333333	-61.08325335
1976.416667	-51.24470808
1976.500000	-34.63703158
1976.583333	-9.56791613
1976.666667	4.57802287
1976.750000	6.87770850
1976.833333	11.86960230
1976.916667	15.24601196
1977.000000	18.31462979
1977.083333	23.61391733
1977.166667	18.99002842
1977.250000	18.90450153
1977.333333	-0.10420181
1977.416667	3.73314918
1977.500000	-8.35267628
1977.583333	-6.90013973
1977.666667	-20.67847193
1977.750000	-31.30305750
1977.833333	-31.46620413
1977.916667	-28.78329644
1978.000000	-29.33125750
1978.083333	-30.26393347
1978.166667	-34.81209358
1978.250000	-35.12958398
1978.333333	-45.67794313
1978.416667	-26.22640181
1978.500000	-26.54419078
1978.583333	-15.55438696
1978.666667	-21.33391344
1978.750000	-23.49815483
1978.833333	-24.58557266
1978.916667	-26.51924386
1979.000000	-32.06839920
1979.083333	-31.61765406
1979.166667	-32.55162383
1979.250000	-17.40877004
1979.333333	-11.80447732
1979.416667	-2.58489951
1979.500000	-21.82695968
1979.583333	-28.91527321
1979.666667	-37.69599397
1979.750000	-48.63066040
1979.833333	-50.71927251
1979.916667	-44.88490722
1980.000000	-42.05064145
1980.083333	-35.29339828
1980.166667	-31.61317771
1980.250000	-17.93305667
1980.333333	-25.86841976
1980.416667	-32.72695930
1980.500000	-51.04713682
1980.583333	-59.82895233
1980.666667	-50.45702121
1980.750000	-54.08518961
1980.833333	-39.02114984
1980.916667	-39.95720960
1981.000000	-46.58567657
1981.083333	-50.90655075
1981.166667	-50.22752446
1981.250000	-39.70244385
1981.333333	-46.17746276
1981.416667	-27.57565811
1981.500000	-9.05087607
1981.583333	9.93534492
1981.666667	8.15223561
1981.750000	-7.16943476
1981.833333	-7.41428158
1981.916667	-15.27461253
1982.000000	-14.90427378
1982.083333	-13.30326532
1982.166667	-3.93312561
1982.250000	6.74460688
1982.333333	6.49916292
1982.416667	0.86900406
1982.500000	-23.14586971
1982.583333	-33.39161224
1982.666667	-41.56053121
1982.750000	-26.03724201
1982.833333	-9.89866772
1982.916667	-7.45250064
1983.000000	-8.31412540
1983.083333	-9.94508045
1983.166667	-4.57613502
1983.250000	-5.13036603
1983.333333	-6.30008119
1983.416667	-11.70066510
1983.500000	-1.87057930
1983.583333	-0.57905456
1983.666667	-1.36455243
1983.750000	-1.68861135
1983.833333	-6.16661595
1983.916667	-17.02933546
1984.000000	-21.66138527
1984.083333	-27.67814997
1984.166667	-22.31039882
1984.250000	-20.55813181
1984.333333	-6.19057970
1984.416667	-10.13081943
1984.500000	-8.45577406
1984.583333	-8.16544360
1984.666667	-3.79828959
1984.750000	-1.96969664
1984.833333	3.01264295
1984.916667	0.53334454
1985.000000	-0.02297646
1985.083333	7.34367994
1985.166667	11.17177528
1985.250000	7.61515570
1985.333333	7.21228276
1985.416667	-2.19068970
1985.500000	-3.43991553
1985.583333	-7.76616397
1985.666667	-16.32328115
1985.750000	-17.80357479
1985.833333	-20.66858333
1985.916667	-24.91830677
1986.000000	-29.70659128
1986.083333	-30.41805224
1986.166667	-33.43730503
1986.250000	-26.84127272
1986.333333	-23.93764763
1986.416667	-25.18796822
1986.500000	-37.89992679
1986.583333	-41.38121566
1986.666667	-46.24721943
1986.750000	-44.72870734
1986.833333	-46.90260246
1986.916667	-45.15352019
1987.000000	-44.25069128
1987.083333	-37.73257729
1987.166667	-31.82994743
1987.250000	-11.46587863
1987.333333	-9.17883243
1987.416667	2.18503732
1987.500000	12.16419216
1987.583333	19.29709363
1987.666667	15.50681866
1987.750000	17.94721340
1987.833333	24.61827784
1987.916667	28.90462738
1988.000000	32.49856970
1988.083333	33.16933557
1988.166667	30.53230961
1988.250000	37.43364567
1988.333333	25.10411298
1988.416667	16.38986537
1988.500000	0.21397979
1988.583333	-10.11585148
1988.666667	-11.67655150
1988.750000	-6.16042796
1988.833333	-6.10594241
1988.916667	-12.20540254
1989.000000	-18.45880834
1989.083333	-21.63539059
1989.166667	-21.27361082
1989.250000	-16.91193058
1989.333333	-13.47342678
1989.416667	0.50343903
1989.500000	11.32635916
1989.583333	27.14917978
1989.666667	15.04882394
1989.750000	8.48683012
1989.833333	4.77089063
1989.916667	6.20869776
1990.000000	5.49255922
1990.083333	8.62247500
1990.166667	7.36767587
1990.250000	20.11277723
1990.333333	23.31931751
1990.416667	7.60268136
1990.500000	-13.03713125
1990.583333	-22.98473568
1990.666667	-32.93243964
1990.750000	-29.80332004
1990.833333	-38.59737689
1990.916667	-37.16076403
1991.000000	-37.57040455
1991.083333	-40.21091381
1991.166667	-34.46690722
1991.250000	-28.26146168
1991.333333	-34.90226952
1991.416667	-47.00471533
1991.500000	-53.87649145
1991.583333	-62.90221323
1991.666667	-70.08188070
1991.750000	-76.72318615
1991.833333	-77.05689882
1991.916667	-64.08301870
1992.000000	-66.95539195
1992.083333	-62.75094164
1992.166667	-54.62351394
1992.250000	-52.34233960
1992.333333	-50.44588018
1992.416667	-48.78028951
1992.500000	-38.26864451
1992.583333	-38.83402211
1992.666667	-36.78411463
1992.750000	-24.04199897
1992.833333	-16.68459822
1992.916667	-12.01960468
1993.000000	-14.43163375
1993.083333	-16.99760849
1993.166667	-12.94829814
1993.250000	-7.43754886
1993.333333	-9.84997601
1993.416667	-11.80096423
1993.500000	-17.44435967
1993.583333	-15.01093155
1993.666667	-10.65452603
1993.750000	-9.22129696
1993.833333	-6.40355203
1993.916667	-13.12436815
1994.000000	-13.99912996
1994.083333	-7.18168359
1994.166667	4.71258633
1994.250000	4.60675672
1994.333333	4.03928913
1994.416667	10.01018356
1994.500000	12.05790154
1994.583333	19.64398153
1994.666667	10.46073124
1994.750000	9.35430449
1994.833333	12.78623976
1994.916667	0.29499859
1995.000000	4.72673482
1995.083333	3.31221767
1995.166667	5.12837024
1995.250000	6.02134636
1995.333333	9.99114603
1995.416667	12.57623079
1995.500000	25.08429296
1995.583333	18.74610175
1995.666667	12.48473410
1995.750000	12.60788231
1995.833333	21.19246946
1995.916667	16.16157247
1996.000000	18.36134519
1996.083333	15.33024915
1996.166667	17.68366898
1996.250000	16.03698928
1996.333333	13.85174852
1996.416667	5.82025439
1996.500000	-3.90364695
1996.583333	-27.01226320
1996.666667	-36.12097898
1996.750000	-46.76825581
1996.833333	-41.03101679
1996.916667	-34.90926190
1997.000000	-33.86452961
1997.083333	-28.05066608
1997.166667	-26.23690207
1997.250000	-17.50016066
1997.333333	0.62109661
1997.416667	5.81917744
1997.500000	8.63254335
1997.583333	3.06119436
1997.666667	-2.58717723
1997.750000	16.76435166
1997.833333	22.65424256
1997.916667	19.69788009
1998.000000	9.97218734
1998.083333	10.55408736
1998.166667	15.75127248
1998.250000	21.25605038
1998.333333	15.99149799
1998.416667	-4.81161546
1998.500000	-10.15328998
1998.583333	-27.41814094
1998.666667	-24.76001450
1998.750000	-19.02506450
1998.833333	-30.05944480
1998.916667	-30.63238616
1999.000000	-34.74388858
1999.083333	-29.08625976
1999.166667	-13.27488430
1999.250000	-10.07899298
1999.333333	-13.96012427
1999.416667	-11.22597046
1999.500000	-17.87653155
1999.583333	-25.60411525
1999.666667	-24.56256771
1999.750000	-13.75188891
1999.833333	-11.40284810
1999.916667	-15.97698374
2000.000000	-14.16660351
2000.083333	-14.51016897
2000.166667	-15.00768010
2000.250000	-19.81298306
2000.333333	-9.15684708
2000.416667	16.11457399
2000.500000	32.00128016
2000.583333	41.11865603
2000.666667	60.92824007
2000.750000	68.19926304
2000.833333	54.39326342
2000.916667	47.20254889
2001.000000	51.01173484
2001.083333	51.43620588
2001.166667	54.39903893
2001.250000	62.66946477
2001.333333	52.17056032
2001.416667	28.21001788
2001.500000	6.55706823
2001.583333	-9.55751941
2001.666667	-12.97989887
2001.750000	-31.24853171
2001.833333	-28.05572561
2001.916667	-28.17071134
2002.000000	-27.43964275
2002.083333	-30.17021214
2002.166667	-29.13165028
2002.250000	-19.17011103
2002.333333	-12.51636361
2002.416667	6.98343814
2002.500000	14.56006344
2002.583333	10.36735845
2002.666667	8.17455394
2002.750000	13.59703451
2002.833333	14.55787711
2002.916667	13.67246633
2003.000000	16.94080219
2003.083333	20.28596159
2003.166667	22.78486763
2003.250000	28.28367415
2003.333333	27.93622730
2003.416667	12.43483477
2003.500000	3.85641964
2003.583333	-2.18363348
2003.666667	-4.53147843
2003.750000	-5.34096136
2003.833333	-9.76592842
2003.916667	-11.88330271
2004.000000	-15.38539190
2004.083333	-7.57988831
2004.166667	-6.23602270
2004.250000	12.72312800
2004.333333	2.68217918
2004.416667	-9.12809994
2004.500000	-20.93847858
2004.583333	-38.90280289
2004.666667	-40.79030365
2004.750000	-39.60098086
2004.833333	-44.41175759
2004.916667	-46.68417231
2005.000000	-46.41822501
2005.083333	-48.53699261
2005.166667	-56.42509051
2005.250000	-50.31328794
2005.333333	-63.81696950
2005.416667	-61.01305827
2005.500000	-65.74770811
2005.583333	-62.32861132
2005.666667	-49.37115251
2005.750000	-51.18302400
2005.833333	-52.37961039
2005.916667	-54.26860400
2006.000000	-55.38846636
2006.083333	-56.35458209
2006.166667	-46.32079734
2006.250000	-29.44095828
2006.333333	-23.48429565
2006.416667	-25.14311717
2006.500000	-23.80203821
2006.583333	-6.84567415
2006.666667	-5.42787116
2006.750000	-13.01016769
2006.833333	-6.74640990
2006.916667	0.97878683
2007.000000	9.31926865
2007.083333	11.96734326
2007.166667	11.07685681
2007.250000	5.57088621
2007.333333	-13.31979929
2007.416667	-26.51827662
2007.500000	-23.71685347
2007.583333	-23.53091447
2007.666667	-31.96045960
2007.750000	-25.62087348
2007.833333	-14.35830997
2007.916667	-16.71123059
2008.000000	-20.67963535
2008.083333	-21.80198579
2008.166667	-18.46289729
2008.250000	-11.73929293
2008.333333	-9.32348040
2008.416667	-8.21545970
2008.500000	-1.18446160
2008.583333	-5.92279380
2008.666667	-10.35353321
2008.750000	-12.16898752
2008.833333	-19.67684905
2008.916667	-22.64634857
2009.000000	-18.84671684
2009.083333	-21.73949233
2009.166667	-28.70929041
2009.250000	-26.83303417
2009.333333	-13.34149285
2009.416667	-1.15774335
2009.500000	4.48744509
2009.583333	11.13253401
2009.666667	12.46983109
2009.750000	13.88395173
2009.833333	11.29797284
2009.916667	14.40420212
2010.000000	10.58725496
2010.083333	7.30866981
2010.166667	10.41460053
2010.250000	24.44350864
2010.333333	34.01077877
2010.416667	23.50102630
2010.500000	9.68348200
2010.583333	8.71199202
2010.666667	-9.02882825
2010.750000	-14.15436343
2010.833333	-15.43384428
2010.916667	-14.02111697
2011.000000	-14.68541226
2011.083333	-13.11903783
2011.166667	-10.78353217
2011.250000	-10.52504910
2011.333333	-11.49743479
2011.416667	-24.23915076
2011.500000	-36.75019703
2011.583333	-56.03057360
2011.666667	-72.31104968
2011.750000	-61.28393299
2011.833333	-58.33383889
2011.916667	-51.38384431
2012.000000	-49.20318003
2012.083333	-42.48415373
2012.166667	-41.07291926
2012.250000	-30.81563047
2012.333333	-22.25074890
2012.416667	-24.07058223
2012.500000	-20.27513047
2012.583333	-17.78747054
2012.666667	9.93085909
2012.750000	24.26447382
2012.833333	17.13645057
2012.916667	12.93140471
2013.000000	8.34164395
2013.083333	6.67486058
2013.166667	1.54643924
2013.250000	12.26407221
2013.333333	-2.78762511
2013.416667	-7.45480656
2013.500000	3.33945092
2013.583333	16.97976272
2013.666667	20.77382116
2013.750000	15.26008777
2013.833333	14.05394716
2013.916667	14.61693779
2014.000000	18.33367506
2014.083333	21.05031280
2014.166667	25.45915872
2014.250000	35.94482818
2014.333333	45.66116736
2014.416667	47.91586855
2014.500000	41.63200868
2014.583333	19.11728005
2014.666667	-8.85908656
2014.750000	-13.22016808
2014.833333	-17.58134912
2014.916667	-23.09647584
2015.000000	-22.45785592
2015.083333	-19.28087400
2015.166667	-18.33476082
2015.250000	-14.69643948
2015.333333	-19.98129458
2015.416667	-31.80471075
2015.500000	-16.16668797
2015.583333	-10.37491857
2015.666667	-7.73709484
2015.750000	4.90062937
2015.833333	12.84594636
2015.916667	14.09885613
2016.000000	17.27474330
2016.083333	15.06591557
2016.166667	13.16468062
2016.250000	13.10950000
2016.333333	11.97729677
2016.416667	4.92191710
2016.500000	-9.51817748
2016.583333	-20.88144851
2016.666667	-27.70635752
2016.750000	-32.06982759
2016.833333	-32.12570488
2016.916667	-33.56629707
2017.000000	-33.16083495
2017.083333	-30.90931850
2017.166667	-25.88867080
2017.250000	-25.25273801
2017.333333	-26.77075090
2017.416667	-31.44270946
2017.500000	-23.88399832
2017.583333	-23.55615593
2017.666667	-10.30533614
2017.750000	-2.97769280
2017.833333	3.11908179
2017.916667	-1.01501238
2018.000000	-2.99535991
2018.083333	-5.97580697
2018.166667	-8.18712278
2018.250000	-10.09084580
2018.333333	2.00533165
2018.416667	8.17833265
2018.500000	2.96661875
2018.583333	-3.39904083
2018.666667	-1.38018455
2018.750000	-12.13065856
2018.833333	-19.57353979
2018.916667	-15.70882823
2019.000000	-12.76729312
2019.083333	-10.90278061
2019.166667	-8.65375224
2019.250000	5.13363815
2019.333333	23.69015979
2019.416667	25.09273574
2019.500000	23.95675064
2019.583333	35.43605063
2019.666667	38.37678956
2019.750000	45.70204434
2019.833333	39.41181499
2019.916667	48.12148612
2020.000000	43.98490388
2020.083333	47.69437596
2020.166667	47.17297929
2020.250000	56.18994463
2020.333333	52.59142583
2020.416667	50.45434597
2020.500000	42.39408967
2020.583333	49.71834923
2020.666667	39.27327849
2020.750000	35.44349285
2020.833333	35.61360768
2020.916667	36.32208453
2021.000000	31.49200032
2021.083333	33.04643197
2021.166667	31.36999487
2021.250000	37.69345824
2021.333333	29.40143747
2021.416667	28.64777872
2021.500000	7.04786660
2021.583333	-1.62906812
2021.666667	-16.15225621
2021.750000	-12.29092843
2021.833333	-12.73739249
2021.916667	-15.10703300
2022.000000	-18.93831149
2022.083333	-22.61584334
2022.166667	-17.44732088
2022.250000	-12.20197486
2022.333333	-0.34134375
2022.416667	13.05764938
2022.500000	13.37961990
2022.583333	9.39379860
2022.666667	21.71557008
2022.750000	26.34493434
2022.833333	21.97419908
2022.916667	29.14182584
2023.000000	31.69396846
2023.083333	39.24601155
2023.166667	49.25949359
2023.250000	63.96518379
2023.333333	73.20923601
2023.416667	64.99165024
2023.500000	59.08165726
2023.583333	64.09464168
2023.666667	86.72291119
2023.750000	86.42800425
2023.833333	90.36376702
2023.916667	95.68404566
2024.000000	94.23499400
2024.083333	92.09353513
2024.166667	94.72120750
2024.250000	98.11801111
2024.333333	91.36086906
2024.416667	87.21901209
2024.500000	91.61551714
2024.583333	89.08884574
2024.666667	86.56207482
2024.750000	80.34289668
2024.833333	72.66208056
2024.916667	67.67347261
2025.000000	73.69117539
2025.083333	79.02462947
2025.166667	85.86859008
2025.250000	89.83770369
2025.333333	84.97894001
2025.416667	76.79467997
