1807.000000	10.42857073
1807.083333	22.62891394
1807.166667	26.57122223
1807.250000	29.13287653
1807.333333	37.69039200
1807.416667	27.24477874
1807.500000	17.10442836
1807.583333	0.60500520
1807.666667	-9.74067024
1807.750000	-18.85567487
1807.833333	-22.58616255
1807.916667	-39.00905634
1808.000000	-42.20127933
1808.083333	-47.62436998
1808.166667	-55.66294367
1808.250000	-62.62469271
1808.333333	-65.12500171
1808.416667	-76.24079376
1808.500000	-56.89514577
1808.583333	-40.47267313
1808.666667	-32.28106814
1808.750000	-33.70494620
1808.833333	-24.82123038
1808.916667	-20.86068991
1809.000000	-13.05409402
1809.083333	-5.86298117
1809.166667	5.09726403
1809.250000	6.51894926
1809.333333	7.70976683
1809.416667	10.13125520
1809.500000	5.24495284
1809.583333	-14.33375564
1809.666667	-15.29717792
1809.750000	-4.87608326
1809.833333	11.00645145
1809.916667	10.50427234
1810.000000	10.38661019
1810.083333	12.65346500
1810.166667	7.76637523
1810.250000	3.87918703
1810.333333	16.83805426
1810.416667	8.25836151
1810.500000	0.52472419
1810.583333	20.94483459
1810.666667	22.13407734
1810.750000	24.86168320
1810.833333	34.97380602
1810.916667	33.93198425
1811.000000	33.65929483
1811.083333	31.92496852
1811.166667	33.80592840
1811.250000	48.91755909
1811.333333	36.95216827
1811.416667	23.21744825
1811.500000	31.25186058
1811.583333	40.59386679
1811.666667	24.08962073
1811.750000	27.81604547
1811.833333	20.69621793
1811.916667	11.96090736
1812.000000	6.99472913
1812.083333	12.18229863
1812.166667	13.52361585
1812.250000	25.78791157
1812.333333	18.82133963
1812.416667	30.47005388
1812.500000	21.34943894
1812.583333	21.99795634
1812.666667	-1.04593238
1812.750000	-7.55145799
1812.833333	-4.05708202
1812.916667	-11.33203525
1813.000000	-10.22247153
1813.083333	-14.49762161
1813.166667	-14.61902397
1813.250000	0.10562910
1813.333333	-8.47750857
1813.416667	-8.98382159
1813.500000	-4.10561766
1813.583333	-5.68905061
1813.666667	-7.11873583
1813.750000	9.14378821
1813.833333	16.56005998
1813.916667	8.28392564
1814.000000	10.31538517
1814.083333	3.34674628
1814.166667	11.53185511
1814.250000	16.94763475
1814.333333	5.82485442
1814.416667	9.00966797
1814.500000	-2.03638613
1814.583333	-14.08253866
1814.666667	-3.59032808
1814.750000	-10.86744669
1814.833333	-15.52927911
1814.916667	-13.65274843
1815.000000	-14.08400847
1815.083333	-14.89998233
1815.166667	-5.63913154
1815.250000	4.85239006
1815.333333	0.49765938
1815.416667	-2.78024664
1815.500000	-12.98132802
1815.583333	-11.95173859
1815.666667	-12.92224759
1815.750000	-11.81593193
1815.833333	-5.94048394
1815.916667	-9.06513437
1816.000000	-4.49757553
1816.083333	3.76219257
1816.166667	11.09878532
1816.250000	17.12758734
1816.333333	14.23321400
1816.416667	18.49258840
1816.500000	22.13647975
1816.583333	9.47258037
1816.666667	4.65473641
1816.750000	-7.93243675
1816.833333	-9.21201602
1816.916667	-7.03015526
1817.000000	3.22853014
1817.083333	5.17942482
1817.166667	10.82252876
1817.250000	14.69630351
1817.333333	11.33921059
1817.416667	10.13586541
1817.500000	3.77857564
1817.583333	1.88272591
1817.666667	12.52523930
1817.750000	27.09073118
1817.833333	44.80997078
1817.916667	42.22141965
1818.000000	41.24815471
1818.083333	39.19786827
1818.166667	35.83979109
1818.250000	38.02007703
1818.333333	40.27718761
1818.416667	31.76496900
1818.500000	30.17572889
1818.583333	32.04792881
1818.666667	19.84310723
1818.750000	23.86895645
1818.833333	17.27932263
1818.916667	10.61266731
1819.000000	8.63822125
1819.083333	3.27906138
1819.166667	4.91980309
1819.250000	7.40660021
1819.333333	5.04714506
1819.416667	0.68759149
1819.500000	3.78947795
1819.583333	-5.49334940
1819.666667	-18.46858287
1819.750000	-16.98237630
1819.833333	-20.57319124
1819.916667	-31.31795076
1820.000000	-31.60127024
1820.083333	-27.11545738
1820.166667	-24.24512757
1820.250000	-16.99028079
1820.333333	-17.12014783
1820.416667	-20.78857483
1820.500000	-19.61094641
1820.583333	-29.89495488
1820.666667	-22.71752331
1820.750000	-12.46326709
1820.833333	-11.82449392
1820.916667	-17.10889609
1821.000000	-6.54724285
1821.083333	-3.52414957
1821.166667	-1.80884702
1821.250000	7.21404941
1821.333333	11.46761664
1821.416667	29.64416237
1821.500000	17.43599428
1821.583333	3.84311239
1821.666667	5.01936284
1821.750000	-0.95833130
1821.833333	-3.47458539
1821.916667	1.31675439
1822.000000	10.56953421
1822.083333	12.59144637
1822.166667	21.76710626
1822.250000	38.78882157
1822.333333	46.73351538
1822.416667	30.75503383
1822.500000	17.62260771
1822.583333	37.87469854
1822.666667	36.35746018
1822.750000	39.14781570
1822.833333	39.32268818
1822.916667	38.80515453
1823.000000	41.28752247
1823.083333	40.92363813
1823.166667	37.71350151
1823.250000	39.81095878
1823.333333	19.44677916
1823.416667	8.15942419
1823.500000	2.48735541
1823.583333	-4.64635026
1823.666667	-24.85707743
1823.750000	-32.68328765
1823.833333	-30.43267321
1823.916667	-27.41292643
1824.000000	-26.23943192
1824.083333	-27.68142046
1824.166667	-24.58504588
1824.250000	-8.71953896
1824.333333	-9.23874586
1824.416667	-5.52728194
1824.500000	-16.89283954
1824.583333	-19.64311094
1824.666667	-28.77809615
1824.750000	-23.45164133
1824.833333	-7.66374647
1824.916667	-7.41441158
1825.000000	-12.54979050
1825.083333	-8.45449862
1825.166667	1.71761792
1825.250000	-1.87959474
1825.333333	-16.24613660
1825.416667	-12.92046919
1825.500000	-18.05643867
1825.583333	-7.57712196
1825.666667	2.05594248
1825.750000	-5.31109151
1825.833333	-7.52437777
1825.916667	-16.96853169
1826.000000	-16.64355326
1826.083333	-10.54944250
1826.166667	-4.45543016
1826.250000	-9.51536240
1826.333333	-12.49846999
1826.416667	-16.78936831
1826.500000	-39.84959583
1826.583333	-47.75607562
1826.666667	-53.35496153
1826.750000	-58.87702279
1826.833333	-48.47610556
1826.916667	-46.61374829
1827.000000	-44.05918175
1827.083333	-45.58163672
1827.166667	-48.41188242
1827.250000	-43.70376501
1827.333333	-46.61113064
1827.416667	-40.67244085
1827.500000	-30.88769564
1827.583333	-18.64151040
1827.666667	-13.62619281
1827.750000	-9.14943519
1827.833333	1.32722401
1827.916667	2.03455401
1828.000000	13.20332404
1828.083333	22.98738026
1828.166667	35.15595344
1828.250000	39.32442820
1828.333333	37.49280453
1828.416667	40.27646704
1828.500000	35.82926190
1828.583333	23.92041987
1828.666667	27.54994096
1828.750000	43.94859438
1828.833333	39.57791862
1828.916667	31.82252903
1829.000000	37.83627180
1829.083333	29.15760844
1829.166667	31.63269281
1829.250000	18.33844799
1829.333333	14.81333550
1829.416667	1.74966306
1829.500000	-10.31410782
1829.583333	-17.99336173
1829.666667	-23.82656023
1829.750000	-29.19831869
1829.833333	-41.57017558
1829.916667	-37.55751551
1830.000000	-33.08341540
1830.083333	-34.37864449
1830.166667	-30.28935662
1830.250000	-40.04632103
1830.333333	-24.34184540
1830.416667	-17.48362204
1830.500000	-7.54857403
1830.583333	0.00176017
1830.666667	6.85968825
1830.750000	26.25597944
1830.833333	32.26755682
1830.916667	33.74057423
1831.000000	34.52118552
1831.083333	36.07092916
1831.166667	35.69749745
1831.250000	44.86242885
1831.333333	50.02726183
1831.416667	47.65353483
1831.500000	41.04894019
1831.583333	29.44424711
1831.666667	17.91637869
1831.750000	11.15764261
1831.833333	-1.37042267
1831.916667	-7.20627868
1832.000000	-10.42684851
1832.083333	-8.41674752
1832.166667	-11.48366805
1832.250000	-14.55068699
1832.333333	-23.38703514
1832.416667	-28.37732786
1832.500000	-42.90618055
1832.583333	-37.28128551
1832.666667	-36.57956583
1832.750000	-27.33948302
1832.833333	-27.63796019
1832.916667	-24.62884347
1833.000000	-28.92751749
1833.083333	-26.68782840
1833.166667	-27.60208388
1833.250000	-16.82413010
1833.333333	-13.50781321
1833.416667	-14.19159475
1833.500000	-2.95239778
1833.583333	-6.48253002
1833.666667	-22.32045299
1833.750000	-26.38924361
1833.833333	-24.22736343
1833.916667	-21.21942783
1834.000000	-21.51928297
1834.083333	-14.05000576
1834.166667	-10.73467314
1834.250000	-10.95790047
1834.333333	-14.79661085
1834.416667	-26.71234274
1834.500000	-34.39740382
1834.583333	-52.00564025
1834.666667	-56.15243664
1834.750000	-58.91471607
1834.833333	-56.67709394
1834.916667	-62.90110869
1835.000000	-63.12522186
1835.083333	-63.27251039
1835.166667	-56.49682042
1835.250000	-48.64430580
1835.333333	-39.48419730
1835.416667	-47.47803338
1835.500000	-27.08735250
1835.583333	-21.23523158
1835.666667	-7.38320909
1835.750000	11.93025343
1835.833333	23.62823291
1835.916667	30.71072935
1846.000000	38.19708173
1846.083333	41.19064706
1846.166667	44.10719089
1846.250000	42.10055936
1846.333333	38.09382941
1846.416667	31.39469334
1846.500000	34.96468962
1846.583333	22.03458746
1846.666667	21.56592535
1846.750000	15.17408788
1846.833333	10.39753660
1846.916667	8.77473305
1847.000000	2.38260030
1847.083333	-4.62501549
1847.166667	-9.94042201
1847.250000	-5.64054234
1847.333333	-12.18691495
1847.416667	-12.81030906
1847.500000	-18.35687852
1847.583333	-17.09585410
1847.666667	-15.79646657
1847.750000	-13.26640823
1847.833333	-15.73644832
1847.916667	-10.28350991
1848.000000	-8.75374685
1848.083333	-1.60869761
1848.166667	7.84394552
1848.250000	27.75802869
1848.333333	26.44124419
1848.416667	37.58589973
1848.500000	34.65353377
1848.583333	28.41337707
1848.666667	19.71158349
1848.750000	24.00969148
1848.833333	23.07693181
1848.916667	27.06715064
1849.000000	19.44188642
1849.083333	19.97036994
1849.166667	23.42183195
1849.250000	32.64242630
1849.333333	28.63215299
1849.416667	29.62178126
1849.500000	15.45746495
1849.583333	6.98535791
1849.666667	8.89776782
1849.750000	24.19469469
1849.833333	22.56844621
1849.916667	18.63440700
1850.000000	18.23873090
1850.083333	13.68911021
1850.166667	12.98554495
1850.250000	7.28188126
1850.333333	-2.88341931
1850.416667	-11.12574139
1850.500000	-7.36816190
1850.583333	-7.91837314
1850.666667	-3.08406742
1850.750000	4.90398602
1850.833333	-12.03113588
1850.916667	-19.50481775
1851.000000	-18.67090574
1851.083333	-22.06786138
1851.166667	-21.69568469
1851.250000	-16.09283719
1851.333333	-18.79778042
1851.416667	-26.57974515
1851.500000	-17.43873139
1851.583333	-38.91320068
1851.666667	-43.08007608
1851.750000	-44.70858837
1851.833333	-47.64489139
1851.916667	-30.11975438
1852.000000	-26.67163887
1852.083333	-18.83900640
1852.166667	-10.00647236
1852.250000	4.44134787
1852.333333	23.19676198
1852.416667	44.79823151
1852.500000	65.01498723
1852.583333	59.00087529
1852.666667	70.06358801
1852.750000	73.97235614
1852.833333	75.80410277
1852.916667	77.17421251
1853.000000	67.62114690
1853.083333	68.60644440
1853.166667	59.20702809
1853.250000	69.49982105
1853.333333	66.10020789
1853.416667	51.23895784
1853.500000	41.68530167
1853.583333	13.82385477
1853.666667	-2.57615210
1853.750000	-9.20702662
1853.833333	-8.37646111
1853.916667	-9.77676326
1854.000000	-10.48485614
1854.083333	-16.19304745
1854.166667	-18.82441411
1854.250000	-10.30203304
1854.333333	-22.62590424
1854.416667	-37.64218156
1854.500000	-53.73548038
1854.583333	-54.75195456
1854.666667	-37.76852716
1854.750000	-34.86212126
1854.833333	-28.49427533
1854.916667	-34.04960475
1855.000000	-32.37426336
1855.083333	-33.46825117
1855.166667	-29.87002972
1855.250000	-15.34882977
1855.333333	-17.75080516
1855.416667	-13.53749437
1855.500000	12.36802569
1855.583333	19.35037039
1855.666667	10.94800129
1855.750000	12.93014914
1855.833333	24.75835242
1855.916667	20.12491881
1856.000000	23.26061753
1856.083333	27.39621784
1856.166667	37.30095048
1856.250000	44.35943086
1856.333333	34.57165896
1856.416667	40.47609632
1856.500000	34.14966603
1856.583333	14.90006039
1856.666667	17.03497171
1856.750000	19.09286152
1856.833333	12.45834521
1856.916667	17.90065356
1857.000000	22.95824809
1857.083333	30.86189805
1857.166667	30.84237265
1857.250000	21.28428729
1857.333333	28.80302658
1860.416667	41.15795570
1860.500000	31.28833940
1860.583333	40.95708621
1860.666667	39.93342690
1860.750000	30.37120762
1860.833333	21.19350531
1860.916667	20.47724303
1861.000000	17.29934386
1861.083333	16.58288472
1861.166667	13.40478870
1861.250000	17.22659425
1861.333333	30.12522446
1861.416667	23.94683316
1861.500000	12.30680497
1861.583333	14.05129373
1861.666667	15.64183792
1861.750000	16.92459138
1861.833333	25.59186179
1861.916667	32.33595685
1862.000000	34.69533810
1862.083333	29.59308247
1862.166667	29.33688225
1862.250000	33.23442976
1862.333333	25.97803269
1862.416667	14.18307566
1862.500000	13.54186635
1862.583333	0.82363554
1862.666667	-2.27930908
1862.750000	-19.61312136
1862.833333	-22.02395514
1862.916667	-26.35796428
1863.000000	-31.99976414
1863.083333	-34.18012397
1863.166667	-26.43750531
1863.250000	-28.77190815
1863.333333	-35.41410172
1863.416667	-40.97947064
1863.500000	-44.54493799
1863.583333	-53.11050377
1864.166667	-43.76452782
1864.250000	-29.79241947
1864.333333	-13.20502493
1864.416667	-7.38695959
1864.500000	4.35408425
1864.583333	13.24887582
1864.666667	8.06664589
1864.750000	-3.03875940
1864.833333	6.62496766
1864.916667	1.51936552
1865.000000	5.25981881
1865.083333	10.30786597
1865.166667	8.97119932
1865.250000	24.86520348
1865.333333	23.68218613
1865.416667	13.49907036
1865.500000	14.70047154
1865.583333	8.67100507
1865.666667	12.56451709
1865.750000	22.07331531
1865.833333	26.58201509
1865.916667	22.62907799
1866.000000	27.44527323
1866.083333	29.49213928
1866.166667	36.84659920
1866.250000	43.58557609
1866.333333	28.47830070
1866.416667	19.44784996
1866.500000	31.87883926
1866.583333	26.23280705
1866.666667	35.58667642
1866.750000	27.24813967
1866.833333	30.29411988
1866.916667	25.03230935
1867.000000	25.23193886
1867.083333	25.39300840
1867.166667	20.13090259
1867.250000	10.94562144
1867.333333	5.14485724
1867.416667	-1.19446692
1867.500000	-4.38004336
1867.583333	-29.56571822
1867.666667	-38.82841459
1867.750000	-56.16813246
1867.833333	-59.12333337
1867.916667	-74.54017117
1868.000000	-75.80326124
1868.083333	-79.68183435
1868.166667	-67.75281359
1868.250000	-61.17004509
1868.333333	-59.04891349
1868.416667	-34.38941877
1868.500000	-21.88386863
1868.583333	-15.30149384
1868.666667	-9.33460209
1868.750000	-1.59857800
1868.833333	8.59888612
1868.916667	6.64240566
1869.000000	10.53198063
1869.083333	7.57530332
1869.166667	14.08006605
1869.250000	0.73857650
1869.333333	-7.75685763
1869.416667	-4.17546710
1869.500000	-25.67109808
1869.583333	-30.62836595
1869.666667	-42.27803994
1869.750000	-46.31242774
1869.833333	-49.73152934
1869.916667	-67.07380630
1870.000000	-67.72387399
1870.083333	-68.75865550
1870.166667	-65.40892004
1870.250000	-64.98235994
1870.333333	-55.86359057
1870.416667	-47.51415039
1870.500000	-55.85711634
1870.583333	-60.66171917
1870.666667	-67.85103581
1870.750000	-61.96352781
1870.833333	-58.15304130
1870.916667	-55.26573015
1871.000000	-44.60928665
1871.083333	-41.18371081
1871.166667	-26.52746417
1871.250000	-14.25593133
1871.333333	-15.59988154
1871.416667	-28.25162249
1871.500000	-21.36500032
1871.583333	-8.78616888
1871.666667	-2.05358972
1871.750000	1.75581409
1871.833333	-1.74257283
1871.916667	0.45124951
1872.000000	4.87574266
1872.083333	6.30013738
1872.166667	10.80135676
1872.250000	8.99478539
1872.333333	12.80350022
1872.416667	25.22750124
1872.500000	49.11294229
1872.583333	34.69059260
1872.666667	30.80660603
1872.750000	24.15329027
1872.833333	22.96141453
1872.916667	25.23097884
1873.000000	28.42352164
1873.083333	27.69288909
1873.166667	26.88523503
1873.250000	29.30825178
1873.333333	29.34655472
1873.416667	11.46168231
1873.500000	-7.57713468
1873.583333	-26.07758856
1873.666667	-33.50121778
1873.750000	-42.30956082
1873.833333	-43.19492537
1873.916667	-48.61884987
1874.000000	-52.27364204
1874.083333	-56.23622494
1874.166667	-53.42967549
1874.250000	-47.54630140
1874.333333	-49.58610266
1874.416667	-55.70292541
1874.500000	-42.12753891
1874.583333	-39.09071236
1874.666667	-43.74629194
1874.750000	-35.86350841
1874.833333	-36.75005407
1874.916667	-34.25208277
1875.000000	-30.98497913
1875.083333	-28.79489699
1875.166667	-22.37414405
1875.250000	-14.95348954
1875.333333	-9.76370268
1875.416667	-12.18939886
1875.500000	-19.30750117
1875.583333	-22.27185574
1875.666667	-17.77477028
1875.750000	-13.27778325
1875.833333	-16.47320234
1875.916667	-16.89948908
1876.000000	-19.24895117
1876.083333	-15.82928093
1876.166667	-10.02509372
1876.250000	-0.14408186
1876.333333	5.12144696
1876.416667	25.54072350
1876.500000	42.80605546
1876.583333	47.30205823
1876.666667	44.72103950
1876.750000	48.90915310
1876.833333	53.78947597
1876.916667	64.66970042
1877.000000	70.93444183
1877.083333	82.04523865
1877.166667	86.27132166
1877.250000	85.07422932
1877.333333	85.03088472
1877.416667	68.44898014
1877.500000	30.63620791
1877.583333	7.90026033
1877.666667	2.31806047
1877.750000	7.65883912
1877.833333	8.46105779
1877.916667	11.03240881
1878.000000	7.60366141
1878.083333	16.55943096
1878.166667	21.16894824
1878.250000	27.93221325
1878.333333	33.73384136
1878.416667	34.99690952
1878.500000	45.72141771
1878.583333	69.90736593
1878.666667	76.86244650
1878.750000	97.43281325
1878.833333	87.69538927
1878.916667	89.18863610
1879.000000	87.83563065
1879.083333	93.55944986
1879.166667	84.51393986
1879.250000	73.81448529
1879.333333	59.92262460
1879.416667	47.10758856
1879.500000	25.83091563
1879.583333	21.70799043
1879.666667	4.43112064
1879.750000	4.61569090
1879.833333	-14.19983728
1879.916667	-11.70777157
1880.000000	-21.75426583
1880.083333	-23.49316620
1880.166667	-25.84754962
1880.250000	-12.97126224
1880.333333	-6.32584251
1880.416667	2.01178649
1880.500000	16.04162475
1880.583333	29.76367227
1880.666667	30.33177522
1880.750000	39.43824128
1880.833333	34.39076275
1880.916667	38.57395504
1881.000000	35.14166427
1881.083333	38.55542893
1881.166667	40.27678748
1881.250000	42.99804759
1881.333333	40.94997851
1881.416667	38.59411869
1881.500000	27.39200660
1881.583333	14.95902686
1881.666667	5.91056407
1881.750000	5.01584901
1881.833333	-1.03281063
1881.916667	4.76458515
1882.000000	10.33111327
1882.083333	12.74369681
1882.166667	11.61772039
1882.250000	19.79933784
1882.333333	26.82701072
1882.416667	27.46996979
1882.500000	34.80513812
1882.583333	47.37097726
1882.666667	52.39825643
1882.750000	55.65620640
1882.833333	53.29867334
1882.916667	51.09488800
1883.000000	50.35254269
1883.083333	44.07163742
1883.166667	52.40601834
1883.250000	49.66337776
1883.333333	43.07448490
1883.416667	24.33164747
1883.500000	8.97332699
1883.583333	5.23029270
1883.666667	3.79485229
1883.750000	10.74392884
1883.833333	6.53906081
1883.916667	-1.89667488
1884.000000	-2.02481668
1884.083333	-1.61459538
1884.166667	1.79552750
1884.250000	-6.94829420
1884.333333	-7.38452202
1884.416667	-11.51315596
1884.500000	0.20426552
1884.583333	14.69081934
1884.666667	4.48496705
1884.750000	1.27901633
1884.833333	-1.00395590
1884.916667	0.02066576
1885.000000	-0.26250332
1885.083333	-0.31500160
1885.166667	0.70932478
1885.250000	6.73355273
1885.333333	16.98845148
1885.416667	14.47402104
1885.500000	16.26718448
1885.583333	4.75255719
1885.666667	-3.30063007
1885.750000	0.41531501
1885.833333	3.97731551
1885.916667	-0.23001318
1886.000000	5.71640585
1886.083333	13.35503415
1886.166667	15.14741018
1886.250000	26.24738009
1886.333333	24.73186695
1886.416667	27.75471693
1886.500000	31.16208387
1886.583333	21.03089084
1886.666667	22.13036862
1886.750000	12.30667104
1886.833333	4.71364428
1886.916667	-5.64871169
1887.000000	-10.85731993
1887.083333	-12.37371890
1887.166667	-13.81329322
1887.250000	-18.63758135
1887.333333	-21.92350637
1887.416667	-27.90183751
1887.500000	-47.11103631
1887.583333	-57.01264123
1887.666667	-51.06819072
1887.750000	-51.35460787
1887.833333	-50.33343115
1887.916667	-44.31235285
1888.000000	-36.52214220
1888.083333	-33.11664537
1888.166667	-37.86509311
1888.250000	-36.15210083
1888.333333	-21.97766850
1888.416667	-22.41871922
1888.500000	-32.24448375
1888.583333	-34.45496209
1888.666667	-30.05015425
1888.750000	-33.56852175
1888.833333	-27.62544922
1888.916667	-26.52862896
1889.000000	-28.73959943
1889.083333	-33.64297602
1889.166667	-38.31568181
1889.250000	-25.75771679
1889.333333	-30.73831174
1889.416667	-47.56515896
1889.500000	-55.54595077
1889.583333	-49.91145638
1889.666667	-43.43090657
1889.750000	-39.71968596
1889.833333	-34.31625609
1889.916667	-43.22061694
1890.000000	-44.66353777
1890.083333	-45.87578778
1890.166667	-49.70352084
1890.250000	-51.60827541
1890.333333	-60.82082071
1890.416667	-56.41807981
1890.500000	-60.55389889
1890.583333	-80.30520100
1890.666667	-77.67198616
1890.750000	-77.50040821
1890.833333	-77.25200560
1890.916667	-81.23447066
1891.000000	-76.37088029
1891.083333	-71.12277296
1891.166667	-68.87476406
1891.250000	-50.39608436
1891.333333	-36.07134924
1891.416667	-32.36209716
1891.500000	-33.19140504
1891.583333	-19.55927289
1891.666667	-4.31185455
1891.750000	-7.14145772
1891.833333	-7.04808238
1891.916667	-10.41634394
1892.000000	-11.32316546
1892.083333	-9.69162387
1892.166667	-13.75248839
1892.250000	-4.65960519
1892.333333	-11.72066657
1892.416667	-17.47413407
1892.500000	-22.99693077
1892.583333	-16.44290281
1892.666667	-24.50435790
1892.750000	-23.10437295
1892.833333	-17.24294796
1892.916667	-15.53546756
1893.000000	-13.21270097
1893.083333	-10.73618665
1893.166667	-6.87515537
1893.250000	1.83193133
1893.333333	-8.38415732
1893.416667	-15.52342133
1893.500000	-16.89355298
1893.583333	-25.72532153
1893.666667	-37.24949620
1893.750000	-28.61992314
1893.833333	-33.06737158
1893.916667	-40.66876460
1894.000000	-39.11640989
1894.083333	-40.71799977
1894.166667	-43.55045730
1894.250000	-39.76762864
1894.333333	-37.52335995
1894.416667	-35.12534353
1894.500000	-28.65050246
1894.583333	-31.48345213
1894.666667	-22.23957714
1894.750000	-18.22656982
1894.833333	-30.82904553
1894.916667	-30.81623505
1895.000000	-24.18813839
1895.083333	-23.02167861
1895.166667	-20.85531726
1895.250000	-10.45828511
1895.333333	-3.13827446
1895.416667	-0.04913147
1895.500000	-6.49854844
1895.583333	-17.94806384
1895.666667	-20.78229305
1895.750000	-32.15508222
1895.833333	-41.68181597
1895.916667	-34.36249431
1896.000000	-33.04327107
1896.083333	-40.57030011
1896.166667	-38.86665834
1896.250000	-31.77849961
1896.333333	-41.99813161
1896.416667	-49.06401589
1896.500000	-56.82230629
1896.583333	-54.11915665
1896.666667	-43.95456698
1896.750000	-38.63622958
1896.833333	-27.24106753
1896.916667	-12.53831160
1897.000000	-14.37411563
1897.083333	-9.97924886
1897.166667	-0.19986513
1897.250000	3.65634325
1897.333333	-8.41062372
1897.583333	-12.30442288
1897.666667	-23.83332202
1897.750000	-28.13155036
1897.833333	-22.66064635
1897.916667	-31.42060999
1898.000000	-40.71913361
1898.083333	-43.86390949
1898.166667	-51.00878380
1898.250000	-38.84606424
1898.333333	-31.83728925
1898.416667	-34.90553576
1898.500000	-34.58926532
1898.583333	-19.19617022
1898.666667	-18.18778894
1898.750000	-16.33335224
1898.833333	-17.32516781
1898.916667	-21.00938950
1899.000000	-20.69370961
1899.083333	-10.83966662
1899.166667	-3.44726051
1899.250000	3.71427794
1899.333333	-5.12428203
1899.416667	-5.11678659
1899.500000	-6.49400496
1899.583333	-0.71747560
1899.666667	-12.09489082
1899.750000	-13.54932754
1899.833333	-11.46540115
1899.916667	-10.38157319
1900.000000	-10.22092058
1900.083333	-6.36805870
1900.166667	-10.97683371
1900.250000	-13.12416868
1900.333333	-10.57929439
1900.416667	-8.88067237
1900.500000	-15.33599494
1900.583333	-20.94526208
1900.666667	-37.01616611
1900.750000	-34.31793780
1900.833333	-32.85057714
1900.916667	-37.53716107
1901.000000	-39.99307419
1901.083333	-43.75677804
1901.166667	-36.44365725
1901.250000	-31.43832719
1901.333333	-33.58694171
1901.416667	-34.88950081
1901.500000	-47.11523525
1901.583333	-47.64876044
1901.666667	-43.95161482
1901.750000	-42.40841378
1901.833333	-54.55761886
1901.916667	-48.55307621
1902.000000	-47.93324737
1902.083333	-44.15967080
1902.166667	-38.07850036
1902.250000	-40.30512064
1902.333333	-31.14722397
1902.416667	-30.52788727
1902.500000	-30.60095668
1902.583333	-26.05873991
1902.666667	-24.90123694
1902.750000	-24.51306317
1902.833333	-20.97114168
1902.916667	-11.81393399
1903.000000	-14.04144012
1903.083333	-7.57673698
1903.166667	-5.03520919
1903.250000	9.81391248
1903.333333	5.97062803
1903.416667	8.97339901
1903.500000	11.36068694
1903.583333	17.90172259
1903.666667	22.51958290
1903.750000	15.06042171
1903.833333	14.52423901
1903.916667	9.52641942
1904.000000	9.99003987
1904.083333	7.37663881
1904.166667	5.45544702
1904.250000	1.68800296
1904.333333	-13.84877030
1904.416667	-11.61641121
1904.500000	-32.61491978
1904.583333	-48.61352678
1904.666667	-59.38146298
1904.750000	-57.84180529
1904.833333	-59.45609219
1904.916667	-54.07047751
1905.000000	-54.76188433
1905.083333	-50.68415881
1905.166667	-46.22191633
1905.250000	-48.75977228
1905.333333	-35.45157281
1905.416667	-37.37424100
1905.500000	-37.75854608
1905.583333	-34.91218035
1905.666667	-25.83514381
1905.750000	-35.68128263
1905.833333	-35.75828910
1905.916667	-34.68154785
1906.000000	-40.75875118
1906.083333	-39.68220678
1906.166667	-48.68268388
1906.250000	-42.91402864
1906.333333	-34.91470259
1906.416667	-50.83855190
1906.500000	-63.76249963
1906.583333	-75.76346887
1906.666667	-82.30299807
1906.750000	-72.84262569
1906.833333	-58.22850559
1906.916667	-58.65294546
1907.000000	-56.88517605
1907.083333	-59.42519739
1907.166667	-62.04224022
1907.250000	-45.27476610
1907.333333	-44.89200579
1907.416667	-36.66319006
1907.500000	-33.66524199
1907.583333	-30.89816157
1907.666667	-21.97733343
1907.750000	-17.82583448
1907.833333	-24.13597242
1907.916667	-32.44620879
1908.000000	-35.10269743
1908.083333	-30.25928449
1908.166667	-23.64673921
1908.250000	-13.80352313
1908.333333	-19.19117471
1908.416667	-18.73277087
1908.500000	-38.19754237
1908.583333	-40.27779692
1908.666667	-14.81968836
1908.750000	-14.13090899
1908.833333	-8.98068959
1908.916667	-9.06133784
1909.000000	-11.83439221
1909.083333	-12.91523732
1909.166667	-15.38079624
1909.250000	-7.30799204
1909.333333	-11.85067089
1909.416667	-6.54729432
1909.500000	-11.09017002
1909.583333	2.44377893
1909.666667	-1.40698594
1909.750000	-13.95015692
1909.833333	-10.49342632
1909.916667	-8.88294800
1910.000000	-5.27256811
1910.083333	0.56848259
1910.166667	0.33251178
1910.250000	9.71182717
1910.333333	16.01412105
1910.416667	36.31631650
1910.500000	18.00302891
1910.583333	9.76656597
1910.666667	-0.93153385
1910.750000	6.37026789
1910.833333	5.59504814
1910.916667	3.35819149
1911.000000	0.27508258
1911.083333	2.03802908
1911.166667	3.49318485
1911.250000	17.33285758
1911.333333	21.09550880
1911.416667	23.78113852
1911.500000	15.62051597
1911.583333	48.69056422
1911.666667	64.45282174
1911.750000	55.98421160
1911.833333	52.28473380
1911.916667	57.81592681
1912.000000	59.80855985
1912.083333	71.95494062
1912.166667	75.25506912
1912.250000	82.09356072
1912.333333	74.16272314
1912.416667	72.77024866
1912.500000	72.53152191
1912.583333	64.98500443
1912.666667	44.89992699
1912.750000	41.43013573
1912.833333	58.57563066
1912.916667	63.64410409
1913.000000	60.48170986
1913.083333	61.24229412
1913.166667	62.61816458
1913.250000	78.76316738
1913.333333	86.83114867
1913.416667	87.05287770
1913.500000	80.58220060
1913.583333	84.80373277
1913.666667	92.87132036
1913.750000	91.47727106
1913.833333	87.62158487
1913.916667	85.84272333
1914.000000	90.14068645
1914.083333	91.05393575
1914.166667	91.65939432
1914.250000	87.80321600
1914.333333	78.56232387
1914.416667	87.39825639
1914.500000	86.00332125
1914.583333	91.45444153
1914.666667	88.98238647
1914.750000	77.51023297
1914.833333	80.65336567
1914.916667	80.56563071
1916.000000	74.95458092
1916.083333	75.63469876
1916.166667	75.00702586
1916.250000	81.53310069
1916.333333	93.67446171
1916.416667	102.04649353
1916.500000	87.34150385
1916.583333	87.09795420
1916.666667	81.31584459
1916.750000	59.45671347
1916.833333	61.59748393
1916.916667	55.27661750
1917.000000	53.18642188
1917.083333	60.63458937
1917.166667	54.54419689
1917.250000	59.99216752
1917.333333	46.20927050
1917.416667	20.50319813
1917.500000	6.41241194
1917.583333	-8.60154959
1917.666667	-10.15407109
1917.750000	-11.39899871
1917.833333	-9.25940937
1917.916667	-16.42761076
1918.000000	-14.05744904
1918.083333	-14.91815498
1918.166667	-11.93280550
1918.250000	-9.48601598
1918.333333	-9.42394028
1918.416667	2.17649854
1918.500000	17.39222354
1918.583333	20.83861935
1918.666667	27.20799366
1918.750000	21.80803877
1918.833333	17.02337007
1918.916667	11.31552602
1919.000000	9.45373739
1919.083333	4.13031187
1919.166667	7.26832639
1919.250000	-4.97837290
1919.333333	-2.76363216
1919.416667	-10.08745139
1919.500000	-21.41136904
1919.583333	-33.58153896
1919.666667	-40.82873039
1919.750000	-33.15294332
1919.833333	-26.47725468
1919.916667	-21.03243369
1920.000000	-11.20309575
1920.083333	-8.14308700
1920.166667	-7.39086898
1920.250000	4.05355830
1920.333333	16.42096407
1920.416667	20.17288681
1920.500000	25.30932650
1920.583333	25.59951392
1920.666667	27.04344907
1920.750000	18.71805502
1920.833333	7.39256254
1920.916667	0.99004857
1921.000000	-3.79717922
1921.083333	-8.12296698
1921.166667	-7.06423777
1921.250000	-2.08253007
1921.333333	-10.40861311
1921.416667	-23.50402534
1921.500000	-29.59953599
1921.583333	-31.77206815
1921.666667	-26.17546797
1921.750000	-20.19435083
1921.833333	-21.98256288
1921.916667	-25.84779644
1922.000000	-23.02082073
1922.083333	-23.96317422
1922.166667	-21.25177998
1922.250000	-14.19433032
1922.333333	-20.82928678
1922.416667	-21.23357244
1922.500000	-31.63795652
1922.583333	-26.19628518
1922.666667	-32.75471227
1922.750000	-29.77477624
1922.833333	-36.02570788
1922.916667	-42.66135332
1923.000000	-41.29709720
1923.083333	-43.54832411
1923.166667	-45.33811099
1923.250000	-39.32030398
1923.333333	-40.72567233
1923.416667	-39.66960064
1923.500000	-39.84439661
1923.583333	-28.17313716
1923.666667	-27.80966845
1923.750000	-24.67706739
1923.833333	-26.39071860
1923.916667	-25.10446824
1924.000000	-10.04908554
1924.083333	-4.83995511
1924.166667	6.29215382
1924.250000	22.57801047
1924.333333	24.32530716
1924.416667	30.45712081
1924.500000	37.35806680
1924.583333	42.10506821
1924.666667	33.69812504
1924.750000	24.44492959
1924.833333	29.34548188
1924.916667	21.55362804
1925.000000	25.22321424
1925.083333	24.58500971
1925.166667	22.25439906
1925.250000	23.76984382
1925.333333	21.20826709
1925.416667	28.72351500
1925.500000	29.23866449
1925.583333	37.90756170
1925.666667	24.19174510
1925.750000	38.47583008
1925.833333	41.45212432
1925.916667	39.04370476
1926.000000	42.17364830
1926.083333	40.68810880
1926.166667	39.66400934
1926.250000	49.17827299
1926.333333	61.38474590
1926.416667	45.28342808
1926.500000	32.25893491
1926.583333	22.15742024
1926.666667	16.82503791
1926.750000	17.56948023
1926.833333	13.31382412
1926.916667	13.13499267
1927.000000	14.80221663
1927.083333	21.85395755
1927.166667	27.13636928
1927.250000	32.11099027
1927.333333	33.93166668
1927.416667	29.36762928
1927.500000	41.34195500
1927.583333	38.00848998
1927.666667	51.13646499
1927.750000	54.72588004
1927.833333	61.23827358
1927.916667	67.67364562
1928.000000	63.33968847
1928.083333	63.00563289
1928.166667	58.20994042
1928.250000	60.33722645
1928.333333	61.38749097
1928.416667	48.82227246
1928.500000	27.71849397
1928.583333	23.46077091
1928.666667	15.12602634
1928.750000	-4.51650896
1928.833333	-19.62068114
1928.916667	-28.41725945
1929.000000	-37.67547465
1929.083333	-40.70301904
1929.166667	-47.73066185
1929.250000	-47.21994156
1929.333333	-43.94008892
1929.416667	-36.27571933
1929.500000	-22.99606354
1929.583333	-18.02419849
1929.666667	-15.66781648
1929.750000	-1.92691752
1929.833333	3.12157533
1929.916667	6.24689283
1930.000000	14.67980421
1930.083333	21.34338639
1930.166667	33.77610092
1930.250000	45.51640932
1930.333333	55.02585007
1930.416667	53.61211547
1930.500000	43.50597475
1930.583333	29.32281253
1930.666667	37.67801342
1930.750000	38.49465435
1930.833333	38.61888915
1930.916667	42.05071784
1931.000000	48.17475580
1931.083333	50.45254148
1931.166667	45.19176719
1931.250000	39.46935602
1931.333333	45.51607719
1931.416667	27.63962301
1931.500000	20.07076271
1931.583333	8.04026553
1931.666667	13.70197761
1931.750000	8.44051434
1931.833333	7.40972187
1931.916667	2.91729252
1932.000000	3.50168781
1932.083333	-0.52939993
1932.166667	0.90095236
1932.250000	13.86966776
1932.333333	17.91520781
1932.416667	12.11449559
1932.500000	20.62137725
1932.583333	19.35892972
1932.666667	33.94253760
1932.750000	28.14143168
1932.833333	27.72484271
1932.916667	28.00046301
1933.000000	24.89136949
1933.083333	19.93602371
1933.166667	22.67288719
1933.250000	23.87119070
1933.333333	18.99247271
1933.416667	12.11365630
1933.500000	-2.22679701
1933.583333	-22.79811797
1933.666667	-22.29261428
1933.750000	-21.86413209
1933.833333	-23.20497910
1933.916667	-27.85361684
1934.000000	-32.34850686
1934.083333	-30.53580299
1934.166667	-24.87704371
1934.250000	-30.06453670
1934.333333	-36.02135888
1934.416667	-22.36289487
1934.500000	-32.16606776
1934.583333	-26.96933907
1934.666667	-15.54193957
1934.750000	-15.80694620
1934.833333	-26.07205125
1934.916667	-17.02956242
1935.000000	-18.37178740
1935.083333	-16.63718773
1935.166667	-11.59499417
1935.250000	-11.01443751
1935.333333	5.79678996
1935.416667	16.06945746
1935.500000	20.64971884
1935.583333	55.38372795
1935.666667	68.65610018
1935.750000	80.08222013
1935.833333	78.66208780
1935.916667	83.39570321
1936.000000	85.43691250
1936.083333	86.47802336
1936.166667	88.13442040
1936.250000	82.09841133
1936.333333	81.36999614
1936.416667	64.56455945
1936.500000	66.37440895
1936.583333	55.72262156
1936.666667	45.30150497
1936.750000	38.49567457
1936.833333	34.30513036
1936.916667	31.72987234
1937.000000	29.23143897
1937.083333	43.96367641
1937.166667	48.77273849
1937.250000	43.73554830
1937.333333	45.00595199
1937.416667	37.81471880
1937.500000	39.39261795
1939.000000	27.93181783
1939.083333	12.81553918
1939.166667	0.31454672
1939.250000	3.50576353
1939.333333	9.08149729
1939.416667	15.50328647
1939.500000	22.77113108
1939.583333	10.73118495
1939.666667	15.84498654
1939.750000	21.65099741
1939.833333	23.30306369
1939.916667	27.03195462
1940.000000	28.68382405
1940.083333	19.48944121
1940.166667	21.52572917
1940.250000	33.10038024
1940.333333	36.52108674
1940.416667	26.40323326
1940.500000	31.51605060
1940.583333	39.09030796
1940.666667	41.89523613
1940.750000	38.70006588
1940.833333	38.12018181
1940.916667	38.61712240
1941.000000	43.34473379
1941.083333	45.99532367
1941.166667	49.95350744
1941.250000	49.52697739
1941.333333	49.10034892
1941.416667	30.28900664
1941.500000	31.70833516
1941.583333	16.20448833
1941.666667	8.08515846
1941.750000	0.27342247
1941.833333	3.76928037
1941.916667	2.88042445
1942.000000	0.45300856
1942.083333	-1.66681344
1942.166667	2.90557382
1942.250000	16.63170882
1942.333333	22.81928384
1942.416667	25.92983736
1942.500000	50.73260015
1942.583333	49.61218759
1942.666667	58.79936891
1942.750000	53.29414411
1942.833333	51.40420550
1942.916667	45.43724539
1943.000000	49.85480223
1943.083333	58.42610680
1943.166667	62.45885141
1943.250000	67.02995913
1943.333333	58.98558381
1943.416667	54.01803313
1943.500000	37.89653788
1943.583333	15.77494420
1943.666667	15.03786748
1943.750000	15.37761541
1943.833333	11.33264953
1943.916667	5.44143137
1944.000000	-3.06526982
1944.083333	-0.64899252
1944.166667	-9.46358288
1944.250000	-14.12442551
1953.000000	-43.13756821
1953.083333	-47.73192097
1953.166667	-48.09560293
1953.250000	-44.61322947
1953.333333	-39.82326213
1953.416667	-25.80262398
1953.500000	-34.01285349
1953.583333	-27.22318143
1953.666667	-14.35668471
1953.750000	-17.87490181
1953.833333	-28.39321733
1953.916667	-27.14240051
1954.000000	-28.12245135
1954.083333	-22.87183139
1954.166667	-20.46746369
1954.250000	-17.52473289
1954.333333	-4.19748513
1954.416667	-1.56264348
1954.500000	2.45671512
1954.583333	22.78366761
1954.666667	21.95667551
1954.750000	7.82189268
1954.833333	22.84085757
1954.916667	29.47510866
1955.000000	30.64772286
1955.083333	31.58946940
1955.166667	31.76188674
1955.250000	36.31882104
1955.333333	41.49104154
1955.416667	35.89393283
1955.500000	37.68134109
1955.583333	14.54557399
1955.666667	0.56355462
1955.750000	-7.26471702
1955.833333	-12.86231786
1955.916667	-25.53694020
1956.000000	-29.28858404
1956.083333	-27.88648016
1956.166667	-22.33062855
1956.250000	-27.00564459
1956.333333	-35.60383599
1956.416667	-40.20212581
1956.500000	-53.87743714
1956.583333	-46.86053920
1956.666667	-29.07450891
1956.750000	-37.75011552
1956.833333	-33.42582055
1956.916667	-24.64008555
1957.000000	-17.08521820
1957.083333	-17.76121851
1957.166667	-19.20654802
1957.250000	-25.42120672
1957.333333	-18.48211770
1957.416667	-6.46620402
1957.500000	-6.83500416
1957.583333	2.41148189
1957.666667	-6.03443817
1957.750000	-22.01891820
1957.833333	-16.31118897
1957.916667	-12.14201970
1958.000000	-8.81910270
1958.083333	-1.26551490
1958.166667	11.44182063
1958.250000	12.37982696
1958.333333	9.85619641
1958.416667	20.79400589
1958.500000	21.42402463
1958.583333	11.51548341
1958.666667	14.29915146
1958.750000	14.62118262
1958.833333	19.17388458
1958.916667	19.41879581
1959.000000	15.58668554
1959.083333	11.52370760
1959.166667	6.15293894
1959.250000	2.70514877
1959.333333	8.41110633
1959.416667	24.27081161
1959.500000	9.36118770
1959.583333	10.14377305
1959.666667	31.31087537
1959.750000	24.63172541
1959.833333	21.49093856
1959.916667	23.65774559
1960.000000	30.13214651
1960.083333	38.22183361
1960.166667	46.00372998
1960.250000	65.17014331
1960.333333	80.10568898
1960.416667	82.27190546
1960.500000	76.82263889
1960.583333	79.21942774
1960.666667	60.92381047
1960.750000	54.32040247
1960.833333	55.33228066
1960.916667	49.80559889
1961.000000	49.66343407
1961.083333	45.59809390
1961.166667	47.22496300
1961.250000	55.85173367
1961.333333	45.09379053
1961.416667	38.48959512
1961.500000	38.03914743
1961.583333	21.05013978
1961.666667	22.44564909
1961.750000	26.99490612
1961.833333	15.39021858
1961.916667	8.32389415
1962.000000	14.18054821
1962.083333	15.42171923
1962.166667	18.97048413
1962.250000	12.90376599
1962.333333	6.06771866
1962.416667	-4.46073479
1962.500000	-21.45082514
1962.583333	-25.13332160
1962.666667	-13.43130110
1962.750000	-16.34476364
1962.833333	-19.64294000
1962.916667	-15.09506093
1963.000000	-12.54728030
1963.083333	-14.46113655
1963.166667	-16.37509122
1963.250000	-19.13529817
1963.333333	4.10439645
1963.416667	7.72860803
1963.500000	6.19887504
1963.583333	8.43827438
1963.666667	8.29295991
1963.750000	1.83985471
1963.833333	-2.99796430
1963.916667	0.39488749
1964.000000	-9.05851299
1964.083333	-12.20431959
1964.166667	-13.27330154
1964.250000	-12.26545883
1964.333333	-15.18079148
1964.416667	-42.48083794
1964.500000	-52.93482898
1964.583333	-59.08122614
1964.666667	-57.53541403
1964.750000	-67.29739266
1964.833333	-63.75177740
1964.916667	-61.82164519
1965.000000	-58.19930371
1965.083333	-50.80782989
1965.166667	-37.95491603
1965.250000	-24.71748522
1965.333333	-6.48015283
1965.416667	9.14169652
1965.500000	27.84037051
1965.583333	58.92356147
1965.666667	67.39126938
1965.750000	74.70503271
1965.833333	78.32638993
1965.916667	83.10149487
1966.000000	83.03034753
1966.083333	84.34371716
1966.166667	91.19544990
1966.250000	101.58554575
1966.333333	93.74477394
1966.416667	78.21159602
1966.500000	67.13985813
1966.583333	56.60648335
1966.666667	22.99608706
1966.750000	18.77020774
1966.833333	18.08269153
1966.916667	15.08738458
1967.000000	8.24582536
1967.083333	11.55801387
1967.166667	13.71625780
1967.250000	19.10517253
1967.333333	10.41706576
1967.416667	4.49809133
1967.500000	0.27132617
1967.583333	8.27523181
1967.666667	2.50980826
1967.750000	9.05197858
1967.833333	15.74789664
1967.916667	7.36679319
1968.000000	9.90866824
1968.083333	10.60429101
1968.166667	16.22289228
1968.250000	20.14908744
1968.333333	27.38287647
1968.416667	34.46272092
1968.500000	51.15785157
1968.583333	61.62211455
1968.666667	59.39397142
1968.750000	57.08880678
1968.833333	60.16815910
1968.916667	62.32433607
1969.000000	56.24964539
1969.083333	55.55947166
1969.166667	58.79227643
1969.250000	54.79421354
1969.333333	59.10374453
1969.416667	41.56702325
1969.500000	42.95328047
1969.583333	33.87790080
1969.666667	23.18703808
1969.750000	11.64992310
1969.833333	9.88194045
1969.916667	3.26770554
1970.000000	-5.73124319
1970.083333	-1.80721342
1970.166667	0.19364100
1970.250000	-4.88252608
1970.333333	0.42582379
1970.416667	-16.03515553
1970.500000	-5.57315635
1970.583333	-28.41894791
1970.666667	-36.49560713
1970.750000	-32.34159554
1970.833333	-28.18768238
1970.916667	-23.88002149
1971.000000	-25.64938210
1971.083333	-18.34191807
1971.166667	-19.72686015
1971.250000	-21.03497758
1971.333333	-20.57396267
1971.416667	-36.34381542
1971.500000	-28.11376659
1971.583333	-31.57612388
1971.666667	-21.73088729
1971.750000	-21.50113375
1971.833333	-24.57917093
1971.916667	-26.11884501
1972.000000	-31.19707905
1972.083333	-36.12156536
1972.166667	-41.96922702
1972.250000	-35.66314096
1972.333333	-31.74176870
1972.416667	-19.97434103
1972.500000	-15.51470409
1972.583333	-26.51670404
1972.666667	-46.28803318
1972.750000	-59.29022998
1972.833333	-55.60021752
1972.916667	-59.98722656
1973.000000	-59.75894941
1973.083333	-56.91538607
1973.166667	-47.99499808
1973.250000	-44.38240083
1973.333333	-49.84682508
1973.416667	-52.08057852
1973.500000	-53.31443039
1973.583333	-44.62530377
1973.666667	-39.85935249
1973.750000	-30.01657656
1973.833333	-20.40466829
1973.916667	-22.10055076
1974.000000	-19.79653165
1974.083333	-21.10799558
1974.166667	-13.57340410
1974.250000	-19.80814181
1974.333333	-13.50451640
1974.416667	-15.43175866
1974.500000	-12.97448396
1974.583333	-21.67115383
1974.666667	-29.29099906
1974.750000	-37.14171194
1974.833333	-42.06944633
1974.916667	-48.30497145
1975.000000	-51.23290269
1975.083333	-49.08400928
1975.166667	-46.47367584
1975.250000	-54.09421005
1975.333333	-50.02253499
1975.416667	-65.41249683
1975.500000	-70.49486478
1975.583333	-79.03886962
1975.666667	-83.89066520
1975.750000	-93.35794382
1975.833333	-91.74839778
1975.916667	-92.21587325
1976.000000	-94.37575484
1976.083333	-93.68958101
1976.166667	-86.23427484
1976.250000	-66.24060555
1976.333333	-60.78549623
1976.416667	-50.94586995
1976.500000	-34.33711133
1976.583333	-9.26691268
1976.666667	4.88011063
1976.750000	7.18088166
1976.833333	12.17386196
1976.916667	15.55135922
1977.000000	18.62106575
1977.083333	23.92144307
1977.166667	19.29864505
1977.250000	19.21421014
1977.333333	0.20659988
1977.416667	4.04504504
1977.500000	-8.03968515
1977.583333	-6.58605222
1977.666667	-20.36328696
1977.750000	-30.98677396
1977.833333	-31.14882094
1977.916667	-28.46481249
1978.000000	-29.01167170
1978.083333	-29.94324472
1978.166667	-34.49030078
1978.250000	-34.80668604
1978.333333	-45.35393896
1978.416667	-25.90129030
1978.500000	-26.21797084
1978.583333	-15.22705749
1978.666667	-21.00547335
1978.750000	-23.16860301
1978.833333	-24.25490802
1978.916667	-26.18746531
1979.000000	-31.73550564
1979.083333	-31.28364439
1979.166667	-32.21649696
1979.250000	-17.07252487
1979.333333	-11.46711275
1979.416667	-2.24641444
1979.500000	-21.48735302
1979.583333	-28.57454387
1979.666667	-37.35414084
1979.750000	-48.28768239
1979.833333	-50.37516853
1979.916667	-44.53967616
1980.000000	-41.70428222
1980.083333	-34.94590979
1980.166667	-31.26455885
1980.250000	-17.58330635
1980.333333	-25.51753688
1980.416667	-32.37494277
1980.500000	-50.69398554
1980.583333	-59.47466521
1980.666667	-50.10159714
1980.750000	-53.72862750
1980.833333	-38.66344860
1980.916667	-39.59836812
1981.000000	-46.22569376
1981.083333	-50.54542552
1981.166667	-49.86525571
1981.250000	-39.33903047
1981.333333	-45.81290367
1981.416667	-27.20995221
1981.500000	-8.68402225
1981.583333	10.30334773
1981.666667	8.52138853
1981.750000	-6.79913064
1981.833333	-7.04282516
1981.916667	-14.90200273
1982.000000	-14.53050949
1982.083333	-12.92834544
1982.166667	-3.55704905
1982.250000	7.12184122
1982.333333	6.87755614
1982.416667	1.24855725
1982.500000	-22.76515546
1982.583333	-33.00973582
1982.666667	-41.17749153
1982.750000	-25.65303797
1982.833333	-9.51329822
1982.916667	-7.06596460
1983.000000	-7.92642171
1983.083333	-9.55620801
1983.166667	-4.18609274
1983.250000	-4.73915282
1983.333333	-5.90769594
1983.416667	-11.30710672
1983.500000	-1.47584669
1983.583333	-0.18314663
1983.666667	-0.96746807
1983.750000	-1.29034948
1983.833333	-5.76717547
1983.916667	-16.62871527
1984.000000	-21.25958426
1984.083333	-27.27516707
1984.166667	-21.90623292
1984.250000	-20.15278181
1984.333333	-5.78404451
1984.416667	-9.72309794
1984.500000	-8.04686519
1984.583333	-7.75534625
1984.666667	-3.38700265
1984.750000	-1.55721903
1984.833333	3.42631233
1984.916667	0.94820680
1985.000000	0.39307976
1985.083333	7.76093122
1985.166667	11.59022272
1985.250000	8.03480040
1985.333333	7.63312581
1985.416667	-1.76864720
1985.500000	-3.01667249
1985.583333	-7.34171928
1985.666667	-15.89763373
1985.750000	-17.37672352
1985.833333	-20.24052713
1985.916667	-24.48904455
1986.000000	-29.27612194
1986.083333	-29.98637467
1986.166667	-33.00441814
1986.250000	-26.40717542
1986.333333	-23.50233882
1986.416667	-24.75144680
1986.500000	-37.46219166
1986.583333	-40.94226573
1986.666667	-45.80705360
1986.750000	-44.28732452
1986.833333	-46.46000155
1986.916667	-44.70970009
1987.000000	-43.80565090
1987.083333	-37.28631552
1987.166667	-31.38246318
1987.250000	-11.01717081
1987.333333	-8.72889994
1987.416667	2.63619557
1987.500000	12.61657728
1987.583333	19.75070672
1987.666667	15.96166080
1987.750000	18.40328569
1987.833333	25.07558138
1987.916667	29.36316327
1988.000000	32.95833903
1988.083333	33.63033945
1988.166667	30.99454913
1988.250000	37.89712192
1988.333333	25.56882705
1988.416667	16.85581838
1988.500000	0.68117281
1988.583333	-9.64741733
1988.666667	-11.20687514
1988.750000	-5.68950829
1988.833333	-5.63377833
1988.916667	-11.73199295
1989.000000	-17.98415215
1989.083333	-21.15948670
1989.166667	-20.79645814
1989.250000	-16.43352800
1989.333333	-12.99377321
1989.416667	0.98434468
1989.500000	11.80851800
1989.583333	27.63259289
1989.666667	15.53349243
1989.750000	8.97275509
1989.833333	5.25807316
1989.916667	6.69713896
1990.000000	5.98226018
1990.083333	9.11343682
1990.166667	7.85989965
1990.250000	20.60626405
1990.333333	23.81406849
1990.416667	8.09869757
1990.500000	-12.53984869
1990.583333	-22.48618568
1990.666667	-32.43262111
1990.750000	-29.30223188
1990.833333	-38.09501800
1990.916667	-36.65713332
1991.000000	-37.06550091
1991.083333	-39.70473616
1991.166667	-33.95945445
1991.250000	-27.75273270
1991.333333	-34.39226323
1991.416667	-46.49343064
1991.500000	-53.36392725
1991.583333	-62.38836844
1991.666667	-69.56675422
1991.750000	-76.20677688
1991.833333	-76.53920565
1991.916667	-63.56404055
1992.000000	-66.43512772
1992.083333	-62.22939024
1992.166667	-54.10067426
1992.250000	-51.81821056
1992.333333	-49.92046067
1992.416667	-48.25357843
1992.500000	-37.74064077
1992.583333	-38.30472462
1992.666667	-36.25352228
1992.750000	-23.51011067
1992.833333	-16.15141288
1992.916667	-11.48512120
1993.000000	-13.89585103
1993.083333	-16.46052543
1993.166667	-12.40991365
1993.250000	-6.89786184
1993.333333	-9.30898537
1993.416667	-11.25866887
1993.500000	-16.90075848
1993.583333	-14.46602345
1993.666667	-10.10830992
1993.750000	-8.67377174
1993.833333	-5.85471660
1993.916667	-12.57422142
1994.000000	-13.44767083
1994.083333	-6.62891097
1994.166667	5.26667354
1994.250000	5.16215963
1994.333333	4.59600882
1994.416667	10.56822113
1994.500000	12.61725809
1994.583333	20.20465816
1994.666667	11.02272903
1994.750000	9.91762456
1994.833333	13.35088319
1994.916667	0.86096648
1995.000000	5.29402826
1995.083333	3.88083778
1995.166667	5.69831809
1995.250000	6.59262306
1995.333333	10.56375267
1995.416667	13.15016848
1995.500000	25.65956278
1995.583333	19.32270481
1995.666667	13.06267149
1995.750000	13.18715512
1995.833333	21.77307880
1995.916667	16.74351943
1996.000000	18.94463086
1996.083333	15.91487464
1996.166667	18.26963538
1996.250000	16.62429768
1996.333333	14.44040003
1996.416667	6.41025010
1996.500000	-3.31230595
1996.583333	-26.41957580
1996.666667	-35.52694409
1996.750000	-46.17287234
1996.833333	-40.43428363
1996.916667	-34.31117796
1997.000000	-33.26509380
1997.083333	-27.44987730
1997.166667	-25.63475922
1997.250000	-16.89666264
1997.333333	1.22595089
1997.416667	6.42538908
1997.500000	9.24011345
1997.583333	3.67012401
1997.666667	-1.97688693
1997.750000	17.37600370
1997.833333	23.26725745
1997.916667	20.31225892
1998.000000	10.58793119
1998.083333	11.17119735
1998.166667	16.36974970
1998.250000	21.87589592
1998.333333	16.61271296
1998.416667	-4.18902998
1998.500000	-9.52933288
1998.583333	-26.79281113
1998.666667	-24.13331088
1998.750000	-18.39698598
1998.833333	-29.42999028
1998.916667	-30.00155454
1999.000000	-34.11167876
1999.083333	-28.45267065
1999.166667	-12.63991481
1999.250000	-9.44264200
1999.333333	-13.32239071
1999.416667	-10.58685322
1999.500000	-17.23602954
1999.583333	-24.96222737
1999.666667	-23.91929286
1999.750000	-13.10722600
1999.833333	-10.75679603
1999.916667	-15.32954141
2000.000000	-13.51776983
2000.083333	-13.85994283
2000.166667	-14.35606042
2000.250000	-19.15996873
2000.333333	-8.50243701
2000.416667	16.77038089
2000.500000	32.65848499
2000.583333	41.77725989
2000.666667	61.58824405
2000.750000	68.86066826
2000.833333	55.05607095
2000.916667	47.86675984
2001.000000	51.67735030
2001.083333	52.10322695
2001.166667	55.06746671
2001.250000	63.33930035
2001.333333	52.84180480
2001.416667	28.88267236
2001.500000	7.23113380
2001.583333	-8.88204165
2001.666667	-12.30300784
2001.750000	-30.57022629
2001.833333	-27.37600471
2001.916667	-27.48957387
2002.000000	-26.75708760
2002.083333	-29.48623822
2002.166667	-28.44625650
2002.250000	-18.48329629
2002.333333	-11.82812680
2002.416667	7.67309810
2002.500000	15.25114765
2002.583333	11.05986801
2002.666667	8.86848994
2002.750000	14.29239805
2002.833333	15.25466929
2002.916667	14.37068824
2003.000000	17.64045493
2003.083333	20.98704627
2003.166667	23.48738533
2003.250000	28.98762597
2003.333333	28.64161433
2003.416667	13.14165811
2003.500000	4.56468039
2003.583333	-1.47393421
2003.666667	-3.82033956
2003.750000	-4.62838179
2003.833333	-9.05190706
2003.916667	-11.16783845
2004.000000	-14.66848365
2004.083333	-6.86153497
2004.166667	-5.51622318
2004.250000	13.44437480
2004.333333	3.40487435
2004.416667	-8.40395529
2004.500000	-20.21288336
2004.583333	-38.17575600
2004.666667	-40.06180400
2004.750000	-38.87102735
2004.833333	-43.68034912
2004.916667	-45.95130779
2005.000000	-45.68390334
2005.083333	-47.80121270
2005.166667	-55.68785126
2005.250000	-49.57458824
2005.333333	-63.07680827
2005.416667	-60.27143441
2005.500000	-65.00462052
2005.583333	-61.58405890
2005.666667	-48.62513417
2005.750000	-50.43553864
2005.833333	-51.63065692
2005.916667	-53.51818131
2006.000000	-54.63657337
2006.083333	-55.60121769
2006.166667	-45.56596044
2006.250000	-28.68464778
2006.333333	-22.72651046
2006.416667	-24.38385618
2006.500000	-23.04130033
2006.583333	-6.08345830
2006.666667	-4.66417622
2006.750000	-12.24499258
2006.833333	-5.97975351
2006.916667	1.74692559
2007.000000	10.08889088
2007.083333	12.73845005
2007.166667	11.84944926
2007.250000	6.34496543
2007.333333	-12.54423222
2007.416667	-25.74122060
2007.500000	-22.93830741
2007.583333	-22.75087726
2007.666667	-31.17893015
2007.750000	-24.83785070
2007.833333	-13.57379275
2007.916667	-15.92521784
2008.000000	-19.89212598
2008.083333	-21.01297869
2008.166667	-17.67239137
2008.250000	-10.94728710
2008.333333	-8.52997355
2008.416667	-7.42045074
2008.500000	-0.38794944
2008.583333	-5.12477733
2008.666667	-9.55401134
2008.750000	-11.36795916
2008.833333	-18.87431310
2008.916667	-21.84230392
2009.000000	-18.04116241
2009.083333	-20.93242701
2009.166667	-27.90071312
2009.250000	-26.02294380
2009.333333	-12.52988830
2009.416667	-0.34462353
2009.500000	5.30208127
2009.583333	11.94868764
2009.666667	13.28750329
2009.750000	14.70314358
2009.833333	12.11868545
2009.916667	15.22643658
2010.000000	11.41101236
2010.083333	8.13395125
2010.166667	11.24140711
2010.250000	25.27184146
2010.333333	34.84063892
2010.416667	24.33241487
2010.500000	10.51640010
2010.583333	9.54644074
2010.666667	-8.19284781
2010.750000	-13.31685018
2010.833333	-14.59479712
2010.916667	-13.18053480
2011.000000	-13.84329398
2011.083333	-12.27538236
2011.166667	-9.93833839
2011.250000	-9.67831593
2011.333333	-10.64916113
2011.416667	-23.38933552
2011.500000	-35.89883910
2011.583333	-55.17767189
2011.666667	-71.45660310
2011.750000	-60.42794042
2011.833333	-57.47629926
2011.916667	-50.52475651
2012.000000	-48.34254297
2012.083333	-41.62196631
2012.166667	-40.20918039
2012.250000	-29.95033904
2012.333333	-21.38390382
2012.416667	-23.20218240
2012.500000	-19.40517480
2012.583333	-16.91595793
2012.666667	10.80392974
2012.750000	25.13910360
2012.833333	18.01264058
2012.916667	13.80915605
2013.000000	9.22095770
2013.083333	7.55573786
2013.166667	2.42888113
2013.250000	13.14807982
2013.333333	-1.90205069
2013.416667	-6.56766424
2013.500000	4.22816224
2013.583333	17.87004415
2013.666667	21.66567378
2013.750000	16.15351267
2013.833333	14.94894545
2013.916667	15.51351057
2014.000000	19.23182342
2014.083333	21.95003785
2014.166667	26.36046153
2014.250000	36.84770987
2014.333333	46.56562901
2014.416667	48.82191127
2014.500000	42.53963356
2014.583333	20.02648819
2014.666667	-7.94829406
2014.750000	-12.30779013
2014.833333	-16.66738462
2014.916667	-22.18092370
2015.000000	-21.54071504
2015.083333	-18.36214328
2015.166667	-17.41443917
2015.250000	-13.77452580
2015.333333	-19.05778777
2015.416667	-30.87960971
2015.500000	-15.23999162
2015.583333	-9.44662580
2015.666667	-6.80720455
2015.750000	5.83211826
2015.833333	13.77903496
2015.916667	15.03354554
2016.000000	18.21103461
2016.083333	16.00380987
2016.166667	14.10417902
2016.250000	14.05060358
2016.333333	12.92000664
2016.416667	5.86623435
2016.500000	-8.57225175
2016.583333	-19.93391320
2016.666667	-26.75721154
2016.750000	-31.11906984
2016.833333	-31.17333426
2016.916667	-32.61231249
2017.000000	-32.20523531
2017.083333	-29.95210270
2017.166667	-24.92983775
2017.250000	-24.29228661
2017.333333	-25.80868005
2017.416667	-30.47901808
2017.500000	-22.91868530
2017.583333	-22.58922017
2017.666667	-9.33677655
2017.750000	-2.00750828
2017.833333	4.09089234
2017.916667	-0.04157471
2018.000000	-2.02029402
2018.083333	-4.99911177
2018.166667	-7.20879717
2018.250000	-9.11088868
2018.333333	2.98692137
2018.416667	9.16155608
2018.500000	3.95147697
2018.583333	-2.41254671
2018.666667	-0.39205344
2018.750000	-11.14088937
2018.833333	-18.58213141
2018.916667	-14.71577957
2019.000000	-11.77260308
2019.083333	-9.90644809
2019.166667	-7.65577615
2019.250000	6.13325891
2019.333333	24.69142630
2019.416667	26.09564912
2019.500000	24.96131198
2019.583333	36.44226102
2019.666667	39.38465010
2019.750000	46.71155613
2019.833333	40.42297912
2019.916667	49.13430369
2020.000000	44.99937599
2020.083333	48.71050370
2020.166667	48.19076376
2020.250000	57.20938693
2020.333333	53.61252705
2020.416667	51.47710721
2020.500000	43.41851203
2020.583333	50.74443380
2020.666667	40.30102637
2020.750000	36.47290513
2020.833333	36.64468547
2020.916667	37.35482892
2021.000000	32.52641240
2021.083333	34.08251285
2021.166667	32.40774563
2021.250000	38.73287999
2021.333333	30.44253131
2021.416667	29.69054573
2021.500000	8.09230789
2021.583333	-0.58295146
2021.666667	-15.10446308
2021.750000	-11.24145774
2021.833333	-11.68624314
2021.916667	-14.05420388
2022.000000	-17.88380152
2022.083333	-21.55965142
2022.166667	-16.38944591
2022.250000	-11.14241575
2022.333333	0.71990060
2022.416667	14.12058007
2022.500000	14.44423803
2022.583333	10.46010526
2022.666667	22.78356636
2022.750000	27.41462135
2022.833333	23.04557792
2022.916667	30.21489759
2023.000000	32.76873422
2023.083333	40.32247243
2023.166667	50.33765067
2023.250000	65.04503818
2023.333333	74.29078879
2023.416667	66.07490253
2023.500000	60.16661014
2023.583333	65.18129625
2023.666667	87.81126854
2023.750000	87.51806549
2023.833333	91.45553324
2023.916667	96.77751795
2024.000000	95.33017347
2024.083333	93.19042286
2024.166667	95.81980460
2024.250000	99.21831868
2024.333333	94.61673434
2024.416667	82.24582080
2024.500000	81.10557806
2024.583333	80.58062151
2024.666667	70.67095115
2024.750000	58.53041314
2025.000000	54.39025981
2025.083333	53.59664744
2025.166667	59.38778512
2025.250000	64.29195569
2025.333333	70.97658339
2025.416667	73.91904917
