1880.000000	0.407624
1880.083333	0.407255
1880.166667	0.406883
1880.250000	0.406509
1880.333333	0.406133
1880.416667	0.405756
1880.500000	0.405377
1880.583333	0.404996
1880.666667	0.379507
1880.750000	0.379263
1880.833333	0.379023
1880.916667	0.378789
1881.000000	0.378558
1881.083333	0.378333
1881.166667	0.378111
1881.250000	0.377895
1881.333333	0.377684
1881.416667	0.377477
1881.500000	0.377275
1881.583333	0.377078
1881.666667	0.376992
1881.750000	0.376399
1881.833333	0.375807
1881.916667	0.375213
1882.000000	0.374620
1882.083333	0.374026
1882.166667	0.373432
1882.250000	0.372837
1882.333333	0.372243
1882.416667	0.371649
1882.500000	0.371055
1882.583333	0.370461
1882.666667	0.386111
1882.750000	0.385481
1882.833333	0.384849
1882.916667	0.384215
1883.000000	0.383580
1883.083333	0.382944
1883.166667	0.382307
1883.250000	0.381668
1883.333333	0.381028
1883.416667	0.380388
1883.500000	0.379746
1883.583333	0.379104
1883.666667	0.324365
1883.750000	0.324417
1883.833333	0.324477
1883.916667	0.324545
1884.000000	0.324619
1884.083333	0.324701
1884.166667	0.324791
1884.250000	0.324888
1884.333333	0.324991
1884.416667	0.325103
1884.500000	0.325221
1884.583333	0.325347
1884.666667	0.327204
1884.750000	0.326998
1884.833333	0.326798
1884.916667	0.326606
1885.000000	0.326421
1885.083333	0.326244
1885.166667	0.326074
1885.250000	0.325911
1885.333333	0.325755
1885.416667	0.325607
1885.500000	0.325466
1885.583333	0.325333
1885.666667	0.400051
1885.750000	0.399557
1885.833333	0.399059
1885.916667	0.398557
1886.000000	0.398052
1886.083333	0.397542
1886.166667	0.397029
1886.250000	0.396513
1886.333333	0.395992
1886.416667	0.395469
1886.500000	0.394942
1886.583333	0.394411
1886.666667	0.373691
1886.750000	0.373642
1886.833333	0.373599
1886.916667	0.373561
1887.000000	0.373529
1887.083333	0.373502
1887.166667	0.373481
1887.250000	0.373465
1887.333333	0.373455
1887.416667	0.373450
1887.500000	0.373450
1887.583333	0.373456
1887.666667	0.405531
1887.750000	0.405026
1887.833333	0.404514
1887.916667	0.403998
1888.000000	0.403476
1888.083333	0.402948
1888.166667	0.402416
1888.250000	0.401879
1888.333333	0.401337
1888.416667	0.400790
1888.500000	0.400238
1888.583333	0.399682
1888.666667	0.400021
1888.750000	0.399497
1888.833333	0.398967
1888.916667	0.398430
1889.000000	0.397886
1889.083333	0.397335
1889.166667	0.396777
1889.250000	0.396213
1889.333333	0.395641
1889.416667	0.395063
1889.500000	0.394479
1889.583333	0.393887
1889.666667	0.348303
1889.750000	0.347766
1889.833333	0.347233
1889.916667	0.346705
1890.000000	0.346182
1890.083333	0.345663
1890.166667	0.345149
1890.250000	0.344640
1890.333333	0.344136
1890.416667	0.343636
1890.500000	0.343142
1890.583333	0.342653
1890.666667	0.420305
1890.750000	0.420290
1890.833333	0.420274
1890.916667	0.420257
1891.000000	0.420238
1891.083333	0.420219
1891.166667	0.420198
1891.250000	0.420176
1891.333333	0.420152
1891.416667	0.420128
1891.500000	0.420102
1891.583333	0.420075
1891.666667	0.357752
1891.750000	0.358871
1891.833333	0.359982
1891.916667	0.361086
1892.000000	0.362181
1892.083333	0.363268
1892.166667	0.364347
1892.250000	0.365418
1892.333333	0.366481
1892.416667	0.367535
1892.500000	0.368580
1892.583333	0.369617
1892.666667	0.333753
1892.750000	0.333391
1892.833333	0.333036
1892.916667	0.332687
1893.000000	0.332344
1893.083333	0.332008
1893.166667	0.331679
1893.250000	0.331356
1893.333333	0.331040
1893.416667	0.330731
1893.500000	0.330428
1893.583333	0.330133
1893.666667	0.374196
1893.750000	0.374108
1893.833333	0.374026
1893.916667	0.373950
1894.000000	0.373878
1894.083333	0.373813
1894.166667	0.373752
1894.250000	0.373697
1894.333333	0.373648
1894.416667	0.373604
1894.500000	0.373566
1894.583333	0.373533
1894.666667	0.118415
1894.750000	0.120450
1894.833333	0.122478
1894.916667	0.124499
1895.000000	0.126513
1895.083333	0.128520
1895.166667	0.130519
1895.250000	0.132511
1895.333333	0.134496
1895.416667	0.136473
1895.500000	0.138442
1895.583333	0.140403
1895.666667	0.331484
1895.750000	0.331611
1895.833333	0.331729
1895.916667	0.331840
1896.000000	0.331943
1896.083333	0.332038
1896.166667	0.332125
1896.250000	0.332205
1896.333333	0.332276
1896.416667	0.332340
1896.500000	0.332396
1896.583333	0.332445
1896.666667	0.420277
1896.750000	0.420259
1896.833333	0.420241
1896.916667	0.420222
1897.000000	0.420201
1897.083333	0.420179
1897.166667	0.420156
1897.250000	0.420132
1897.333333	0.420106
1897.416667	0.420079
1897.500000	0.420051
1897.583333	0.420021
1897.666667	0.418333
1897.750000	0.418246
1897.833333	0.418155
1897.916667	0.418063
1898.000000	0.417968
1898.083333	0.417870
1898.166667	0.417769
1898.250000	0.417666
1898.333333	0.417560
1898.416667	0.417452
1898.500000	0.417340
1898.583333	0.417226
1898.666667	0.331069
1898.750000	0.330914
1898.833333	0.330750
1898.916667	0.330579
1899.000000	0.330401
1899.083333	0.330215
1899.166667	0.330021
1899.250000	0.329819
1899.333333	0.329609
1899.416667	0.329392
1899.500000	0.329168
1899.583333	0.328935
1899.666667	-0.112679
1899.750000	-0.112535
1899.833333	-0.112379
1899.916667	-0.112210
1900.000000	-0.112030
1900.083333	-0.111838
1900.166667	-0.111634
1900.250000	-0.111418
1900.333333	-0.111190
1900.416667	-0.110949
1900.500000	-0.110697
1900.583333	-0.110433
1900.666667	0.420346
1900.750000	0.420335
1900.833333	0.420323
1900.916667	0.420310
1901.000000	0.420295
1901.083333	0.420279
1901.166667	0.420262
1901.250000	0.420244
1901.333333	0.420225
1901.416667	0.420205
1901.500000	0.420183
1901.583333	0.420160
1901.666667	-0.027278
1901.750000	-0.025869
1901.833333	-0.024450
1901.916667	-0.023021
1902.000000	-0.021582
1902.083333	-0.020133
1902.166667	-0.018675
1902.250000	-0.017206
1902.333333	-0.015727
1902.416667	-0.014239
1902.500000	-0.012741
1902.583333	-0.011234
1902.666667	-0.077651
1902.750000	-0.078533
1902.833333	-0.079405
1902.916667	-0.080267
1903.000000	-0.081119
1903.083333	-0.081960
1903.166667	-0.082790
1903.250000	-0.083611
1903.333333	-0.084420
1903.416667	-0.085219
1903.500000	-0.086008
1903.583333	-0.086786
1903.666667	-0.013694
1903.750000	-0.015072
1903.833333	-0.016442
1903.916667	-0.017805
1904.000000	-0.019161
1904.083333	-0.020510
1904.166667	-0.021851
1904.250000	-0.023184
1904.333333	-0.024510
1904.416667	-0.025828
1904.500000	-0.027139
1904.583333	-0.028442
1904.666667	-0.030062
1904.750000	-0.031347
1904.833333	-0.032623
1904.916667	-0.033892
1905.000000	-0.035152
1905.083333	-0.036405
1905.166667	-0.037648
1905.250000	-0.038884
1905.333333	-0.040111
1905.416667	-0.041329
1905.500000	-0.042539
1905.583333	-0.043740
1905.666667	-0.299385
1905.750000	-0.298828
1905.833333	-0.298261
1905.916667	-0.297685
1906.000000	-0.297099
1906.083333	-0.296503
1906.166667	-0.295897
1906.250000	-0.295281
1906.333333	-0.294655
1906.416667	-0.294020
1906.500000	-0.293374
1906.583333	-0.292718
1906.666667	0.298608
1906.750000	0.299390
1906.833333	0.300162
1906.916667	0.300923
1907.000000	0.301675
1907.083333	0.302417
1907.166667	0.303149
1907.250000	0.303871
1907.333333	0.304583
1907.416667	0.305285
1907.500000	0.305977
1907.583333	0.306660
1907.666667	-0.113285
1907.750000	-0.113348
1907.833333	-0.113398
1907.916667	-0.113436
1908.000000	-0.113463
1908.083333	-0.113478
1908.166667	-0.113481
1908.250000	-0.113472
1908.333333	-0.113451
1908.416667	-0.113418
1908.500000	-0.113374
1908.583333	-0.113317
1908.666667	0.008049
1908.750000	0.006573
1908.833333	0.005102
1908.916667	0.003638
1909.000000	0.002179
1909.083333	0.000727
1909.166667	-0.000719
1909.250000	-0.002158
1909.333333	-0.003592
1909.416667	-0.005018
1909.500000	-0.006439
1909.583333	-0.007852
1909.666667	-0.239719
1909.750000	-0.241063
1909.833333	-0.242408
1909.916667	-0.243753
1910.000000	-0.245097
1910.083333	-0.246442
1910.166667	-0.247786
1910.250000	-0.249130
1910.333333	-0.250473
1910.416667	-0.251816
1910.500000	-0.253158
1910.583333	-0.254499
1910.666667	0.034905
1910.750000	0.036461
1910.833333	0.038005
1910.916667	0.039540
1911.000000	0.041064
1911.083333	0.042577
1911.166667	0.044080
1911.250000	0.045572
1911.333333	0.047054
1911.416667	0.048525
1911.500000	0.049984
1911.583333	0.051433
1911.666667	0.292178
1911.750000	0.293039
1911.833333	0.293890
1911.916667	0.294731
1912.000000	0.295561
1912.083333	0.296381
1912.166667	0.297191
1912.250000	0.297991
1912.333333	0.298781
1912.416667	0.299561
1912.500000	0.300330
1912.583333	0.301090
1912.666667	-0.179706
1912.750000	-0.178007
1912.833333	-0.176298
1912.916667	-0.174579
1913.000000	-0.172850
1913.083333	-0.171111
1913.166667	-0.169362
1913.250000	-0.167604
1913.333333	-0.165836
1913.416667	-0.164058
1913.500000	-0.162271
1913.583333	-0.160474
1913.666667	-0.375221
1913.750000	-0.374391
1913.833333	-0.373556
1913.916667	-0.372714
1914.000000	-0.371867
1914.083333	-0.371013
1914.166667	-0.370154
1914.250000	-0.369290
1914.333333	-0.368419
1914.416667	-0.367543
1914.500000	-0.366662
1914.583333	-0.365776
1914.666667	-0.325701
1914.750000	-0.326822
1914.833333	-0.327943
1914.916667	-0.329064
1915.000000	-0.330185
1915.083333	-0.331306
1915.166667	-0.332427
1915.250000	-0.333547
1915.333333	-0.334666
1915.416667	-0.335784
1915.500000	-0.336902
1915.583333	-0.338018
1915.666667	-0.396265
1915.750000	-0.396576
1915.833333	-0.396889
1915.916667	-0.397204
1916.000000	-0.397522
1916.083333	-0.397843
1916.166667	-0.398165
1916.250000	-0.398489
1916.333333	-0.398816
1916.416667	-0.399144
1916.500000	-0.399474
1916.583333	-0.399806
1916.666667	-0.408188
1916.750000	-0.407869
1916.833333	-0.407549
1916.916667	-0.407228
1917.000000	-0.406905
1917.083333	-0.406582
1917.166667	-0.406259
1917.250000	-0.405934
1917.333333	-0.405609
1917.416667	-0.405284
1917.500000	-0.404958
1917.583333	-0.404632
1917.666667	-0.374102
1917.750000	-0.373642
1917.833333	-0.373173
1917.916667	-0.372698
1918.000000	-0.372214
1918.083333	-0.371723
1918.166667	-0.371225
1918.250000	-0.370718
1918.333333	-0.370204
1918.416667	-0.369682
1918.500000	-0.369153
1918.583333	-0.368615
1918.666667	-0.419231
1918.750000	-0.419129
1918.833333	-0.419027
1918.916667	-0.418924
1919.000000	-0.418822
1919.083333	-0.418720
1919.166667	-0.418618
1919.250000	-0.418516
1919.333333	-0.418414
1919.416667	-0.418313
1919.500000	-0.418213
1919.583333	-0.418113
1919.666667	-0.229552
1919.750000	-0.229435
1919.833333	-0.229330
1919.916667	-0.229236
1920.000000	-0.229153
1920.083333	-0.229082
1920.166667	-0.229023
1920.250000	-0.228975
1920.333333	-0.228938
1920.416667	-0.228914
1920.500000	-0.228901
1920.583333	-0.228899
1920.666667	-0.247576
1920.750000	-0.246961
1920.833333	-0.246356
1920.916667	-0.245760
1921.000000	-0.245173
1921.083333	-0.244595
1921.166667	-0.244027
1921.250000	-0.243468
1921.333333	-0.242919
1921.416667	-0.242380
1921.500000	-0.241850
1921.583333	-0.241330
1921.666667	-0.005867
1921.750000	-0.006296
1921.833333	-0.006741
1921.916667	-0.007199
1922.000000	-0.007672
1922.083333	-0.008158
1922.166667	-0.008660
1922.250000	-0.009175
1922.333333	-0.009704
1922.416667	-0.010248
1922.500000	-0.010806
1922.583333	-0.011378
1922.666667	0.000060
1922.750000	0.000145
1922.833333	0.000217
1922.916667	0.000274
1923.000000	0.000318
1923.083333	0.000347
1923.166667	0.000361
1923.250000	0.000362
1923.333333	0.000348
1923.416667	0.000320
1923.500000	0.000278
1923.583333	0.000221
1923.666667	-0.377444
1923.750000	-0.377040
1923.833333	-0.376629
1923.916667	-0.376211
1924.000000	-0.375786
1924.083333	-0.375353
1924.166667	-0.374913
1924.250000	-0.374466
1924.333333	-0.374011
1924.416667	-0.373549
1924.500000	-0.373079
1924.583333	-0.372602
1924.666667	-0.155369
1924.750000	-0.153771
1924.833333	-0.152174
1924.916667	-0.150580
1925.000000	-0.148988
1925.083333	-0.147399
1925.166667	-0.145812
1925.250000	-0.144228
1925.333333	-0.142647
1925.416667	-0.141068
1925.500000	-0.139493
1925.583333	-0.137921
1925.666667	-0.043356
1925.750000	-0.042316
1925.833333	-0.041288
1925.916667	-0.040270
1926.000000	-0.039264
1926.083333	-0.038268
1926.166667	-0.037284
1926.250000	-0.036312
1926.333333	-0.035351
1926.416667	-0.034401
1926.500000	-0.033463
1926.583333	-0.032537
1926.666667	-0.264420
1926.750000	-0.262996
1926.833333	-0.261566
1926.916667	-0.260129
1927.000000	-0.258686
1927.083333	-0.257237
1927.166667	-0.255782
1927.250000	-0.254320
1927.333333	-0.252854
1927.416667	-0.251381
1927.500000	-0.249903
1927.583333	-0.248419
1927.666667	0.179478
1927.750000	0.178325
1927.833333	0.177159
1927.916667	0.175979
1928.000000	0.174787
1928.083333	0.173580
1928.166667	0.172361
1928.250000	0.171128
1928.333333	0.169881
1928.416667	0.168622
1928.500000	0.167349
1928.583333	0.166063
1928.666667	0.202728
1928.750000	0.201889
1928.833333	0.201036
1928.916667	0.200171
1929.000000	0.199292
1929.083333	0.198400
1929.166667	0.197494
1929.250000	0.196575
1929.333333	0.195643
1929.416667	0.194698
1929.500000	0.193739
1929.583333	0.192767
1929.666667	-0.179987
1929.750000	-0.178373
1929.833333	-0.176760
1929.916667	-0.175147
1930.000000	-0.173534
1930.083333	-0.171922
1930.166667	-0.170310
1930.250000	-0.168699
1930.333333	-0.167088
1930.416667	-0.165479
1930.500000	-0.163870
1930.583333	-0.162263
1930.666667	-0.299274
1930.750000	-0.298045
1930.833333	-0.296807
1930.916667	-0.295562
1931.000000	-0.294308
1931.083333	-0.293046
1931.166667	-0.291776
1931.250000	-0.290498
1931.333333	-0.289212
1931.416667	-0.287919
1931.500000	-0.286618
1931.583333	-0.285309
1931.666667	0.139966
1931.750000	0.138426
1931.833333	0.136874
1931.916667	0.135309
1932.000000	0.133731
1932.083333	0.132141
1932.166667	0.130538
1932.250000	0.128923
1932.333333	0.127295
1932.416667	0.125655
1932.500000	0.124003
1932.583333	0.122338
1932.666667	0.380752
1932.750000	0.380508
1932.833333	0.380256
1932.916667	0.379997
1933.000000	0.379731
1933.083333	0.379458
1933.166667	0.379177
1933.250000	0.378889
1933.333333	0.378593
1933.416667	0.378290
1933.500000	0.377979
1933.583333	0.377660
1933.666667	0.323002
1933.750000	0.321862
1933.833333	0.320709
1933.916667	0.319544
1934.000000	0.318366
1934.083333	0.317175
1934.166667	0.315971
1934.250000	0.314754
1934.333333	0.313525
1934.416667	0.312282
1934.500000	0.311027
1934.583333	0.309759
1934.666667	0.383702
1934.750000	0.383567
1934.833333	0.383425
1934.916667	0.383276
1935.000000	0.383120
1935.083333	0.382958
1935.166667	0.382789
1935.250000	0.382614
1935.333333	0.382431
1935.416667	0.382242
1935.500000	0.382046
1935.583333	0.381843
1935.666667	0.407258
1935.750000	0.406704
1935.833333	0.406137
1935.916667	0.405557
1936.000000	0.404965
1936.083333	0.404360
1936.166667	0.403743
1936.250000	0.403113
1936.333333	0.402471
1936.416667	0.401815
1936.500000	0.401147
1936.583333	0.400465
1936.666667	0.422044
1936.750000	0.422005
1936.833333	0.421952
1936.916667	0.421884
1937.000000	0.421802
1937.083333	0.421706
1937.166667	0.421595
1937.250000	0.421469
1937.333333	0.421329
1937.416667	0.421174
1937.500000	0.421005
1937.583333	0.420821
1937.666667	0.421957
1937.750000	0.421926
1937.833333	0.421893
1937.916667	0.421856
1938.000000	0.421817
1938.083333	0.421775
1938.166667	0.421731
1938.250000	0.421683
1938.333333	0.421634
1938.416667	0.421582
1938.500000	0.421528
1938.583333	0.421471
1938.666667	0.151350
1938.750000	0.149442
1938.833333	0.147539
1938.916667	0.145641
1939.000000	0.143749
1939.083333	0.141862
1939.166667	0.139981
1939.250000	0.138105
1939.333333	0.136236
1939.416667	0.134373
1939.500000	0.132517
1939.583333	0.130666
1939.666667	0.227697
1939.750000	0.227203
1939.833333	0.226723
1939.916667	0.226255
1940.000000	0.225800
1940.083333	0.225358
1940.166667	0.224929
1940.250000	0.224513
1940.333333	0.224110
1940.416667	0.223721
1940.500000	0.223344
1940.583333	0.222980
1940.666667	0.218772
1940.750000	0.218656
1940.833333	0.218553
1940.916667	0.218464
1941.000000	0.218388
1941.083333	0.218326
1941.166667	0.218277
1941.250000	0.218242
1941.333333	0.218220
1941.416667	0.218212
1941.500000	0.218216
1941.583333	0.218235
1941.666667	0.232753
1941.750000	0.233353
1941.833333	0.233964
1941.916667	0.234586
1942.000000	0.235219
1942.083333	0.235863
1942.166667	0.236517
1942.250000	0.237182
1942.333333	0.237857
1942.416667	0.238543
1942.500000	0.239239
1942.583333	0.239945
1942.666667	0.218223
1942.750000	0.218212
1942.833333	0.218215
1942.916667	0.218231
1943.000000	0.218261
1943.083333	0.218304
1943.166667	0.218360
1943.250000	0.218430
1943.333333	0.218513
1943.416667	0.218609
1943.500000	0.218719
1943.583333	0.218842
1943.666667	0.362728
1943.750000	0.361995
1943.833333	0.361264
1943.916667	0.360533
1944.000000	0.359804
1944.083333	0.359077
1944.166667	0.358352
1944.250000	0.357628
1944.333333	0.356907
1944.416667	0.356187
1944.500000	0.355471
1944.583333	0.354756
1944.666667	0.421913
1944.750000	0.421950
1944.833333	0.421981
1944.916667	0.422008
1945.000000	0.422031
1945.083333	0.422049
1945.166667	0.422062
1945.250000	0.422072
1945.333333	0.422077
1945.416667	0.422078
1945.500000	0.422076
1945.583333	0.422069
1945.666667	0.243662
1945.750000	0.244428
1945.833333	0.245203
1945.916667	0.245987
1946.000000	0.246781
1946.083333	0.247584
1946.166667	0.248395
1946.250000	0.249216
1946.333333	0.250045
1946.416667	0.250884
1946.500000	0.251730
1946.583333	0.252586
1946.666667	0.394236
1946.750000	0.393369
1946.833333	0.392491
1946.916667	0.391602
1947.000000	0.390703
1947.083333	0.389792
1947.166667	0.388871
1947.250000	0.387939
1947.333333	0.386997
1947.416667	0.386045
1947.500000	0.385083
1947.583333	0.384110
1947.666667	0.343946
1947.750000	0.344636
1947.833333	0.345331
1947.916667	0.346032
1948.000000	0.346739
1948.083333	0.347450
1948.166667	0.348167
1948.250000	0.348888
1948.333333	0.349614
1948.416667	0.350345
1948.500000	0.351081
1948.583333	0.351820
1948.666667	0.341021
1948.750000	0.341870
1948.833333	0.342710
1948.916667	0.343540
1949.000000	0.344361
1949.083333	0.345172
1949.166667	0.345974
1949.250000	0.346767
1949.333333	0.347550
1949.416667	0.348324
1949.500000	0.349089
1949.583333	0.349844
1949.666667	0.113578
1949.750000	0.111805
1949.833333	0.110041
1949.916667	0.108285
1950.000000	0.106538
1950.083333	0.104800
1950.166667	0.103070
1950.250000	0.101349
1950.333333	0.099638
1950.416667	0.097936
1950.500000	0.096243
1950.583333	0.094560
1950.666667	0.039248
1950.750000	0.038018
1950.833333	0.036803
1950.916667	0.035601
1951.000000	0.034412
1951.083333	0.033237
1951.166667	0.032076
1951.250000	0.030929
1951.333333	0.029795
1951.416667	0.028676
1951.500000	0.027570
1951.583333	0.026479
1951.666667	0.419980
1951.750000	0.420062
1951.833333	0.420144
1951.916667	0.420226
1952.000000	0.420307
1952.083333	0.420388
1952.166667	0.420468
1952.250000	0.420548
1952.333333	0.420627
1952.416667	0.420704
1952.500000	0.420781
1952.583333	0.420857
1952.666667	0.382758
1952.750000	0.382581
1952.833333	0.382397
1952.916667	0.382207
1953.000000	0.382009
1953.083333	0.381805
1953.166667	0.381594
1953.250000	0.381376
1953.333333	0.381151
1953.416667	0.380919
1953.500000	0.380679
1953.583333	0.380433
1953.666667	0.418936
1953.750000	0.419013
1953.833333	0.419091
1953.916667	0.419169
1954.000000	0.419249
1954.083333	0.419329
1954.166667	0.419409
1954.250000	0.419490
1954.333333	0.419572
1954.416667	0.419654
1954.500000	0.419736
1954.583333	0.419818
1954.666667	0.370717
1954.750000	0.371627
1954.833333	0.372530
1954.916667	0.373426
1955.000000	0.374315
1955.083333	0.375196
1955.166667	0.376071
1955.250000	0.376937
1955.333333	0.377797
1955.416667	0.378649
1955.500000	0.379493
1955.583333	0.380329
1955.666667	0.263799
1955.750000	0.262792
1955.833333	0.261793
1955.916667	0.260804
1956.000000	0.259823
1956.083333	0.258851
1956.166667	0.257889
1956.250000	0.256935
1956.333333	0.255991
1956.416667	0.255057
1956.500000	0.254132
1956.583333	0.253217
1956.666667	0.319503
1956.750000	0.317894
1956.833333	0.316273
1956.916667	0.314642
1957.000000	0.313000
1957.083333	0.311348
1957.166667	0.309686
1957.250000	0.308013
1957.333333	0.306330
1957.416667	0.304638
1957.500000	0.302935
1957.583333	0.301224
1957.666667	0.417653
1957.750000	0.417698
1957.833333	0.417746
1957.916667	0.417795
1958.000000	0.417847
1958.083333	0.417900
1958.166667	0.417956
1958.250000	0.418013
1958.333333	0.418071
1958.416667	0.418132
1958.500000	0.418194
1958.583333	0.418258
1958.666667	0.421160
1958.750000	0.421093
1958.833333	0.421025
1958.916667	0.420955
1959.000000	0.420883
1959.083333	0.420811
1959.166667	0.420737
1959.250000	0.420663
1959.333333	0.420587
1959.416667	0.420511
1959.500000	0.420434
1959.583333	0.420356
1959.666667	0.421904
1959.750000	0.421859
1959.833333	0.421808
1959.916667	0.421751
1960.000000	0.421688
1960.083333	0.421619
1960.166667	0.421543
1960.250000	0.421462
1960.333333	0.421373
1960.416667	0.421278
1960.500000	0.421177
1960.583333	0.421068
1960.666667	0.389003
1960.750000	0.388112
1960.833333	0.387207
1960.916667	0.386289
1961.000000	0.385357
1961.083333	0.384411
1961.166667	0.383451
1961.250000	0.382478
1961.333333	0.381490
1961.416667	0.380489
1961.500000	0.379474
1961.583333	0.378445
1961.666667	0.269918
1961.750000	0.268057
1961.833333	0.266190
1961.916667	0.264316
1962.000000	0.262437
1962.083333	0.260551
1962.166667	0.258660
1962.250000	0.256763
1962.333333	0.254861
1962.416667	0.252954
1962.500000	0.251042
1962.583333	0.249125
1962.666667	0.407636
1962.750000	0.407090
1962.833333	0.406531
1962.916667	0.405961
1963.000000	0.405377
1963.083333	0.404781
1963.166667	0.404173
1963.250000	0.403552
1963.333333	0.402918
1963.416667	0.402271
1963.500000	0.401612
1963.583333	0.400939
1963.666667	0.008759
1963.750000	0.009551
1963.833333	0.010357
1963.916667	0.011175
1964.000000	0.012007
1964.083333	0.012852
1964.166667	0.013710
1964.250000	0.014581
1964.333333	0.015464
1964.416667	0.016361
1964.500000	0.017271
1964.583333	0.018193
1964.666667	0.291346
1964.750000	0.292629
1964.833333	0.293904
1964.916667	0.295170
1965.000000	0.296427
1965.083333	0.297675
1965.166667	0.298913
1965.250000	0.300143
1965.333333	0.301364
1965.416667	0.302576
1965.500000	0.303779
1965.583333	0.304972
1965.666667	0.367006
1965.750000	0.367514
1965.833333	0.368014
1965.916667	0.368506
1966.000000	0.368990
1966.083333	0.369465
1966.166667	0.369933
1966.250000	0.370393
1966.333333	0.370845
1966.416667	0.371289
1966.500000	0.371725
1966.583333	0.372153
1966.666667	0.031997
1966.750000	0.033097
1966.833333	0.034209
1966.916667	0.035332
1967.000000	0.036467
1967.083333	0.037612
1967.166667	0.038770
1967.250000	0.039938
1967.333333	0.041117
1967.416667	0.042307
1967.500000	0.043508
1967.583333	0.044720
1967.666667	0.129671
1967.750000	0.131149
1967.833333	0.132618
1967.916667	0.134077
1968.000000	0.135527
1968.083333	0.136967
1968.166667	0.138399
1968.250000	0.139820
1968.333333	0.141232
1968.416667	0.142634
1968.500000	0.144027
1968.583333	0.145409
1968.666667	-0.376349
1968.750000	-0.376783
1968.833333	-0.377209
1968.916667	-0.377627
1969.000000	-0.378036
1969.083333	-0.378438
1969.166667	-0.378832
1969.250000	-0.379218
1969.333333	-0.379596
1969.416667	-0.379967
1969.500000	-0.380330
1969.583333	-0.380686
1969.666667	-0.264205
1969.750000	-0.262780
1969.833333	-0.261348
1969.916667	-0.259911
1970.000000	-0.258467
1970.083333	-0.257017
1970.166667	-0.255560
1970.250000	-0.254098
1970.333333	-0.252631
1970.416667	-0.251157
1970.500000	-0.249678
1970.583333	-0.248193
1970.666667	-0.144789
1970.750000	-0.143206
1970.833333	-0.141627
1970.916667	-0.140051
1971.000000	-0.138478
1971.083333	-0.136908
1971.166667	-0.135342
1971.250000	-0.133779
1971.333333	-0.132221
1971.416667	-0.130666
1971.500000	-0.129115
1971.583333	-0.127568
1971.666667	-0.260203
1971.750000	-0.259437
1971.833333	-0.258679
1971.916667	-0.257929
1972.000000	-0.257187
1972.083333	-0.256452
1972.166667	-0.255725
1972.250000	-0.255007
1972.333333	-0.254296
1972.416667	-0.253594
1972.500000	-0.252899
1972.583333	-0.252214
1972.666667	-0.387237
1972.750000	-0.386510
1972.833333	-0.385777
1972.916667	-0.385036
1973.000000	-0.384289
1973.083333	-0.383534
1973.166667	-0.382773
1973.250000	-0.382005
1973.333333	-0.381230
1973.416667	-0.380448
1973.500000	-0.379660
1973.583333	-0.378865
1973.666667	-0.240859
1973.750000	-0.242699
1973.833333	-0.244535
1973.916667	-0.246368
1974.000000	-0.248197
1974.083333	-0.250023
1974.166667	-0.251845
1974.250000	-0.253662
1974.333333	-0.255476
1974.416667	-0.257285
1974.500000	-0.259090
1974.583333	-0.260891
1974.666667	-0.417425
1974.750000	-0.417179
1974.833333	-0.416926
1974.916667	-0.416666
1975.000000	-0.416398
1975.083333	-0.416123
1975.166667	-0.415841
1975.250000	-0.415551
1975.333333	-0.415254
1975.416667	-0.414949
1975.500000	-0.414637
1975.583333	-0.414318
1975.666667	-0.421127
1975.750000	-0.420969
1975.833333	-0.420799
1975.916667	-0.420618
1976.000000	-0.420424
1976.083333	-0.420219
1976.166667	-0.420003
1976.250000	-0.419775
1976.333333	-0.419535
1976.416667	-0.419284
1976.500000	-0.419022
1976.583333	-0.418749
1976.666667	-0.418010
1976.750000	-0.417697
1976.833333	-0.417374
1976.916667	-0.417041
1977.000000	-0.416697
1977.083333	-0.416342
1977.166667	-0.415977
1977.250000	-0.415601
1977.333333	-0.415215
1977.416667	-0.414819
1977.500000	-0.414413
1977.583333	-0.413998
1977.666667	-0.374214
1977.750000	-0.373377
1977.833333	-0.372534
1977.916667	-0.371686
1978.000000	-0.370831
1978.083333	-0.369971
1978.166667	-0.369105
1978.250000	-0.368234
1978.333333	-0.367357
1978.416667	-0.366474
1978.500000	-0.365586
1978.583333	-0.364693
1978.666667	-0.404112
1978.750000	-0.404615
1978.833333	-0.405111
1978.916667	-0.405600
1979.000000	-0.406084
1979.083333	-0.406561
1979.166667	-0.407031
1979.250000	-0.407495
1979.333333	-0.407952
1979.416667	-0.408403
1979.500000	-0.408847
1979.583333	-0.409284
1979.666667	-0.319660
1979.750000	-0.319196
1979.833333	-0.318740
1979.916667	-0.318292
1980.000000	-0.317852
1980.083333	-0.317420
1980.166667	-0.316997
1980.250000	-0.316581
1980.333333	-0.316174
1980.416667	-0.315775
1980.500000	-0.315385
1980.583333	-0.315003
1980.666667	-0.368069
1980.750000	-0.366947
1980.833333	-0.365814
1980.916667	-0.364671
1981.000000	-0.363518
1981.083333	-0.362355
1981.166667	-0.361183
1981.250000	-0.360000
1981.333333	-0.358808
1981.416667	-0.357607
1981.500000	-0.356396
1981.583333	-0.355176
1981.666667	-0.361926
1981.750000	-0.362642
1981.833333	-0.363359
1981.916667	-0.364076
1982.000000	-0.364792
1982.083333	-0.365508
1982.166667	-0.366224
1982.250000	-0.366940
1982.333333	-0.367655
1982.416667	-0.368369
1982.500000	-0.369083
1982.583333	-0.369795
1982.666667	-0.419149
1982.750000	-0.419349
1982.833333	-0.419544
1982.916667	-0.419732
1983.000000	-0.419914
1983.083333	-0.420090
1983.166667	-0.420259
1983.250000	-0.420421
1983.333333	-0.420576
1983.416667	-0.420725
1983.500000	-0.420866
1983.583333	-0.421001
1983.666667	-0.388905
1983.750000	-0.388706
1983.833333	-0.388512
1983.916667	-0.388322
1984.000000	-0.388136
1984.083333	-0.387955
1984.166667	-0.387779
1984.250000	-0.387607
1984.333333	-0.387440
1984.416667	-0.387278
1984.500000	-0.387120
1984.583333	-0.386967
1984.666667	-0.180377
1984.750000	-0.178351
1984.833333	-0.176321
1984.916667	-0.174289
1985.000000	-0.172253
1985.083333	-0.170214
1985.166667	-0.168172
1985.250000	-0.166127
1985.333333	-0.164080
1985.416667	-0.162031
1985.500000	-0.159979
1985.583333	-0.157925
1985.666667	-0.413267
1985.750000	-0.413571
1985.833333	-0.413872
1985.916667	-0.414170
1986.000000	-0.414465
1986.083333	-0.414755
1986.166667	-0.415042
1986.250000	-0.415326
1986.333333	-0.415605
1986.416667	-0.415880
1986.500000	-0.416151
1986.583333	-0.416417
1986.666667	-0.105089
1986.750000	-0.104755
1986.833333	-0.104433
1986.916667	-0.104124
1987.000000	-0.103828
1987.083333	-0.103545
1987.166667	-0.103275
1987.250000	-0.103018
1987.333333	-0.102774
1987.416667	-0.102543
1987.500000	-0.102325
1987.583333	-0.102119
1987.666667	-0.369710
1987.750000	-0.370486
1987.833333	-0.371255
1987.916667	-0.372016
1988.000000	-0.372769
1988.083333	-0.373514
1988.166667	-0.374251
1988.250000	-0.374980
1988.333333	-0.375702
1988.416667	-0.376416
1988.500000	-0.377122
1988.583333	-0.377821
1988.666667	-0.094115
1988.750000	-0.093426
1988.833333	-0.092725
1988.916667	-0.092013
1989.000000	-0.091289
1989.083333	-0.090552
1989.166667	-0.089804
1989.250000	-0.089043
1989.333333	-0.088271
1989.416667	-0.087487
1989.500000	-0.086691
1989.583333	-0.085883
1989.666667	0.308775
1989.750000	0.309417
1989.833333	0.310050
1989.916667	0.310673
1990.000000	0.311287
1990.083333	0.311891
1990.166667	0.312485
1990.250000	0.313071
1990.333333	0.313647
1990.416667	0.314213
1990.500000	0.314770
1990.583333	0.315318
1990.666667	-0.113402
1990.750000	-0.113440
1990.833333	-0.113465
1990.916667	-0.113479
1991.000000	-0.113480
1991.083333	-0.113470
1991.166667	-0.113448
1991.250000	-0.113414
1991.333333	-0.113368
1991.416667	-0.113311
1991.500000	-0.113241
1991.583333	-0.113159
1991.666667	0.080877
1991.750000	0.079235
1991.833333	0.077593
1991.916667	0.075953
1992.000000	0.074314
1992.083333	0.072677
1992.166667	0.071042
1992.250000	0.069408
1992.333333	0.067777
1992.416667	0.066147
1992.500000	0.064520
1992.583333	0.062894
1992.666667	0.137751
1992.750000	0.138282
1992.833333	0.138824
1992.916667	0.139377
1993.000000	0.139941
1993.083333	0.140516
1993.166667	0.141101
1993.250000	0.141697
1993.333333	0.142305
1993.416667	0.142922
1993.500000	0.143551
1993.583333	0.144190
1993.666667	0.242712
1993.750000	0.241495
1993.833333	0.240279
1993.916667	0.239066
1994.000000	0.237853
1994.083333	0.236643
1994.166667	0.235435
1994.250000	0.234228
1994.333333	0.233024
1994.416667	0.231822
1994.500000	0.230622
1994.583333	0.229424
1994.666667	0.411774
1994.750000	0.411437
1994.833333	0.411097
1994.916667	0.410753
1995.000000	0.410406
1995.083333	0.410056
1995.166667	0.409703
1995.250000	0.409347
1995.333333	0.408989
1995.416667	0.408628
1995.500000	0.408264
1995.583333	0.407898
1995.666667	0.420391
1995.750000	0.420394
1995.833333	0.420396
1995.916667	0.420397
1996.000000	0.420397
1996.083333	0.420396
1996.166667	0.420393
1996.250000	0.420390
1996.333333	0.420385
1996.416667	0.420380
1996.500000	0.420373
1996.583333	0.420365
1996.666667	0.216786
1996.750000	0.215624
1996.833333	0.214466
1996.916667	0.213312
1997.000000	0.212161
1997.083333	0.211014
1997.166667	0.209872
1997.250000	0.208733
1997.333333	0.207599
1997.416667	0.206469
1997.500000	0.205344
1997.583333	0.204223
1997.666667	0.405521
1997.750000	0.405871
1997.833333	0.406219
1997.916667	0.406565
1998.000000	0.406909
1998.083333	0.407252
1998.166667	0.407592
1998.250000	0.407930
1998.333333	0.408266
1998.416667	0.408600
1998.500000	0.408931
1998.583333	0.409260
1998.666667	0.383496
1998.750000	0.382860
1998.833333	0.382222
1998.916667	0.381583
1999.000000	0.380943
1999.083333	0.380303
1999.166667	0.379661
1999.250000	0.379019
1999.333333	0.378376
1999.416667	0.377733
1999.500000	0.377090
1999.583333	0.376446
1999.666667	0.350534
1999.750000	0.351700
1999.833333	0.352859
1999.916667	0.354010
2000.000000	0.355154
2000.083333	0.356291
2000.166667	0.357420
2000.250000	0.358542
2000.333333	0.359655
2000.416667	0.360761
2000.500000	0.361859
2000.583333	0.362948
2000.666667	0.157569
2000.750000	0.158403
2000.833333	0.159247
2000.916667	0.160101
2001.000000	0.160964
2001.083333	0.161837
2001.166667	0.162719
2001.250000	0.163610
2001.333333	0.164511
2001.416667	0.165422
2001.500000	0.166341
2001.583333	0.167270
2001.666667	0.421898
2001.750000	0.421847
2001.833333	0.421789
2001.916667	0.421724
2002.000000	0.421653
2002.083333	0.421576
2002.166667	0.421492
2002.250000	0.421401
2002.333333	0.421304
2002.416667	0.421201
2002.500000	0.421091
2002.583333	0.420974
2002.666667	0.295366
2002.750000	0.296457
2002.833333	0.297551
2002.916667	0.298647
2003.000000	0.299745
2003.083333	0.300845
2003.166667	0.301946
2003.250000	0.303050
2003.333333	0.304155
2003.416667	0.305261
2003.500000	0.306369
2003.583333	0.307477
2003.666667	0.421886
2003.750000	0.421932
2003.833333	0.421971
2003.916667	0.422005
2004.000000	0.422032
2004.083333	0.422053
2004.166667	0.422068
2004.250000	0.422076
2004.333333	0.422078
2004.416667	0.422074
2004.500000	0.422063
2004.583333	0.422046
2004.666667	0.382294
2004.750000	0.381637
2004.833333	0.380972
2004.916667	0.380300
2005.000000	0.379621
2005.083333	0.378935
2005.166667	0.378242
2005.250000	0.377542
2005.333333	0.376835
2005.416667	0.376121
2005.500000	0.375399
2005.583333	0.374671
2005.666667	0.417240
2005.750000	0.417123
2005.833333	0.417003
2005.916667	0.416880
2006.000000	0.416754
2006.083333	0.416625
2006.166667	0.416492
2006.250000	0.416356
2006.333333	0.416217
2006.416667	0.416075
2006.500000	0.415929
2006.583333	0.415780
2006.666667	0.387474
2006.750000	0.387805
2006.833333	0.388138
2006.916667	0.388474
2007.000000	0.388811
2007.083333	0.389151
2007.166667	0.389492
2007.250000	0.389836
2007.333333	0.390181
2007.416667	0.390528
2007.500000	0.390877
2007.583333	0.391228
2007.666667	0.346013
2007.750000	0.347083
2007.833333	0.348149
2007.916667	0.349211
2008.000000	0.350270
2008.083333	0.351325
2008.166667	0.352377
2008.250000	0.353424
2008.333333	0.354467
2008.416667	0.355506
2008.500000	0.356540
2008.583333	0.357570
2008.666667	0.373272
2008.750000	0.372678
2008.833333	0.372084
2008.916667	0.371490
2009.000000	0.370896
2009.083333	0.370302
2009.166667	0.369709
2009.250000	0.369116
2009.333333	0.368524
2009.416667	0.367932
2009.500000	0.367341
2009.583333	0.366751
2009.666667	0.388993
2009.750000	0.388431
2009.833333	0.387868
2009.916667	0.387302
2010.000000	0.386734
2010.083333	0.386164
2010.166667	0.385592
2010.250000	0.385018
2010.333333	0.384442
2010.416667	0.383864
2010.500000	0.383285
2010.583333	0.382704
2010.666667	0.376948
2010.750000	0.376189
2010.833333	0.375425
2010.916667	0.374654
2011.000000	0.373878
2011.083333	0.373096
2011.166667	0.372308
2011.250000	0.371515
2011.333333	0.370716
2011.416667	0.369911
2011.500000	0.369101
2011.583333	0.368285
2011.666667	0.421805
2011.750000	0.421772
2011.833333	0.421736
2011.916667	0.421699
2012.000000	0.421661
2012.083333	0.421622
2012.166667	0.421581
2012.250000	0.421539
2012.333333	0.421496
2012.416667	0.421452
2012.500000	0.421407
2012.583333	0.421361
2012.666667	0.401870
2012.750000	0.401372
2012.833333	0.400866
2012.916667	0.400354
2013.000000	0.399835
2013.083333	0.399309
2013.166667	0.398776
2013.250000	0.398236
2013.333333	0.397690
2013.416667	0.397137
2013.500000	0.396577
2013.583333	0.396010
2013.666667	0.403242
2013.750000	0.402762
2013.833333	0.402276
2013.916667	0.401783
2014.000000	0.401283
2014.083333	0.400777
2014.166667	0.400263
2014.250000	0.399743
2014.333333	0.399216
2014.416667	0.398682
2014.500000	0.398141
2014.583333	0.397593
2014.666667	0.421128
2014.750000	0.421175
2014.833333	0.421222
2014.916667	0.421269
2015.000000	0.421314
2015.083333	0.421359
2015.166667	0.421403
2015.250000	0.421446
2015.333333	0.421489
2015.416667	0.421530
2015.500000	0.421571
2015.583333	0.421610
2015.666667	0.420553
2015.750000	0.420375
2015.833333	0.420187
2015.916667	0.419991
2016.000000	0.419785
2016.083333	0.419569
2016.166667	0.419345
2016.250000	0.419111
2016.333333	0.418869
2016.416667	0.418617
2016.500000	0.418357
2016.583333	0.418088
2016.666667	0.404647
2016.750000	0.404189
2016.833333	0.403723
2016.916667	0.403251
2017.000000	0.402771
2017.083333	0.402285
2017.166667	0.401792
2017.250000	0.401293
2017.333333	0.400786
2017.416667	0.400273
2017.500000	0.399752
2017.583333	0.399225
2017.666667	0.422078
2017.750000	0.422078
2017.833333	0.422075
2017.916667	0.422070
2018.000000	0.422061
2018.083333	0.422051
2018.166667	0.422038
2018.250000	0.422022
2018.333333	0.422005
2018.416667	0.421985
2018.500000	0.421963
2018.583333	0.421939
2018.666667	0.419058
2018.750000	0.419071
2018.833333	0.419086
2018.916667	0.419103
2019.000000	0.419120
2019.083333	0.419139
2019.166667	0.419160
2019.250000	0.419181
2019.333333	0.419204
2019.416667	0.419228
2019.500000	0.419254
2019.583333	0.419281
2019.666667	0.387868
2019.750000	0.387521
2019.833333	0.387178
2019.916667	0.386837
2020.000000	0.386500
2020.083333	0.386165
2020.166667	0.385834
2020.250000	0.385506
2020.333333	0.385181
2020.416667	0.384859
2020.500000	0.384540
2020.583333	0.384225
2020.666667	0.420755
2020.750000	0.420588
2020.833333	0.420412
2020.916667	0.420226
2021.000000	0.420032
2021.083333	0.419827
2021.166667	0.419614
2021.250000	0.419391
2021.333333	0.419160
2021.416667	0.418919
2021.500000	0.418669
2021.583333	0.418411
2021.666667	0.396017
2021.750000	0.396679
2021.833333	0.397330
2021.916667	0.397972
2022.000000	0.398603
2022.083333	0.399224
2022.166667	0.399835
2022.250000	0.400436
2022.333333	0.401027
2022.416667	0.401608
2022.500000	0.402179
2022.583333	0.402740
