1856.000000	-0.121417
1856.083333	-0.087798
1856.166667	-0.069880
1856.250000	-0.279807
1856.333333	-0.025783
1856.416667	0.405328
1856.500000	0.384922
1856.583333	0.041139
1856.666667	0.087284
1856.750000	0.041544
1856.833333	0.058998
1856.916667	0.161198
1857.000000	0.438510
1857.083333	0.122788
1857.166667	0.118740
1857.250000	0.235508
1857.333333	-0.111240
1857.416667	-0.545430
1857.500000	-0.424216
1857.583333	-0.368056
1857.666667	-0.742054
1857.750000	-1.210433
1857.833333	-0.977129
1857.916667	-1.196130
1858.000000	-1.043642
1858.083333	-0.996708
1858.166667	-0.439369
1858.250000	-0.179238
1858.333333	-0.304916
1858.416667	-0.583187
1858.500000	-0.623737
1858.583333	-0.413201
1858.666667	-0.276316
1858.750000	-0.100502
1858.833333	-0.279208
1858.916667	-0.325247
1859.000000	-0.809524
1859.083333	-0.568723
1859.166667	-0.081441
1859.250000	0.079277
1859.333333	-0.178167
1859.416667	-0.389683
1859.500000	-0.331483
1859.583333	-0.141581
1859.666667	0.102988
1859.750000	-0.117268
1859.833333	-0.069481
1859.916667	-0.049755
1860.000000	0.088487
1860.083333	-0.386162
1860.166667	0.139820
1860.250000	-0.072349
1860.333333	0.280134
1860.416667	0.687311
1860.500000	0.585982
1860.583333	0.348373
1860.666667	0.333920
1860.750000	0.509457
1860.833333	-0.011845
1860.916667	-0.018447
1861.000000	-0.230985
1861.083333	-0.351775
1861.166667	-0.384650
1861.250000	0.034484
1861.333333	0.130171
1861.416667	0.717991
1861.500000	0.837108
1861.583333	0.377522
1861.666667	0.272827
1861.750000	-0.206280
1861.833333	-0.003694
1861.916667	0.069133
1862.000000	-0.034109
1862.083333	-0.455063
1862.166667	-0.227766
1862.250000	-0.203656
1862.333333	-0.455441
1862.416667	0.127143
1862.500000	-0.350466
1862.583333	-0.725846
1862.666667	-0.643967
1862.750000	-0.764923
1862.833333	-0.510863
1862.916667	-0.274004
1863.000000	0.125930
1863.083333	0.029637
1863.166667	0.330375
1863.250000	0.349174
1863.333333	0.255068
1863.416667	0.128817
1863.500000	-0.559393
1863.583333	-0.960636
1863.666667	-0.589746
1863.750000	-0.479308
1863.833333	-0.357703
1863.916667	0.008766
1864.000000	0.012737
1864.083333	-0.230199
1864.166667	-0.216203
1864.250000	-0.046208
1864.333333	-0.143545
1864.416667	0.032777
1864.500000	0.510551
1864.583333	0.387600
1864.666667	-0.186505
1864.750000	-0.449408
1864.833333	-0.177890
1864.916667	-0.052237
1865.000000	0.011281
1865.083333	0.210296
1865.166667	0.406708
1865.250000	-0.022755
1865.333333	-0.237052
1865.416667	-0.167632
1865.500000	-0.360284
1865.583333	-0.733653
1865.666667	-0.206962
1865.750000	-0.348750
1865.833333	-0.474695
1865.916667	-0.302560
1866.000000	-0.485039
1866.083333	-0.183310
1866.166667	-0.216887
1866.250000	-0.333187
1866.333333	-0.062834
1866.416667	0.703805
1866.500000	0.675008
1866.583333	0.594312
1866.666667	0.318225
1866.750000	0.119053
1866.833333	0.433812
1866.916667	0.693741
1867.000000	0.376526
1867.083333	0.221981
1867.166667	0.144728
1867.250000	0.114059
1867.333333	-0.310902
1867.416667	-0.232831
1867.500000	-0.094456
1867.583333	-0.383288
1867.666667	-0.277677
1867.750000	-0.015688
1867.833333	0.304095
1867.916667	0.128771
1868.000000	0.266487
1868.083333	0.361852
1868.166667	0.490164
1868.250000	0.330431
1868.333333	0.233564
1868.416667	0.567232
1868.500000	0.765767
1868.583333	0.271441
1868.666667	-0.235586
1868.750000	-0.144926
1868.833333	-0.054580
1868.916667	-0.080882
1869.000000	-0.411536
1869.083333	0.109578
1869.166667	-0.015088
1869.250000	0.051752
1869.333333	0.318952
1869.416667	0.197365
1869.500000	0.183251
1869.583333	-0.030102
1869.666667	-0.220552
1869.750000	-0.371652
1869.833333	-0.070702
1869.916667	0.060577
1870.000000	-0.003698
1870.083333	-0.114477
1870.166667	0.064269
1870.250000	-0.045030
1870.333333	0.148196
1870.416667	0.148280
1870.500000	0.005307
1870.583333	0.372920
1870.666667	0.384261
1870.750000	0.342163
1870.833333	0.518225
1870.916667	-0.017314
1871.000000	-0.334130
1871.083333	-0.238190
1871.166667	0.102543
1871.250000	0.353018
1871.333333	0.294239
1871.416667	0.321803
1871.500000	0.502165
1871.583333	0.077316
1871.666667	-0.390294
1871.750000	-0.581944
1871.833333	-0.308638
1871.916667	-0.537040
1872.000000	-0.111158
1872.083333	-0.031407
1872.166667	-0.136508
1872.250000	-0.351541
1872.333333	0.202183
1872.416667	0.713496
1872.500000	0.506463
1872.583333	0.471983
1872.666667	0.548148
1872.750000	-0.029232
1872.833333	0.102395
1872.916667	0.227036
1873.000000	-0.165898
1873.083333	-0.143398
1873.166667	0.247037
1873.250000	0.043374
1873.333333	0.082965
1873.416667	0.081503
1873.500000	0.080594
1873.583333	-0.077719
1873.666667	0.018593
1873.750000	-0.099474
1873.833333	-0.092387
1873.916667	0.265692
1874.000000	0.294751
1874.083333	0.035959
1874.166667	-0.004663
1874.250000	0.292172
1874.333333	-0.039130
1874.416667	0.128897
1874.500000	0.035053
1874.583333	0.092733
1874.666667	0.687954
1874.750000	0.391812
1874.833333	0.366596
1874.916667	0.012964
1875.000000	0.161118
1875.083333	0.083038
1875.166667	0.449947
1875.250000	0.353666
1875.333333	0.196544
1875.416667	0.462272
1875.500000	-0.334003
1875.583333	-0.161630
1875.666667	0.064954
1875.750000	0.207854
1875.833333	0.119653
1875.916667	-0.033176
1876.000000	-0.377301
1876.083333	-0.313704
1876.166667	-0.344159
1876.250000	0.003552
1876.333333	-0.005660
1876.416667	0.535959
1876.500000	0.615551
1876.583333	0.959321
1876.666667	0.764504
1876.750000	-0.247052
1876.833333	-0.485460
1876.916667	-0.630048
1877.000000	-0.701165
1877.083333	-0.250984
1877.166667	-0.091008
1877.250000	-0.267395
1877.333333	-0.100391
1877.416667	-0.328564
1877.500000	-0.271190
1877.583333	-0.636068
1877.666667	-0.732566
1877.750000	-0.471669
1877.833333	0.107431
1877.916667	0.093664
1878.000000	0.298776
1878.083333	0.301831
1878.166667	0.371291
1878.250000	0.564743
1878.333333	0.380047
1878.416667	0.573786
1878.500000	0.145132
1878.583333	0.514775
1878.666667	0.604501
1878.750000	0.062557
1878.833333	0.128016
1878.916667	0.328190
1879.000000	0.097395
1879.083333	0.064309
1879.166667	-0.107914
1879.250000	-0.099369
1879.333333	0.584051
1879.416667	0.186534
1879.500000	0.345713
1879.583333	-0.161304
1879.666667	-0.193879
1879.750000	0.555519
1879.833333	0.359232
1879.916667	-0.051659
1880.000000	-0.205813
1880.083333	-0.469644
1880.166667	-0.340647
1880.250000	-0.137874
1880.333333	-0.076802
1880.416667	0.257724
1880.500000	0.261210
1880.583333	-0.196488
1880.666667	0.296464
1880.750000	0.059396
1880.833333	-0.115549
1880.916667	-0.295513
1881.000000	-0.061297
1881.083333	-0.330527
1881.166667	-0.393406
1881.250000	-0.600240
1881.333333	-0.455081
1881.416667	-0.048824
1881.500000	0.238780
1881.583333	0.070296
1881.666667	-0.432192
1881.750000	-0.400981
1881.833333	-0.775188
1881.916667	-0.461174
1882.000000	-0.466331
1882.083333	-0.202598
1882.166667	0.041111
1882.250000	-0.151274
1882.333333	-0.426256
1882.416667	0.025465
1882.500000	0.040115
1882.583333	0.272146
1882.666667	0.336161
1882.750000	-0.088168
1882.833333	-0.150888
1882.916667	0.221028
1883.000000	-0.214817
1883.083333	-0.321163
1883.166667	-0.231795
1883.250000	0.001636
1883.333333	-0.145533
1883.416667	-0.145269
1883.500000	-0.303113
1883.583333	-0.033528
1883.666667	-0.142432
1883.750000	0.081926
1883.833333	0.107392
1883.916667	0.238512
1884.000000	0.284433
1884.083333	-0.177757
1884.166667	-0.183840
1884.250000	-0.315873
1884.333333	-0.134640
1884.416667	0.497435
1884.500000	0.003351
1884.583333	-0.228953
1884.666667	-0.542908
1884.750000	-0.237021
1884.833333	-0.548871
1884.916667	-0.355205
1885.000000	-0.220712
1885.083333	-0.180203
1885.166667	-0.114190
1885.250000	0.214422
1885.333333	0.132121
1885.416667	0.508918
1885.500000	0.282030
1885.583333	0.092942
1885.666667	-0.003330
1885.750000	-0.003040
1885.833333	-0.027543
1885.916667	-0.209546
1886.000000	0.113859
1886.083333	0.187038
1886.166667	0.447746
1886.250000	0.433741
1886.333333	0.297670
1886.416667	0.317642
1886.500000	0.649027
1886.583333	0.452176
1886.666667	-0.366170
1886.750000	-0.068518
1886.833333	0.060986
1886.916667	-0.032247
1887.000000	0.062451
1887.083333	-0.110684
1887.166667	0.028587
1887.250000	0.153104
1887.333333	0.141055
1887.416667	0.085413
1887.500000	0.102714
1887.583333	0.021266
1887.666667	0.004953
1887.750000	0.331061
1887.833333	0.412565
1887.916667	0.300412
1888.000000	0.378552
1888.083333	0.361610
1888.166667	0.366220
1888.250000	0.250968
1888.333333	0.235502
1888.416667	0.214645
1888.500000	0.184685
1888.583333	-0.021862
1888.666667	-0.104940
1888.750000	-0.028706
1888.833333	-0.238367
1888.916667	-0.210547
1889.000000	-0.024863
1889.083333	0.203040
1889.166667	0.319608
1889.250000	0.267802
1889.333333	0.137514
1889.416667	-0.080512
1889.500000	-0.216679
1889.583333	0.049682
1889.666667	0.025858
1889.750000	0.391256
1889.833333	0.713179
1889.916667	0.300209
1890.000000	0.196999
1890.083333	0.062677
1890.166667	0.238825
1890.250000	0.153910
1890.333333	-0.044446
1890.416667	0.457374
1890.500000	0.223576
1890.583333	0.018598
1890.666667	0.021479
1890.750000	0.672843
1890.833333	0.520455
1890.916667	0.493968
1891.000000	0.375190
1891.083333	0.235313
1891.166667	0.192269
1891.250000	0.441379
1891.333333	0.488796
1891.416667	0.116799
1891.500000	0.153177
1891.583333	0.159206
1891.666667	-0.326612
1891.750000	-0.194793
1891.833333	-0.486320
1891.916667	0.033255
1892.000000	0.126977
1892.083333	-0.036489
1892.166667	0.284383
1892.250000	0.574601
1892.333333	0.177221
1892.416667	-0.184666
1892.500000	-0.373269
1892.583333	-0.222275
1892.666667	-0.132786
1892.750000	0.161547
1892.833333	-0.076754
1892.916667	-0.113850
1893.000000	0.037333
1893.083333	0.210566
1893.166667	0.039317
1893.250000	-0.276664
1893.333333	-0.253687
1893.416667	0.047824
1893.500000	-0.024691
1893.583333	-0.021174
1893.666667	0.042082
1893.750000	0.039108
1893.833333	0.114162
1893.916667	-0.248045
1894.000000	-0.181334
1894.083333	-0.141014
1894.166667	-0.164535
1894.250000	-0.214803
1894.333333	-0.125705
1894.416667	-0.018254
1894.500000	0.122089
1894.583333	0.112111
1894.666667	-0.434656
1894.750000	-0.668892
1894.833333	-0.579020
1894.916667	-0.463450
1895.000000	-0.467755
1895.083333	-0.204722
1895.166667	-0.329876
1895.250000	-0.587872
1895.333333	-0.453308
1895.416667	-0.357365
1895.500000	-0.360843
1895.583333	-0.507060
1895.666667	-0.241026
1895.750000	-0.159020
1895.833333	-1.084621
1895.916667	-0.799420
1896.000000	-0.411452
1896.083333	-0.001534
1896.166667	0.031454
1896.250000	0.260587
1896.333333	0.870545
1896.416667	0.347371
1896.500000	0.552738
1896.583333	0.312906
1896.666667	0.469121
1896.750000	-0.054677
1896.833333	0.037538
1896.916667	-0.029071
1897.000000	0.133522
1897.083333	0.083125
1897.166667	-0.009667
1897.250000	0.196958
1897.333333	0.150316
1897.416667	0.037456
1897.500000	-0.488095
1897.583333	-0.331882
1897.666667	-0.124269
1897.750000	-0.090614
1897.833333	-0.342034
1897.916667	-0.221291
1898.000000	-0.082581
1898.083333	0.160380
1898.166667	0.243480
1898.250000	0.245693
1898.333333	0.397536
1898.416667	0.966183
1898.500000	1.068567
1898.583333	0.629367
1898.666667	0.382418
1898.750000	0.061957
1898.833333	-0.096827
1898.916667	0.263288
1899.000000	0.044511
1899.083333	-0.197432
1899.166667	0.016603
1899.250000	0.265912
1899.333333	0.224360
1899.416667	0.514108
1899.500000	0.399674
1899.583333	0.406625
1899.666667	0.291100
1899.750000	-0.137459
1899.833333	-0.050433
1899.916667	0.108771
1900.000000	-0.004062
1900.083333	0.188603
1900.166667	0.200374
1900.250000	0.278836
1900.333333	0.027078
1900.416667	-0.049489
1900.500000	-0.010765
1900.583333	0.021584
1900.666667	0.264764
1900.750000	0.228153
1900.833333	0.256538
1900.916667	0.372966
1901.000000	0.019671
1901.083333	0.454357
1901.166667	0.144059
1901.250000	-0.154097
1901.333333	0.017103
1901.416667	0.239526
1901.500000	0.119702
1901.583333	-0.038998
1901.666667	-0.069464
1901.750000	0.082115
1901.833333	0.328987
1901.916667	0.061340
1902.000000	0.078822
1902.083333	0.168874
1902.166667	0.197294
1902.250000	-0.163210
1902.333333	-0.047727
1902.416667	-0.468423
1902.500000	-0.741052
1902.583333	-0.724707
1902.666667	-0.230769
1902.750000	-0.237717
1902.833333	-0.392566
1902.916667	-0.311340
1903.000000	-0.384894
1903.083333	-0.265863
1903.166667	-0.439510
1903.250000	-0.313805
1903.333333	-0.339134
1903.416667	-0.315450
1903.500000	-0.398583
1903.583333	-0.932161
1903.666667	-0.854057
1903.750000	-0.807350
1903.833333	-0.374839
1903.916667	-0.468214
1904.000000	-0.255013
1904.083333	-0.373944
1904.166667	-0.574153
1904.250000	-0.572507
1904.333333	-0.507767
1904.416667	-0.677502
1904.500000	-0.886792
1904.583333	-1.130339
1904.666667	-1.117567
1904.750000	-0.590369
1904.833333	-0.186512
1904.916667	-0.140286
1905.000000	-0.217598
1905.083333	0.016316
1905.166667	-0.374548
1905.250000	-0.118501
1905.333333	-0.141398
1905.416667	-0.409437
1905.500000	-0.230249
1905.583333	-0.337825
1905.666667	-0.392533
1905.750000	0.037898
1905.833333	-0.032646
1905.916667	-0.394310
1906.000000	-0.162897
1906.083333	0.142091
1906.166667	0.180703
1906.250000	0.392106
1906.333333	0.052383
1906.416667	0.157496
1906.500000	0.213294
1906.583333	-0.215017
1906.666667	-0.136705
1906.750000	-0.561617
1906.833333	0.091111
1906.916667	0.377383
1907.000000	0.399533
1907.083333	0.335054
1907.166667	0.625078
1907.250000	0.776352
1907.333333	0.317344
1907.416667	-0.055682
1907.500000	-0.103355
1907.583333	-0.246308
1907.666667	0.055688
1907.750000	0.248083
1907.833333	-0.212252
1907.916667	-0.226552
1908.000000	-0.319069
1908.083333	0.257738
1908.166667	0.349427
1908.250000	0.199174
1908.333333	-0.102886
1908.416667	0.138683
1908.500000	0.327121
1908.583333	0.214632
1908.666667	0.083666
1908.750000	-0.442299
1908.833333	-0.541879
1908.916667	-0.382739
1909.000000	-0.192562
1909.083333	0.086210
1909.166667	0.071184
1909.250000	-0.098718
1909.333333	-0.290912
1909.416667	-0.210204
1909.500000	0.161344
1909.583333	0.363636
1909.666667	0.181445
1909.750000	0.023598
1909.833333	-0.173926
1909.916667	0.001480
1910.000000	-0.032297
1910.083333	0.161732
1910.166667	-0.021345
1910.250000	-0.146253
1910.333333	0.166148
1910.416667	0.122194
1910.500000	0.212495
1910.583333	-0.082542
1910.666667	-0.050024
1910.750000	-0.033265
1910.833333	0.359022
1910.916667	0.242718
1911.000000	0.262871
1911.083333	0.388691
1911.166667	0.491539
1911.250000	0.050583
1911.333333	0.078677
1911.416667	0.151625
1911.500000	0.144409
1911.583333	-0.152569
1911.666667	-0.317731
1911.750000	0.057520
1911.833333	-0.396374
1911.916667	-0.482279
1912.000000	-0.588204
1912.083333	-0.884885
1912.166667	-0.762946
1912.250000	-0.557274
1912.333333	-0.420231
1912.416667	-0.317813
1912.500000	-0.484641
1912.583333	-0.651481
1912.666667	-0.196445
1912.750000	-0.237971
1912.833333	-0.161993
1912.916667	-0.268530
1913.000000	-0.628433
1913.083333	-0.382238
1913.166667	-0.536052
1913.250000	-0.589539
1913.333333	-0.218537
1913.416667	-0.255282
1913.500000	0.010433
1913.583333	-0.044224
1913.666667	-0.233197
1913.750000	-0.797447
1913.833333	-0.735252
1913.916667	-0.216743
1914.000000	-0.039769
1914.083333	-0.530476
1914.166667	-0.299095
1914.250000	-0.701655
1914.333333	-0.179794
1914.416667	0.311534
1914.500000	0.051930
1914.583333	-0.119024
1914.666667	0.269243
1914.750000	0.352475
1914.833333	-0.174443
1914.916667	-0.612893
1915.000000	-0.168908
1915.083333	-0.116677
1915.166667	0.292454
1915.250000	0.445411
1915.333333	0.338357
1915.416667	0.227420
1915.500000	0.337764
1915.583333	-0.103651
1915.666667	-0.113150
1915.750000	-0.021293
1915.833333	0.171086
1915.916667	0.075416
1916.000000	0.095857
1916.083333	0.140306
1916.166667	0.160256
1916.250000	0.470210
1916.333333	0.454675
1916.416667	0.570592
1916.500000	0.366846
1916.583333	0.401268
1916.666667	0.387322
1916.750000	0.409659
1916.833333	0.309340
1916.916667	0.219117
1917.000000	0.219306
1917.083333	-0.325647
1917.166667	-0.404910
1917.250000	-0.060558
1917.333333	0.096789
1917.416667	-0.176855
1917.500000	-0.551680
1917.583333	-0.351129
1917.666667	-0.283997
1917.750000	-0.082119
1917.833333	0.293153
1917.916667	0.389056
1918.000000	0.425356
1918.083333	0.203101
1918.166667	0.139049
1918.250000	-0.088343
1918.333333	-0.090300
1918.416667	-0.316649
1918.500000	-0.560962
1918.583333	-0.222344
1918.666667	0.109359
1918.750000	-0.089469
1918.833333	-0.174689
1918.916667	0.104452
1919.000000	0.342844
1919.083333	0.345359
1919.166667	0.126505
1919.250000	0.217341
1919.333333	-0.161232
1919.416667	-0.160905
1919.500000	0.229123
1919.583333	0.745795
1919.666667	0.146202
1919.750000	0.144300
1919.833333	0.008819
1919.916667	0.136702
1920.000000	0.156524
1920.083333	0.054072
1920.166667	-0.112844
1920.250000	-0.104156
1920.333333	0.081805
1920.416667	-0.015481
1920.500000	0.025049
1920.583333	-0.054040
1920.666667	0.014150
1920.750000	-0.203513
1920.833333	-0.521921
1920.916667	-0.541669
1921.000000	-0.423231
1921.083333	-0.312479
1921.166667	-0.254287
1921.250000	-0.123338
1921.333333	0.347699
1921.416667	0.807690
1921.500000	0.559011
1921.583333	0.299813
1921.666667	0.008301
1921.750000	0.181553
1921.833333	0.019414
1921.916667	0.073024
1922.000000	-0.030943
1922.083333	-0.220333
1922.166667	-0.284618
1922.250000	-0.159201
1922.333333	-0.028428
1922.416667	0.263774
1922.500000	0.257115
1922.583333	0.207907
1922.666667	0.399553
1922.750000	0.121915
1922.833333	0.094373
1922.916667	-0.042816
1923.000000	0.161815
1923.083333	-0.114278
1923.166667	-0.173133
1923.250000	-0.283037
1923.333333	-0.298993
1923.416667	0.330911
1923.500000	0.336957
1923.583333	-0.056908
1923.666667	0.135858
1923.750000	0.481332
1923.833333	0.216079
1923.916667	0.243467
1924.000000	-0.062618
1924.083333	-0.065989
1924.166667	-0.017235
1924.250000	-0.174589
1924.333333	-0.279447
1924.416667	-0.542155
1924.500000	-0.729943
1924.583333	-0.013975
1924.666667	-0.069414
1924.750000	0.260734
1924.833333	-0.050851
1924.916667	0.006092
1925.000000	-0.303030
1925.083333	-0.001233
1925.166667	-0.016340
1925.250000	-0.021750
1925.333333	0.077256
1925.416667	0.234505
1925.500000	0.402786
1925.583333	0.309723
1925.666667	0.658502
1925.750000	0.484414
1925.833333	0.005757
1925.916667	-0.172116
1926.000000	-0.260776
1926.083333	-0.241253
1926.166667	-0.122982
1926.250000	-0.166845
1926.333333	0.104341
1926.416667	-0.122887
1926.500000	-0.301143
1926.583333	-0.236646
1926.666667	-0.169675
1926.750000	0.270289
1926.833333	-0.149688
1926.916667	0.263548
1927.000000	0.407485
1927.083333	0.332671
1927.166667	0.138495
1927.250000	0.445104
1927.333333	0.470607
1927.416667	0.077043
1927.500000	-0.193469
1927.583333	-0.325503
1927.666667	0.026470
1927.750000	0.090532
1927.833333	-0.139621
1927.916667	-0.286007
1928.000000	0.098085
1928.083333	0.212700
1928.166667	-0.053536
1928.250000	-0.230314
1928.333333	-0.206201
1928.416667	-0.433652
1928.500000	-0.074704
1928.583333	-0.543944
1928.666667	-0.727258
1928.750000	-0.244775
1928.833333	0.047781
1928.916667	0.158099
1929.000000	0.143660
1929.083333	-0.081306
1929.166667	-0.246778
1929.250000	-0.055827
1929.333333	-0.055549
1929.416667	-0.337950
1929.500000	-0.522610
1929.583333	-0.073511
1929.666667	0.120337
1929.750000	0.429697
1929.833333	0.454818
1929.916667	-0.004233
1930.000000	-0.183357
1930.083333	-0.179356
1930.166667	0.050806
1930.250000	-0.266645
1930.333333	0.181586
1930.416667	0.424381
1930.500000	0.415070
1930.583333	0.286072
1930.666667	0.245680
1930.750000	0.283666
1930.833333	0.508823
1930.916667	0.277432
1931.000000	0.434333
1931.083333	0.621895
1931.166667	0.464212
1931.250000	0.283119
1931.333333	0.051283
1931.416667	-0.133831
1931.500000	0.008282
1931.583333	0.103944
1931.666667	0.214635
1931.750000	0.718283
1931.833333	0.250168
1931.916667	0.213582
1932.000000	0.208889
1932.083333	0.366771
1932.166667	0.325903
1932.250000	0.388731
1932.333333	0.292614
1932.416667	0.604394
1932.500000	0.465204
1932.583333	0.733619
1932.666667	0.608181
1932.750000	0.608173
1932.833333	0.338324
1932.916667	0.080051
1933.000000	0.107024
1933.083333	0.391348
1933.166667	0.376256
1933.250000	0.435107
1933.333333	0.395410
1933.416667	0.821565
1933.500000	0.849017
1933.583333	0.803745
1933.666667	0.790574
1933.750000	0.752024
1933.833333	0.557791
1933.916667	0.238257
1934.000000	0.337258
1934.083333	0.316597
1934.166667	0.338846
1934.250000	-0.107606
1934.333333	0.261175
1934.416667	0.427183
1934.500000	0.495643
1934.583333	0.570320
1934.666667	0.007971
1934.750000	0.506132
1934.833333	0.324113
1934.916667	0.030946
1935.000000	0.298251
1935.083333	0.084959
1935.166667	0.148773
1935.250000	0.151822
1935.333333	0.335299
1935.416667	0.086665
1935.500000	-0.150094
1935.583333	0.175780
1935.666667	0.015254
1935.750000	0.468528
1935.833333	0.463871
1935.916667	0.554251
1936.000000	0.301422
1936.083333	0.194219
1936.166667	0.341906
1936.250000	0.075935
1936.333333	0.066374
1936.416667	0.240342
1936.500000	0.256705
1936.583333	0.553966
1936.666667	0.424520
1936.750000	0.044723
1936.833333	0.162358
1936.916667	0.169578
1937.000000	-0.091933
1937.083333	-0.090157
1937.166667	-0.043222
1937.250000	0.119800
1937.333333	0.149201
1937.416667	0.540625
1937.500000	1.279098
1937.583333	0.752630
1937.666667	0.940711
1937.750000	0.689326
1937.833333	0.120748
1937.916667	0.334866
1938.000000	0.295069
1938.083333	0.255606
1938.166667	0.546968
1938.250000	0.738870
1938.333333	0.690435
1938.416667	0.846522
1938.500000	0.803968
1938.583333	0.817791
1938.666667	0.967229
1938.750000	1.246382
1938.833333	0.988342
1938.916667	0.748181
1939.000000	0.668028
1939.083333	0.571565
1939.166667	0.450286
1939.250000	0.437412
1939.333333	0.580405
1939.416667	0.897439
1939.500000	0.701823
1939.583333	0.683820
1939.666667	0.351323
1939.750000	0.051557
1939.833333	0.029713
1939.916667	0.021236
1940.000000	0.106061
1940.083333	-0.167075
1940.166667	0.081368
1940.250000	-0.052445
1940.333333	-0.274440
1940.416667	-0.132396
1940.500000	-0.131477
1940.583333	0.385429
1940.666667	0.465736
1940.750000	0.135590
1940.833333	-0.235777
1940.916667	-0.242909
1941.000000	-0.207487
1941.083333	0.375426
1941.166667	0.509380
1941.250000	0.341906
1941.333333	0.190830
1941.416667	0.192377
1941.500000	0.244745
1941.583333	0.573330
1941.666667	0.692928
1941.750000	0.387924
1941.833333	0.373819
1941.916667	-0.113860
1942.000000	0.145858
1942.083333	0.282006
1942.166667	-0.060724
1942.250000	0.065528
1942.333333	0.199713
1942.416667	0.116885
1942.500000	-0.053719
1942.583333	0.092645
1942.666667	0.331701
1942.750000	0.343362
1942.833333	0.162142
1942.916667	-0.085205
1943.000000	0.104033
1943.083333	0.072343
1943.166667	-0.040892
1943.250000	0.300311
1943.333333	0.137632
1943.416667	0.162060
1943.500000	0.365072
1943.583333	0.126304
1943.666667	-0.140703
1943.750000	-0.063081
1943.833333	0.211710
1943.916667	0.452526
1944.000000	0.886279
1944.083333	0.897545
1944.166667	0.960649
1944.250000	0.539652
1944.333333	0.542805
1944.416667	0.623437
1944.500000	0.349625
1944.583333	0.364728
1944.666667	0.424951
1944.750000	0.989502
1944.833333	1.225598
1944.916667	1.278276
1945.000000	1.138949
1945.083333	1.010303
1945.166667	0.929648
1945.250000	0.518670
1945.333333	0.329319
1945.416667	0.172670
1945.500000	0.007145
1945.583333	-0.407270
1945.666667	-0.465016
1945.750000	-0.024213
1945.833333	-0.123366
1945.916667	-0.136449
1946.000000	-0.096475
1946.083333	-0.183229
1946.166667	0.316665
1946.250000	0.122853
1946.333333	0.056661
1946.416667	0.134347
1946.500000	-0.116600
1946.583333	-0.320411
1946.666667	-0.169315
1946.750000	-0.413011
1946.833333	-0.587783
1946.916667	-0.349503
1947.000000	-0.517996
1947.083333	-0.415245
1947.166667	-0.452226
1947.250000	-0.612636
1947.333333	-0.471629
1947.416667	-0.664478
1947.500000	-0.698929
1947.583333	-0.779840
1947.666667	-0.651698
1947.750000	-0.015965
1947.833333	0.142346
1947.916667	0.103538
1948.000000	-0.004391
1948.083333	-0.135637
1948.166667	0.002800
1948.250000	0.012488
1948.333333	-0.059224
1948.416667	0.099078
1948.500000	0.172150
1948.583333	-0.021212
1948.666667	0.596873
1948.750000	0.578833
1948.833333	0.437548
1948.916667	-0.182928
1949.000000	0.353219
1949.083333	0.342596
1949.166667	0.449264
1949.250000	0.276264
1949.333333	0.533095
1949.416667	0.261814
1949.500000	0.394618
1949.583333	0.534444
1949.666667	0.168959
1949.750000	-0.116589
1949.833333	0.015676
1949.916667	0.252286
1950.000000	0.239958
1950.083333	-0.060817
1950.166667	-0.170809
1950.250000	0.166857
1950.333333	0.155090
1950.416667	-0.113582
1950.500000	-0.349830
1950.583333	0.066598
1950.666667	0.137976
1950.750000	0.177830
1950.833333	0.258028
1950.916667	0.434245
1951.000000	0.572946
1951.083333	0.584959
1951.166667	0.713269
1951.250000	0.866638
1951.333333	0.641558
1951.416667	0.449755
1951.500000	0.718039
1951.583333	0.535516
1951.666667	0.336058
1951.750000	0.446578
1951.833333	0.226815
1951.916667	0.423504
1952.000000	0.819101
1952.083333	0.815410
1952.166667	0.645920
1952.250000	0.489391
1952.333333	0.354565
1952.416667	0.616128
1952.500000	0.822646
1952.583333	0.802080
1952.666667	0.748440
1952.750000	0.649647
1952.833333	0.732542
1952.916667	0.833681
1953.000000	0.774999
1953.083333	0.613815
1953.166667	0.633313
1953.250000	0.776890
1953.333333	0.574780
1953.416667	0.849913
1953.500000	0.771590
1953.583333	0.577666
1953.666667	0.606978
1953.750000	0.331479
1953.833333	0.524270
1953.916667	0.308791
1954.000000	0.562470
1954.083333	0.580408
1954.166667	0.593662
1954.250000	0.329434
1954.333333	0.091319
1954.416667	0.254791
1954.500000	0.328720
1954.583333	0.361235
1954.666667	0.581437
1954.750000	0.708843
1954.833333	0.301972
1954.916667	0.399830
1955.000000	0.642614
1955.083333	0.601053
1955.166667	0.476183
1955.250000	0.535777
1955.333333	0.625560
1955.416667	0.697739
1955.500000	1.186482
1955.583333	0.801618
1955.666667	0.624360
1955.750000	0.942962
1955.833333	0.761956
1955.916667	0.499767
1956.000000	0.472144
1956.083333	0.447599
1956.166667	0.377079
1956.250000	0.404742
1956.333333	0.524064
1956.416667	0.469501
1956.500000	0.348953
1956.583333	0.269572
1956.666667	-0.034088
1956.750000	0.031937
1956.833333	0.047390
1956.916667	0.073186
1957.000000	0.149435
1957.083333	-0.127549
1957.166667	-0.108189
1957.250000	-0.181317
1957.333333	0.038146
1957.416667	-0.038660
1957.500000	0.066976
1957.583333	0.560444
1957.666667	0.558270
1957.750000	0.400163
1957.833333	0.213682
1957.916667	0.268643
1958.000000	0.235264
1958.083333	0.353222
1958.166667	0.577349
1958.250000	0.295970
1958.333333	0.016151
1958.416667	0.093803
1958.500000	-0.289077
1958.583333	-0.376987
1958.666667	-0.440115
1958.750000	0.121815
1958.833333	0.343653
1958.916667	0.109992
1959.000000	0.066735
1959.083333	-0.126978
1959.166667	-0.399369
1959.250000	-0.474596
1959.333333	-0.101365
1959.416667	0.142281
1959.500000	-0.217263
1959.583333	0.068788
1959.666667	0.100191
1959.750000	-0.059679
1959.833333	-0.158433
1959.916667	-0.109607
1960.000000	0.133141
1960.083333	0.086328
1960.166667	-0.030724
1960.250000	-0.074383
1960.333333	-0.007470
1960.416667	0.266279
1960.500000	0.311103
1960.583333	0.619518
1960.666667	0.498572
1960.750000	0.463890
1960.833333	0.145750
1960.916667	0.133685
1961.000000	0.130919
1961.083333	0.229634
1961.166667	0.300541
1961.250000	0.447878
1961.333333	0.241710
1961.416667	0.511408
1961.500000	0.212252
1961.583333	0.403895
1961.666667	-0.079935
1961.750000	-0.002573
1961.833333	0.345919
1961.916667	0.208333
1962.000000	-0.063937
1962.083333	0.160817
1962.166667	0.314901
1962.250000	0.292365
1962.333333	0.027912
1962.416667	-0.085096
1962.500000	0.015285
1962.583333	-0.457998
1962.666667	-0.213130
1962.750000	0.045861
1962.833333	0.139774
1962.916667	0.196530
1963.000000	0.048292
1963.083333	-0.008536
1963.166667	-0.091940
1963.250000	-0.112105
1963.333333	0.170999
1963.416667	-0.022142
1963.500000	-0.206618
1963.583333	-0.050331
1963.666667	0.067315
1963.750000	0.438102
1963.833333	-0.031778
1963.916667	-0.332080
1964.000000	-0.436793
1964.083333	-0.202111
1964.166667	-0.360979
1964.250000	-0.462545
1964.333333	-0.138145
1964.416667	-0.193641
1964.500000	-0.175090
1964.583333	-0.092520
1964.666667	-0.150307
1964.750000	-0.075922
1964.833333	0.182717
1964.916667	0.540883
1965.000000	0.444754
1965.083333	0.246472
1965.166667	0.311928
1965.250000	0.252701
1965.333333	0.370608
1965.416667	0.097747
1965.500000	-0.218929
1965.583333	-0.089319
1965.666667	0.150250
1965.750000	-0.140611
1965.833333	-0.504060
1965.916667	-0.132011
1966.000000	-0.212939
1966.083333	-0.306715
1966.166667	-0.151493
1966.250000	-0.125037
1966.333333	-0.228205
1966.416667	-0.327932
1966.500000	-0.087870
1966.583333	-0.107363
1966.666667	-0.161788
1966.750000	-0.270335
1966.833333	-0.233622
1966.916667	0.403246
1967.000000	0.390331
1967.083333	0.195997
1967.166667	0.313937
1967.250000	0.613068
1967.333333	0.202232
1967.416667	0.289100
1967.500000	0.151149
1967.583333	0.135556
1967.666667	0.361019
1967.750000	0.317261
1967.833333	0.103560
1967.916667	0.500851
1968.000000	0.332973
1968.083333	0.504067
1968.166667	0.437805
1968.250000	0.297722
1968.333333	0.157525
1968.416667	-0.329503
1968.500000	-0.937218
1968.583333	-0.593789
1968.666667	-0.607025
1968.750000	-0.684103
1968.833333	-0.685924
1968.916667	-0.506059
1969.000000	-0.507757
1969.083333	-0.172421
1969.166667	-0.250333
1969.250000	-0.498220
1969.333333	-0.897655
1969.416667	-0.874681
1969.500000	-0.295187
1969.583333	-0.611084
1969.666667	-0.201096
1969.750000	-0.523153
1969.833333	-0.405817
1969.916667	-0.225747
1970.000000	-0.281304
1970.083333	-0.382280
1970.166667	-0.332442
1970.250000	-0.160654
1970.333333	-0.237432
1970.416667	-0.541055
1970.500000	-0.216201
1970.583333	-0.049839
1970.666667	-0.069406
1970.750000	-0.309494
1970.833333	-0.235723
1970.916667	-0.266739
1971.000000	-0.459543
1971.083333	-0.466916
1971.166667	-0.376217
1971.250000	-0.433602
1971.333333	-0.426437
1971.416667	-0.215925
1971.500000	-0.399066
1971.583333	-0.924960
1971.666667	-0.572246
1971.750000	-0.397465
1971.833333	-0.031697
1971.916667	-0.014093
1972.000000	-0.277182
1972.083333	-0.524662
1972.166667	-0.549075
1972.250000	-0.332930
1972.333333	-0.179338
1972.416667	-0.051568
1972.500000	0.201676
1972.583333	0.187918
1972.666667	-0.003845
1972.750000	-0.640737
1972.833333	-0.511173
1972.916667	-0.850637
1973.000000	-0.686619
1973.083333	-0.526840
1973.166667	-0.330187
1973.250000	-0.160183
1973.333333	-0.372956
1973.416667	-0.221564
1973.500000	-0.323139
1973.583333	-0.290302
1973.666667	-0.177616
1973.750000	0.118684
1973.833333	0.143377
1973.916667	0.241525
1974.000000	-0.302088
1974.083333	-0.265755
1974.166667	-0.454389
1974.250000	-0.674326
1974.333333	-0.637049
1974.416667	-0.844680
1974.500000	-1.225280
1974.583333	-1.138157
1974.666667	-1.081626
1974.750000	-0.334322
1974.833333	-0.074673
1974.916667	0.020039
1975.000000	-0.088602
1975.083333	-0.486181
1975.166667	-0.197623
1975.250000	0.019012
1975.333333	-0.061194
1975.416667	0.003640
1975.500000	0.055460
1975.583333	-0.003298
1975.666667	-0.124688
1975.750000	-0.288272
1975.833333	-0.162226
1975.916667	-0.074184
1976.000000	-0.079016
1976.083333	-0.258851
1976.166667	-0.260286
1976.250000	-0.084565
1976.333333	-0.312646
1976.416667	-0.237639
1976.500000	-0.129958
1976.583333	-0.233933
1976.666667	-0.725914
1976.750000	-0.789378
1976.833333	-0.536869
1976.916667	-0.584830
1977.000000	-0.384375
1977.083333	-0.326085
1977.166667	-0.333426
1977.250000	-0.257947
1977.333333	0.182507
1977.416667	0.174946
1977.500000	0.196442
1977.583333	0.296193
1977.666667	0.187401
1977.750000	-0.112593
1977.833333	-0.355128
1977.916667	-0.671942
1978.000000	-0.599442
1978.083333	-0.194238
1978.166667	-0.213028
1978.250000	-0.282528
1978.333333	-0.282939
1978.416667	-0.359091
1978.500000	-0.222942
1978.583333	-0.070227
1978.666667	0.321130
1978.750000	-0.147433
1978.833333	-0.164233
1978.916667	-0.449251
1979.000000	-0.743298
1979.083333	-0.521331
1979.166667	-0.424503
1979.250000	-0.288112
1979.333333	-0.145012
1979.416667	-0.250938
1979.500000	0.076285
1979.583333	0.151701
1979.666667	0.120586
1979.750000	-0.222708
1979.833333	0.018436
1979.916667	-0.045950
1980.000000	0.054510
1980.083333	0.055370
1980.166667	0.148142
1980.250000	0.064362
1980.333333	0.054379
1980.416667	0.399076
1980.500000	0.486027
1980.583333	0.018919
1980.666667	-0.121458
1980.750000	0.083248
1980.833333	-0.225307
1980.916667	-0.035604
1981.000000	0.307594
1981.083333	0.226849
1981.166667	0.234381
1981.250000	-0.057317
1981.333333	-0.248989
1981.416667	-0.226159
1981.500000	-0.334307
1981.583333	0.019727
1981.666667	-0.059753
1981.750000	-0.093652
1981.833333	0.007270
1981.916667	0.365954
1982.000000	0.120667
1982.083333	-0.040188
1982.166667	0.048914
1982.250000	-0.202536
1982.333333	-0.079822
1982.416667	-0.404356
1982.500000	-0.488648
1982.583333	-0.295884
1982.666667	-0.106383
1982.750000	-0.246968
1982.833333	-0.521339
1982.916667	-0.431780
1983.000000	-0.269302
1983.083333	0.067832
1983.166667	0.288056
1983.250000	0.175563
1983.333333	-0.042383
1983.416667	-0.239451
1983.500000	0.105310
1983.583333	0.234615
1983.666667	0.038608
1983.750000	-0.101197
1983.833333	-0.292279
1983.916667	-0.120300
1984.000000	-0.000579
1984.083333	0.139241
1984.166667	0.043948
1984.250000	0.031638
1984.333333	0.127827
1984.416667	0.174849
1984.500000	-0.196050
1984.583333	0.095663
1984.666667	0.438207
1984.750000	0.301382
1984.833333	-0.335518
1984.916667	-0.263614
1985.000000	-0.108650
1985.083333	-0.328895
1985.166667	-0.174402
1985.250000	-0.457828
1985.333333	-0.317661
1985.416667	-0.280910
1985.500000	-0.403039
1985.583333	-0.480456
1985.666667	-0.334664
1985.750000	-0.575678
1985.833333	-0.786798
1985.916667	-0.880867
1986.000000	-0.568217
1986.083333	-0.499345
1986.166667	-0.390317
1986.250000	-0.524448
1986.333333	-0.254279
1986.416667	-0.021467
1986.500000	0.045010
1986.583333	-0.229237
1986.666667	-0.106953
1986.750000	-0.120789
1986.833333	-0.263372
1986.916667	-0.278859
1987.000000	-0.054466
1987.083333	-0.051805
1987.166667	0.109789
1987.250000	-0.011738
1987.333333	-0.192711
1987.416667	0.134029
1987.500000	0.357631
1987.583333	0.518012
1987.666667	0.093673
1987.750000	-0.266450
1987.833333	-0.449548
1987.916667	-0.226495
1988.000000	-0.216471
1988.083333	-0.241957
1988.166667	-0.051321
1988.250000	0.183827
1988.333333	0.108244
1988.416667	0.563427
1988.500000	0.428593
1988.583333	0.195818
1988.666667	0.121805
1988.750000	0.236968
1988.833333	-0.108395
1988.916667	0.063708
1989.000000	0.049565
1989.083333	0.079618
1989.166667	0.002661
1989.250000	-0.223838
1989.333333	0.004023
1989.416667	0.568040
1989.500000	0.825869
1989.583333	0.503998
1989.666667	0.222440
1989.750000	0.118067
1989.833333	-0.288700
1989.916667	-0.492197
1990.000000	-0.539618
1990.083333	-0.546731
1990.166667	-0.578387
1990.250000	-0.459619
1990.333333	-0.263599
1990.416667	0.273603
1990.500000	0.504115
1990.583333	0.011592
1990.666667	0.491062
1990.750000	0.205937
1990.833333	-0.081094
1990.916667	0.094768
1991.000000	-0.183760
1991.083333	-0.014788
1991.166667	0.015040
1991.250000	-0.032648
1991.333333	0.207182
1991.416667	0.655610
1991.500000	0.528540
1991.583333	0.504476
1991.666667	0.560204
1991.750000	0.186580
1991.833333	0.140256
1991.916667	0.108036
1992.000000	0.226994
1992.083333	0.246143
1992.166667	0.467059
1992.250000	0.343056
1992.333333	0.119006
1992.416667	0.086244
1992.500000	-0.043921
1992.583333	-0.529501
1992.666667	-0.397155
1992.750000	-0.134465
1992.833333	-0.055264
1992.916667	0.046282
1993.000000	0.035124
1993.083333	0.237101
1993.166667	0.148494
1993.250000	0.059087
1993.333333	-0.155869
1993.416667	-0.158524
1993.500000	-0.089942
1993.583333	0.294746
1993.666667	0.041179
1993.750000	-0.177220
1993.833333	-0.541050
1993.916667	-0.357220
1994.000000	-0.071587
1994.083333	-0.337649
1994.166667	0.027686
1994.250000	-0.088022
1994.333333	-0.303562
1994.416667	-0.253904
1994.500000	-0.449238
1994.583333	-0.153290
1994.666667	0.552644
1994.750000	0.750738
1994.833333	0.203690
1994.916667	0.053866
1995.000000	0.159938
1995.083333	0.220320
1995.166667	0.379781
1995.250000	0.499178
1995.333333	0.674452
1995.416667	0.789498
1995.500000	0.486837
1995.583333	0.268121
1995.666667	0.312282
1995.750000	0.335777
1995.833333	-0.035163
1995.916667	-0.064367
1996.000000	-0.126526
1996.083333	-0.264664
1996.166667	-0.125174
1996.250000	-0.068746
1996.333333	-0.473994
1996.416667	-0.371525
1996.500000	0.272482
1996.583333	0.413093
1996.666667	0.595199
1996.750000	0.494529
1996.833333	0.296050
1996.916667	0.235537
1997.000000	-0.082865
1997.083333	-0.009585
1997.166667	0.191622
1997.250000	0.193851
1997.333333	0.014483
1997.416667	-0.353666
1997.500000	-0.022313
1997.583333	0.139053
1997.666667	0.425868
1997.750000	0.630049
1997.833333	0.041379
1997.916667	-0.168835
1998.000000	-0.356210
1998.083333	-0.156684
1998.166667	0.089202
1998.250000	0.055362
1998.333333	0.311085
1998.416667	0.711271
1998.500000	0.871805
1998.583333	0.910496
1998.666667	0.627206
1998.750000	1.012140
1998.833333	1.010133
1998.916667	0.727713
1999.000000	0.235195
1999.083333	0.511595
1999.166667	0.629668
1999.250000	0.624993
1999.333333	0.430464
1999.416667	0.683825
1999.500000	0.605635
1999.583333	0.640485
1999.666667	0.424022
1999.750000	0.342738
1999.833333	0.067432
1999.916667	0.312443
2000.000000	0.341771
2000.083333	0.540731
2000.166667	0.814423
2000.250000	0.432054
2000.333333	0.324254
2000.416667	0.354355
2000.500000	0.450720
2000.583333	0.295897
2000.666667	0.521925
2000.750000	0.467635
2000.833333	0.619059
2000.916667	0.027070
2001.000000	0.054059
2001.083333	0.280863
2001.166667	0.189637
2001.250000	0.161425
2001.333333	0.069881
2001.416667	0.168588
2001.500000	0.229837
2001.583333	0.602461
2001.666667	0.579356
2001.750000	0.162454
2001.833333	0.088697
2001.916667	0.219988
2002.000000	0.167303
2002.083333	0.247544
2002.166667	0.019377
2002.250000	-0.205956
2002.333333	0.004450
2002.416667	-0.206468
2002.500000	0.012611
2002.583333	0.463516
2002.666667	0.453856
2002.750000	0.045237
2002.833333	-0.089311
2002.916667	-0.337985
2003.000000	-0.081114
2003.083333	-0.044825
2003.166667	-0.081509
2003.250000	-0.182864
2003.333333	-0.020344
2003.416667	0.095675
2003.500000	0.245801
2003.583333	0.349964
2003.666667	0.513461
2003.750000	0.453654
2003.833333	0.107235
2003.916667	0.392162
2004.000000	0.494470
2004.083333	0.474265
2004.166667	0.451089
2004.250000	0.316394
2004.333333	0.262468
2004.416667	0.571179
2004.500000	0.471914
2004.583333	0.359467
2004.666667	0.494481
2004.750000	0.622153
2004.833333	0.523609
2004.916667	0.511410
2005.000000	0.456792
2005.083333	0.729883
2005.166667	0.622213
2005.250000	0.418954
2005.333333	0.164692
2005.416667	0.168746
2005.500000	0.458055
2005.583333	0.795084
2005.666667	0.854931
2005.750000	0.643418
2005.833333	0.223961
2005.916667	0.422483
2006.000000	0.487118
2006.083333	0.434276
2006.166667	0.522031
2006.250000	0.451437
2006.333333	0.351007
2006.416667	0.353181
2006.500000	0.576150
2006.583333	0.811514
2006.666667	0.503808
2006.750000	0.263349
2006.833333	0.085569
2006.916667	-0.050649
2007.000000	0.157734
2007.083333	0.206024
2007.166667	0.210069
2007.250000	0.183916
2007.333333	0.164355
2007.416667	0.045598
2007.500000	0.034028
2007.583333	0.112001
2007.666667	0.482875
2007.750000	0.656813
2007.833333	0.862623
2007.916667	0.602665
2008.000000	0.387222
2008.083333	0.434320
2008.166667	0.449516
2008.250000	0.168674
2008.333333	0.460324
2008.416667	0.824247
2008.500000	0.425525
2008.583333	0.396051
2008.666667	0.521198
2008.750000	0.691688
2008.833333	0.633738
2008.916667	0.632503
2009.000000	0.407518
2009.083333	0.212213
2009.166667	0.210637
2009.250000	0.197869
2009.333333	-0.036161
2009.416667	-0.096091
2009.500000	-0.348656
2009.583333	-0.294854
2009.666667	-0.138881
2009.750000	0.213614
2009.833333	-0.134676
2009.916667	-0.332911
2010.000000	-0.355395
2010.083333	-0.384062
2010.166667	-0.229112
2010.250000	-0.218772
2010.333333	-0.167747
2010.416667	-0.052325
2010.500000	0.262291
2010.583333	0.722080
2010.666667	0.506823
2010.750000	0.335785
2010.833333	0.364882
2010.916667	0.173404
2011.000000	0.147533
2011.083333	0.074442
2011.166667	0.173683
2011.250000	-0.197481
2011.333333	-0.224212
2011.416667	0.145248
2011.500000	0.209019
2011.583333	0.528755
2011.666667	0.432360
2011.750000	0.315789
2011.833333	-0.186149
2011.916667	-0.164109
2012.000000	0.215062
2012.083333	0.490098
2012.166667	0.565457
2012.250000	0.574834
2012.333333	0.225882
2012.416667	0.422648
2012.500000	0.612044
2012.583333	0.518669
2012.666667	0.473161
2012.750000	0.149805
2012.833333	-0.089909
2012.916667	-0.113575
2013.000000	-0.013890
2013.083333	0.143922
2013.166667	0.166628
2013.250000	-0.149930
2013.333333	-0.072085
2013.416667	0.386250
2013.500000	0.788592
2013.583333	0.565977
2013.666667	0.768886
2013.750000	0.388244
2013.833333	0.047189
2013.916667	-0.012114
2014.000000	-0.322640
2014.083333	-0.317585
2014.166667	-0.252213
2014.250000	-0.560224
2014.333333	-0.460967
2014.416667	-0.173733
2014.500000	0.229501
2014.583333	0.515120
2014.666667	0.211442
2014.750000	-0.025399
2014.833333	-0.365476
2014.916667	-0.313616
2015.000000	-0.138816
2015.083333	0.065761
2015.166667	-0.019345
2015.250000	-0.220536
2015.333333	-0.208347
2015.416667	0.180261
2015.500000	-0.038396
2015.583333	-0.076900
2015.666667	-0.019922
2015.750000	-0.077881
2015.833333	-0.381891
2015.916667	-0.266708
2016.000000	-0.469531
2016.083333	-0.162450
2016.166667	-0.006028
2016.250000	-0.124655
2016.333333	0.207958
2016.416667	0.305336
2016.500000	0.402730
2016.583333	0.522863
2016.666667	0.519006
2016.750000	0.477076
2016.833333	0.399786
2016.916667	0.340902
2017.000000	0.357017
2017.083333	0.434103
2017.166667	0.377969
2017.250000	0.436190
2017.333333	-0.032380
2017.416667	0.073387
2017.500000	0.309720
2017.583333	0.173850
2017.666667	0.424707
2017.750000	0.701266
2017.833333	0.381134
2017.916667	0.638183
2018.000000	0.629421
2018.083333	0.559079
2018.166667	0.516130
2018.250000	0.369017
2018.333333	0.367193
2018.416667	0.619744
2018.500000	0.555595
2018.583333	0.472811
2018.666667	0.668204
2018.750000	0.740588
2018.833333	0.160126
2018.916667	0.002946
2019.000000	0.192185
2019.083333	0.203706
2019.166667	0.352446
2019.250000	0.182123
2019.333333	0.024584
2019.416667	0.311652
2019.500000	0.533745
2019.583333	0.483803
2019.666667	0.689763
2019.750000	0.285617
2019.833333	0.075805
2019.916667	0.098073
2020.000000	-0.169450
2020.083333	0.203287
2020.166667	0.381110
2020.250000	0.472710
2020.333333	0.127208
2020.416667	0.021781
2020.500000	0.392745
2020.583333	0.453771
2020.666667	0.257613
2020.750000	0.533090
2020.833333	0.059266
2020.916667	0.075069
2021.000000	0.362009
2021.083333	0.297797
2021.166667	0.356288
2021.250000	0.214052
2021.333333	0.208465
2021.416667	0.350646
2021.500000	0.367872
2021.583333	0.398381
2021.666667	0.544951
2021.750000	0.819523
2021.833333	0.830428
2021.916667	0.511604
2022.000000	0.102793
2022.083333	0.257452
2022.166667	0.105007
2022.250000	0.271371
2022.333333	0.247607
2022.416667	0.226065
2022.500000	0.526313
2022.583333	0.902967
2022.666667	1.188968
2022.750000	1.104671
2022.833333	0.236232
2022.916667	0.102005
2023.000000	0.173540
