1950.000000	-1.122023
1950.083333	-1.124291
1950.166667	-0.424413
1950.250000	-0.610120
1950.333333	-0.820945
1950.416667	-0.543756
1950.500000	-0.507748
1950.583333	-0.382164
1950.666667	-0.810807
1950.750000	-0.610094
1950.833333	-0.661504
1950.916667	-0.493311
1951.000000	-0.044479
1951.083333	0.051346
1951.166667	-0.062632
1951.250000	0.076765
1951.333333	0.182155
1951.416667	0.556049
1951.500000	0.765744
1951.583333	0.876283
1951.666667	0.707135
1951.750000	0.909161
1951.833333	0.990074
1951.916667	0.767548
1952.000000	0.623509
1952.083333	0.478904
1952.166667	0.240317
1952.250000	0.275984
1952.333333	0.002002
1952.416667	-0.126905
1952.500000	-0.483814
1952.583333	-0.151029
1952.666667	-0.224704
1952.750000	-0.125423
1952.833333	-0.283777
1952.916667	-0.132333
1953.000000	0.133975
1953.083333	0.432071
1953.166667	0.375790
1953.250000	0.392774
1953.333333	0.232448
1953.416667	0.491409
1953.500000	0.317878
1953.583333	0.484273
1953.666667	1.029382
1953.750000	0.404127
1953.833333	0.299331
1953.916667	0.392850
1954.000000	0.008757
1954.083333	-0.277137
1954.166667	-0.383927
1954.250000	-0.760497
1954.333333	-0.798847
1954.416667	-0.762702
1954.500000	-0.814811
1954.583333	-0.904994
1954.666667	-0.973433
1954.750000	-0.964651
1954.833333	-0.796781
1954.916667	-0.875694
1955.000000	-0.553402
1955.083333	-0.424741
1955.166667	-0.303858
1955.250000	-0.497627
1955.333333	-0.822973
1955.416667	-0.794017
1955.500000	-0.534462
1955.583333	-0.545860
1955.666667	-1.043808
1955.750000	-1.352981
1955.833333	-1.655790
1955.916667	-1.313794
1956.000000	-1.020689
1956.083333	-0.353868
1956.166667	-0.271541
1956.250000	-0.423125
1956.333333	-0.318848
1956.416667	-0.308176
1956.500000	-0.505564
1956.583333	-0.475032
1956.666667	-0.570159
1956.750000	-0.682298
1956.833333	-0.816624
1956.916667	-0.402751
1957.000000	-0.339996
1957.083333	0.073934
1957.166667	0.343356
1957.250000	0.434234
1957.333333	0.577429
1957.416667	0.970292
1957.500000	1.116200
1957.583333	1.261913
1957.666667	0.873217
1957.750000	0.758067
1957.833333	1.123293
1957.916667	1.152275
1958.000000	0.987147
1958.083333	0.764990
1958.166667	0.277188
1958.250000	0.284777
1958.333333	0.688346
1958.416667	0.452699
1958.500000	0.297943
1958.583333	0.310494
1958.666667	0.208644
1958.750000	-0.004844
1958.833333	0.229621
1958.916667	0.116728
1959.000000	-0.045648
1959.083333	-0.130667
1959.166667	-0.161320
1959.250000	0.231728
1959.333333	0.303322
1959.416667	0.034681
1959.500000	-0.193018
1959.583333	-0.225737
1959.666667	0.121164
1959.750000	0.139909
1959.833333	0.066193
1959.916667	-0.057924
1960.000000	0.097763
1960.083333	-0.089349
1960.166667	0.094888
1960.250000	-0.071478
1960.333333	-0.177269
1960.416667	-0.309643
1960.500000	-0.063769
1960.583333	0.089416
1960.666667	0.152495
1960.750000	-0.425529
1960.833333	-0.390910
1960.916667	-0.147260
1961.000000	-0.334624
1961.083333	0.173097
1961.166667	0.146282
1961.250000	0.469728
1961.333333	0.204628
1961.416667	0.151891
1961.500000	-0.594196
1961.583333	-0.661570
1961.666667	-0.945573
1961.750000	-0.861652
1961.833333	-0.497588
1961.916667	-0.318865
1962.000000	-0.235374
1962.083333	-0.057673
1962.166667	-0.464255
1962.250000	-0.605478
1962.333333	-0.504530
1962.416667	-0.418754
1962.500000	-0.195437
1962.583333	-0.085953
1962.666667	-0.219046
1962.750000	-0.327122
1962.833333	-0.496107
1962.916667	-0.636631
1963.000000	-0.219896
1963.083333	-0.229963
1963.166667	0.194010
1963.250000	0.428338
1963.333333	0.526251
1963.416667	0.567402
1963.500000	0.609916
1963.583333	0.636511
1963.666667	0.751373
1963.750000	0.894776
1963.833333	0.662205
1963.916667	0.979111
1964.000000	0.327466
1964.083333	0.108625
1964.166667	-0.224292
1964.250000	-0.511254
1964.333333	-0.856636
1964.416667	-1.004419
1964.500000	-0.495415
1964.583333	-0.952138
1964.666667	-0.661866
1964.750000	-0.424102
1964.833333	-0.495432
1964.916667	-0.908822
1965.000000	-0.405379
1965.083333	0.052928
1965.166667	0.117606
1965.250000	0.333309
1965.333333	1.006676
1965.416667	0.797395
1965.500000	0.896031
1965.583333	1.006208
1965.666667	1.114211
1965.750000	1.237015
1965.833333	1.533408
1965.916667	1.380006
1966.000000	1.205189
1966.083333	0.730714
1966.166667	0.169156
1966.250000	0.174092
1966.333333	-0.547054
1966.416667	-0.197058
1966.500000	0.155560
1966.583333	0.001741
1966.666667	-0.219658
1966.750000	-0.094716
1966.833333	-0.405267
1966.916667	-0.574192
1967.000000	-0.152874
1967.083333	-0.041819
1967.166667	-0.143778
1967.250000	-0.414910
1967.333333	-0.067100
1967.416667	-0.006521
1967.500000	-0.398394
1967.583333	-0.813785
1967.666667	-0.812213
1967.750000	-0.805122
1967.833333	-0.805568
1967.916667	-0.532101
1968.000000	-0.633100
1968.083333	-0.917511
1968.166667	-0.858065
1968.250000	-0.425978
1968.333333	-0.686068
1968.416667	-0.163786
1968.500000	0.253360
1968.583333	0.313781
1968.666667	0.410984
1968.750000	0.338075
1968.833333	0.554236
1968.916667	0.634938
1969.000000	0.629810
1969.083333	0.256697
1969.166667	0.437581
1969.250000	0.494476
1969.333333	0.997601
1969.416667	0.881927
1969.500000	0.443568
1969.583333	0.554398
1969.666667	0.972724
1969.750000	1.017291
1969.833333	1.089131
1969.916667	0.998649
1970.000000	0.956155
1970.083333	0.548332
1970.166667	0.285754
1970.250000	0.230335
1970.333333	-0.261623
1970.416667	-0.552468
1970.500000	-1.381776
1970.583333	-1.557211
1970.666667	-0.895026
1970.750000	-0.855502
1970.833333	-0.942906
1970.916667	-1.290176
1971.000000	-1.244541
1971.083333	-1.080535
1971.166667	-0.887360
1971.250000	-0.360486
1971.333333	-0.766299
1971.416667	-0.364032
1971.500000	-0.377079
1971.583333	-0.761181
1971.666667	-0.521593
1971.750000	-0.754410
1971.833333	-0.852712
1971.916667	-0.756577
1972.000000	-0.110350
1972.083333	-0.132813
1972.166667	0.122787
1972.250000	0.457610
1972.333333	0.903439
1972.416667	0.947528
1972.500000	1.424140
1972.583333	1.767855
1972.666667	1.791245
1972.750000	1.801932
1972.833333	1.827368
1972.916667	2.047177
1973.000000	1.406384
1973.083333	0.927158
1973.166667	0.635414
1973.250000	0.063445
1973.333333	-0.554941
1973.416667	-0.701585
1973.500000	-0.856295
1973.583333	-0.938454
1973.666667	-0.758090
1973.750000	-0.784361
1973.833333	-0.671112
1973.916667	-0.833870
1974.000000	-0.996575
1974.083333	-0.562685
1974.166667	-0.093293
1974.250000	-0.110662
1974.333333	0.095234
1974.416667	0.041897
1974.500000	-0.035912
1974.583333	0.038980
1974.666667	-0.594166
1974.750000	-0.069226
1974.833333	-0.210386
1974.916667	-0.286756
1975.000000	-0.417158
1975.083333	-0.316144
1975.166667	-0.225571
1975.250000	0.065740
1975.333333	-0.293042
1975.416667	-0.609738
1975.500000	-0.661597
1975.583333	-0.419951
1975.666667	-0.939795
1975.750000	-0.816049
1975.833333	-1.007919
1975.916667	-1.292614
1976.000000	-1.539459
1976.083333	-0.760986
1976.166667	-0.167963
1976.250000	-0.131900
1976.333333	-0.001540
1976.416667	0.752995
1976.500000	0.645483
1976.583333	1.074426
1976.666667	0.990966
1976.750000	1.258322
1976.833333	1.080082
1976.916667	0.794804
1977.000000	1.051435
1977.083333	0.710178
1977.166667	0.627708
1977.250000	-0.169385
1977.333333	0.119822
1977.416667	-0.130692
1977.500000	-0.214000
1977.583333	-0.534046
1977.666667	-0.207830
1977.750000	0.057951
1977.833333	0.026935
1977.916667	-0.034114
1978.000000	0.222831
1978.083333	0.052887
1978.166667	-0.005476
1978.250000	-0.350904
1978.333333	-0.134403
1978.416667	-0.662385
1978.500000	-0.678041
1978.583333	-0.702207
1978.666667	-0.561641
1978.750000	-0.177403
1978.833333	-0.032530
1978.916667	0.384459
1979.000000	-0.126880
1979.083333	0.052576
1979.166667	0.088849
1979.250000	0.470701
1979.333333	0.643449
1979.416667	0.555674
1979.500000	0.464161
1979.583333	0.736603
1979.666667	1.034546
1979.750000	0.821775
1979.833333	0.567015
1979.916667	0.584888
1980.000000	0.560057
1980.083333	0.364109
1980.166667	0.264257
1980.250000	0.254907
1980.333333	0.459030
1980.416667	0.419660
1980.500000	0.025111
1980.583333	-0.104134
1980.666667	-0.057275
1980.750000	-0.153056
1980.833333	0.178126
1980.916667	0.381619
1981.000000	-0.371226
1981.083333	-0.434861
1981.166667	-0.198633
1981.250000	-0.370456
1981.333333	-0.243747
1981.416667	-0.054199
1981.500000	-0.179372
1981.583333	-0.467654
1981.666667	-0.060010
1981.750000	0.089781
1981.833333	-0.023764
1981.916667	0.437194
1982.000000	0.640073
1982.083333	0.387345
1982.166667	0.198630
1982.250000	0.316660
1982.333333	0.784915
1982.416667	0.782220
1982.500000	0.639988
1982.583333	1.050033
1982.666667	1.718803
1982.750000	2.110136
1982.833333	2.322398
1982.916667	2.873816
1983.000000	2.849809
1983.083333	2.141224
1983.166667	1.672550
1983.250000	1.524374
1983.333333	1.865657
1983.416667	1.854886
1983.500000	1.573953
1983.583333	1.501096
1983.666667	1.082021
1983.750000	0.507106
1983.833333	-0.086003
1983.916667	0.121703
1984.000000	-0.059529
1984.083333	0.296248
1984.166667	0.315045
1984.250000	0.181108
1984.333333	-0.127011
1984.416667	-0.552029
1984.500000	-0.511932
1984.583333	-0.267106
1984.666667	-0.069090
1984.750000	-0.311026
1984.833333	-0.256648
1984.916667	-0.605988
1985.000000	-0.490310
1985.083333	-0.596643
1985.166667	-0.554544
1985.250000	-0.550124
1985.333333	-0.515848
1985.416667	-0.579982
1985.500000	-0.886775
1985.583333	-0.602248
1985.666667	-0.508495
1985.750000	-0.490321
1985.833333	-0.491023
1985.916667	-0.504014
1986.000000	-0.456010
1986.083333	-0.121835
1986.166667	-0.025574
1986.250000	-0.169260
1986.333333	-0.115033
1986.416667	-0.060062
1986.500000	0.067851
1986.583333	0.072909
1986.666667	0.471612
1986.750000	0.634608
1986.833333	0.859029
1986.916667	0.718970
1987.000000	0.934072
1987.083333	0.928407
1987.166667	0.956748
1987.250000	0.854613
1987.333333	1.043931
1987.416667	1.135987
1987.500000	1.290174
1987.583333	1.346485
1987.666667	1.714707
1987.750000	1.367886
1987.833333	1.192723
1987.916667	1.404452
1988.000000	0.863053
1988.083333	0.471846
1988.166667	0.410607
1988.250000	-0.161905
1988.333333	-0.768005
1988.416667	-1.161253
1988.500000	-1.275430
1988.583333	-1.003481
1988.666667	-0.688174
1988.750000	-0.899324
1988.833333	-1.059016
1988.916667	-1.153544
1989.000000	-0.780639
1989.083333	-0.354985
1989.166667	-0.651341
1989.250000	-0.307710
1989.333333	-0.204400
1989.416667	-0.058913
1989.500000	-0.111859
1989.583333	-0.210483
1989.666667	-0.030471
1989.750000	-0.082434
1989.833333	-0.111660
1989.916667	-0.231104
1990.000000	-0.082936
1990.083333	0.268955
1990.166667	0.138909
1990.250000	0.387098
1990.333333	0.526323
1990.416667	0.288410
1990.500000	0.044118
1990.583333	0.292509
1990.666667	0.404773
1990.750000	0.228911
1990.833333	0.071840
1990.916667	0.144064
1991.000000	0.141767
1991.083333	0.073782
1991.166667	0.035076
1991.250000	0.112455
1991.333333	0.701755
1991.416667	0.982111
1991.500000	1.029246
1991.583333	0.709611
1991.666667	0.532407
1991.750000	0.718965
1991.833333	0.864339
1991.916667	1.152315
1992.000000	0.958995
1992.083333	0.816749
1992.166667	0.834092
1992.250000	1.059659
1992.333333	1.269979
1992.416667	0.459238
1992.500000	-0.021336
1992.583333	0.074646
1992.666667	0.078896
1992.750000	0.038635
1992.833333	0.113381
1992.916667	0.121291
1993.000000	0.274998
1993.083333	0.541246
1993.166667	0.578920
1993.250000	0.869375
1993.333333	1.071655
1993.416667	0.731292
1993.500000	0.336503
1993.583333	0.360948
1993.666667	0.560583
1993.750000	0.614315
1993.833333	0.440158
1993.916667	0.620709
1994.000000	0.504410
1994.083333	0.152252
1994.166667	0.082743
1994.250000	-0.131475
1994.333333	0.148683
1994.416667	0.162782
1994.500000	-0.281823
1994.583333	-0.282351
1994.666667	0.273532
1994.750000	0.766193
1994.833333	0.855430
1994.916667	0.911160
1995.000000	0.800527
1995.083333	0.680560
1995.166667	0.341747
1995.250000	0.049278
1995.333333	-0.093062
1995.416667	0.143559
1995.500000	0.096539
1995.583333	-0.284532
1995.666667	-0.213389
1995.750000	-0.336192
1995.833333	-0.421345
1995.916667	-0.325179
1996.000000	-0.272135
1996.083333	-0.208900
1996.166667	-0.004425
1996.250000	-0.469900
1996.333333	-0.333860
1996.416667	-0.311437
1996.500000	-0.140572
1996.583333	-0.196386
1996.666667	-0.101937
1996.750000	-0.127169
1996.833333	-0.238504
1996.916667	-0.520975
1997.000000	-0.606773
1997.083333	-0.412804
1997.166667	0.056972
1997.250000	0.252572
1997.333333	1.000418
1997.416667	1.429350
1997.500000	2.013064
1997.583333	2.501925
1997.666667	2.780773
1997.750000	2.998598
1997.833333	3.140653
1997.916667	3.271721
1998.000000	2.852125
1998.083333	2.223351
1998.166667	1.807603
1998.250000	1.681449
1998.333333	1.446781
1998.416667	0.618497
1998.500000	0.515484
1998.583333	0.720259
1998.666667	0.250939
1998.750000	0.023438
1998.833333	0.000927
1998.916667	-0.155599
1999.000000	-0.428861
1999.083333	-0.098278
1999.166667	0.050600
1999.250000	-0.276906
1999.333333	-0.096407
1999.416667	-0.323965
1999.500000	-0.544492
1999.583333	-0.518718
1999.666667	-0.653717
1999.750000	-0.645044
1999.833333	-0.959488
1999.916667	-0.902163
2000.000000	-0.989853
2000.083333	-0.402287
2000.166667	-0.102113
2000.250000	0.211519
2000.333333	0.026464
2000.416667	-0.449592
2000.500000	-0.508132
2000.583333	-0.456491
2000.666667	-0.195464
2000.750000	-0.010323
2000.833333	-0.210555
2000.916667	-0.059486
2001.000000	-0.098136
2001.083333	0.018852
2001.166667	0.268006
2001.250000	0.305566
2001.333333	0.208579
2001.416667	0.007715
2001.500000	-0.185335
2001.583333	-0.070446
2001.666667	-0.227576
2001.750000	-0.278987
2001.833333	-0.355342
2001.916667	-0.087047
2002.000000	-0.271689
2002.083333	-0.051577
2002.166667	0.212917
2002.250000	0.337930
2002.333333	0.424632
2002.416667	0.522814
2002.500000	0.382027
2002.583333	0.311014
2002.666667	0.659628
2002.750000	0.920886
2002.833333	1.179667
2002.916667	1.180140
2003.000000	0.554007
2003.083333	0.327453
2003.166667	0.194005
2003.250000	-0.067925
2003.333333	-0.370389
2003.416667	-0.332264
2003.500000	0.053672
2003.583333	0.269345
2003.666667	0.404315
2003.750000	0.582832
2003.833333	0.664507
2003.916667	0.660135
2004.000000	0.565601
2004.083333	0.424270
2004.166667	0.441361
2004.250000	0.189147
2004.333333	0.016050
2004.416667	0.101540
2004.500000	-0.179917
2004.583333	-0.026487
2004.666667	0.359119
2004.750000	0.573530
2004.833333	0.740265
2004.916667	0.872615
2005.000000	0.473242
2005.083333	0.088972
2005.166667	0.121346
2005.250000	0.448967
2005.333333	0.647684
2005.416667	0.487076
2005.500000	0.371936
2005.583333	0.471247
2005.666667	0.125588
2005.750000	0.040988
2005.833333	-0.420729
2005.916667	-0.337848
2006.000000	-0.138067
2006.083333	0.136103
2006.166667	-0.005801
2006.250000	0.078653
2006.333333	0.230369
2006.416667	0.012519
2006.500000	0.098614
2006.583333	0.530929
2006.666667	1.057831
2006.750000	1.222012
2006.833333	0.996282
2006.916667	1.139563
2007.000000	0.845290
2007.083333	0.285238
2007.166667	-0.037043
2007.250000	0.049342
2007.333333	-0.275168
2007.416667	-0.307205
2007.500000	-0.452771
2007.583333	-0.649646
2007.666667	-0.696890
2007.750000	-0.809960
2007.833333	-1.206528
2007.916667	-0.894828
2008.000000	-0.914113
2008.083333	-0.531688
2008.166667	-0.058772
2008.250000	0.144428
2008.333333	0.417433
2008.416667	0.401747
2008.500000	0.410008
2008.583333	0.679357
2008.666667	0.580319
2008.750000	0.381549
2008.833333	0.074080
2008.916667	-0.008878
2009.000000	0.023922
2009.083333	0.008869
2009.166667	-0.217063
2009.250000	0.347479
2009.333333	0.604677
2009.416667	0.836621
2009.500000	0.886126
2009.583333	1.037763
2009.666667	1.040831
2009.750000	1.074204
2009.833333	1.173610
2009.916667	1.443458
2010.000000	0.870118
2010.083333	0.601811
2010.166667	0.493305
2010.250000	0.700472
2010.333333	0.417947
2010.416667	-0.224718
2010.500000	-0.722009
2010.583333	-0.743367
2010.666667	-0.780020
2010.750000	-1.099529
2010.833333	-1.027543
2010.916667	-1.212750
2011.000000	-0.993552
2011.083333	-0.499000
2011.166667	-0.306438
2011.250000	0.026678
2011.333333	0.184273
2011.416667	0.269600
2011.500000	0.076338
2011.583333	-0.053953
2011.666667	-0.125533
2011.750000	-0.434047
2011.833333	-0.706450
2011.916667	-0.509467
2012.000000	-0.345782
2012.083333	0.265279
2012.166667	0.209622
2012.250000	0.494323
2012.333333	0.369648
2012.416667	0.661086
2012.500000	0.796954
2012.583333	0.582189
2012.666667	0.492458
2012.750000	0.337669
2012.833333	0.371634
2012.916667	0.247741
2013.000000	-0.095826
2013.083333	-0.000397
2013.166667	0.410982
2013.250000	0.159302
2013.333333	-0.142787
2013.416667	-0.348337
2013.500000	-0.422400
2013.583333	-0.255248
2013.666667	0.123806
2013.750000	0.124107
2013.833333	0.006446
2013.916667	0.185870
2014.000000	-0.081240
2014.083333	-0.393981
2014.166667	0.158688
2014.250000	0.389842
2014.333333	0.715275
2014.416667	0.903677
2014.500000	0.720470
2014.583333	0.742284
2014.666667	0.705202
2014.750000	0.851528
2014.833333	0.840666
2014.916667	0.820422
2015.000000	0.513278
2015.083333	0.314269
2015.166667	0.244995
2015.250000	0.783721
2015.333333	1.251162
2015.416667	1.527567
2015.500000	1.850084
2015.583333	1.974063
2015.666667	2.448755
2015.750000	2.438726
2015.833333	2.576371
2015.916667	2.650069
2016.000000	2.341169
2016.083333	1.637956
2016.166667	1.525182
2016.250000	1.028678
2016.333333	0.655001
2016.416667	0.622471
2016.500000	0.178270
2016.583333	0.097143
2016.666667	0.387596
2016.750000	0.183485
2016.833333	0.156091
2016.916667	0.221977
2017.000000	0.513052
2017.083333	0.893883
2017.166667	1.038255
2017.250000	0.963551
2017.333333	0.819130
2017.416667	0.423405
2017.500000	0.262497
2017.583333	0.151816
2017.666667	-0.050730
2017.750000	-0.038259
2017.833333	-0.437959
2017.916667	-0.538538
2018.000000	-0.723098
2018.083333	-0.533770
2018.166667	-0.221149
2018.250000	0.065026
2018.333333	0.239132
2018.416667	0.434854
2018.500000	0.452663
2018.583333	0.344923
2018.666667	0.673865
2018.750000	0.994656
2018.833333	1.016625
2018.916667	0.999428
2019.000000	0.600896
2019.083333	0.572751
2019.166667	0.728378
2019.250000	0.678114
2019.333333	0.730486
2019.416667	0.506630
2019.500000	0.113922
2019.583333	0.118391
2019.666667	0.176300
2019.750000	0.291784
2019.833333	0.515194
2019.916667	0.550782
2020.000000	0.414886
2020.083333	0.600967
2020.166667	0.642374
2020.250000	0.817420
2020.333333	0.324898
2020.416667	-0.127248
2020.500000	-0.188341
2020.583333	-0.053133
2020.666667	-0.553174
2020.750000	-0.554697
2020.833333	-0.463278
2020.916667	-0.191477
2021.000000	-0.147514
2021.083333	-0.251681
2021.166667	-0.053073
2021.250000	-0.179144
2021.333333	0.040153
2021.416667	0.033312
2021.500000	0.073945
2021.583333	0.047521
2021.666667	0.188879
2021.750000	0.127791
2021.833333	-0.129341
2021.916667	-0.535273
2022.000000	-0.849183
2022.083333	-0.679523
2022.166667	-0.197562
2022.250000	-0.228151
2022.333333	-0.489404
2022.416667	-0.252401
2022.500000	-0.174088
2022.583333	-0.134116
2022.666667	-0.440070
2022.750000	-0.541804
2022.833333	-0.507745
2022.916667	-0.339836
2023.000000	-0.143224
