1950.000000 0.019873
1950.083333 -0.150924
1950.166667 -0.150803
1950.250000 0.395298
1950.333333 0.364614
1950.416667 0.414240
1950.500000 0.826007
1950.583333 0.636000
1950.666667 0.640747
1950.750000 0.507507
1950.833333 0.452745
1950.916667 0.590033
1951.000000 0.419371
1951.083333 0.634425
1951.166667 0.819135
1951.250000 0.387480
1951.333333 0.018247
1951.416667 0.228533
1951.500000 0.425788
1951.583333 0.026631
1951.666667 0.601173
1951.750000 -0.000972
1951.833333 -0.123509
1951.916667 -0.189526
1952.000000 -0.109228
1952.083333 -0.224448
1952.166667 -0.121232
1952.250000 0.145996
1952.333333 0.329522
1952.416667 0.199461
1952.500000 0.287417
1952.583333 0.740644
1952.666667 1.367800
1952.750000 1.194418
1952.833333 0.611444
1952.916667 0.461930
1953.000000 0.080537
1953.083333 0.058973
1953.166667 -0.455044
1953.250000 -0.058701
1953.333333 -0.030457
1953.416667 -0.124094
1953.500000 0.381496
1953.583333 0.381862
1953.666667 -0.028738
1953.750000 0.412142
1953.833333 -0.126358
1953.916667 -0.406614
1954.000000 -0.513020
1954.083333 -0.336380
1954.166667 -0.171906
1954.250000 -0.465177
1954.333333 -0.700727
1954.416667 0.191061
1954.500000 0.171366
1954.583333 0.098727
1954.666667 0.021692
1954.750000 0.055301
1954.833333 0.093838
1954.916667 0.212518
1955.000000 0.130129
1955.083333 0.605657
1955.166667 0.452548
1955.250000 0.238763
1955.333333 0.376673
1955.416667 0.740282
1955.500000 0.447553
1955.583333 0.151208
1955.666667 0.175293
1955.750000 0.436771
1955.833333 0.648444
1955.916667 0.255981
1956.000000 0.872374
1956.083333 0.295902
1956.166667 0.017455
1956.250000 -0.060958
1956.333333 -0.397190
1956.416667 -0.660532
1956.500000 -0.367901
1956.583333 0.521359
1956.666667 0.610924
1956.750000 -0.437170
1956.833333 -0.287039
1956.916667 -0.193590
1957.000000 0.162991
1957.083333 0.151109
1957.166667 0.201819
1957.250000 0.028674
1957.333333 -0.412542
1957.416667 -0.027393
1957.500000 -0.325181
1957.583333 0.174790
1957.666667 0.560091
1957.750000 0.693665
1957.833333 0.439729
1957.916667 -0.071221
1958.000000 0.012506
1958.083333 0.291764
1958.166667 0.082437
1958.250000 0.080031
1958.333333 0.155982
1958.416667 0.531446
1958.500000 0.080465
1958.583333 0.484616
1958.666667 0.288924
1958.750000 -0.055293
1958.833333 0.028203
1958.916667 0.652677
1959.000000 0.395179
1959.083333 -0.236218
1959.166667 -0.171980
1959.250000 0.114896
1959.333333 0.295981
1959.416667 -0.056834
1959.500000 -0.157832
1959.583333 0.057839
1959.666667 -0.683028
1959.750000 -0.919454
1959.833333 -0.653744
1959.916667 0.065142
1960.000000 -0.077533
1960.083333 0.103755
1960.166667 0.101393
1960.250000 0.357208
1960.333333 0.402210
1960.416667 0.170483
1960.500000 0.089389
1960.583333 0.199430
1960.666667 0.485476
1960.750000 1.166725
1960.833333 1.391980
1960.916667 1.441960
1961.000000 1.011323
1961.083333 0.408261
1961.166667 0.351798
1961.250000 0.698323
1961.333333 0.249170
1961.416667 0.562377
1961.500000 0.343653
1961.583333 -0.171027
1961.666667 -0.600468
1961.750000 -0.437651
1961.833333 0.049445
1961.916667 0.049951
1962.000000 0.313508
1962.083333 -0.067072
1962.166667 0.344839
1962.250000 0.295196
1962.333333 0.217838
1962.416667 -0.029066
1962.500000 0.234769
1962.583333 0.562295
1962.666667 0.559537
1962.750000 0.524764
1962.833333 0.886170
1962.916667 0.715710
1963.000000 0.821140
1963.083333 0.473756
1963.166667 0.294513
1963.250000 0.230275
1963.333333 0.245235
1963.416667 0.032890
1963.500000 0.889480
1963.583333 0.692341
1963.666667 0.627057
1963.750000 0.848234
1963.833333 0.580461
1963.916667 0.578411
1964.000000 0.125157
1964.083333 -0.022432
1964.166667 0.056619
1964.250000 -0.058668
1964.333333 -0.250974
1964.416667 0.653491
1964.500000 0.176644
1964.583333 -0.130701
1964.666667 -0.305753
1964.750000 -0.025107
1964.833333 0.283738
1964.916667 0.172486
1965.000000 0.216162
1965.083333 -0.001354
1965.166667 0.212963
1965.250000 -0.281297
1965.333333 -0.888904
1965.416667 -0.209983
1965.500000 0.026550
1965.583333 -0.219397
1965.666667 -0.093358
1965.750000 0.192519
1965.833333 -0.127533
1965.916667 0.022076
1966.000000 -0.145577
1966.083333 0.159222
1966.166667 0.405927
1966.250000 0.285882
1966.333333 0.303240
1966.416667 0.141948
1966.500000 -0.028166
1966.583333 0.320163
1966.666667 0.562202
1966.750000 1.348390
1966.833333 1.185729
1966.916667 0.507095
1967.000000 0.334543
1967.083333 -0.037439
1967.166667 -0.050310
1967.250000 0.073594
1967.333333 -0.022967
1967.416667 -0.505983
1967.500000 -0.354917
1967.583333 0.125303
1967.666667 0.079535
1967.750000 0.324737
1967.833333 0.210526
1967.916667 -0.066590
1968.000000 -0.276196
1968.083333 -0.221690
1968.166667 0.004937
1968.250000 0.541216
1968.333333 1.285188
1968.416667 0.771051
1968.500000 0.499118
1968.583333 -0.606330
1968.666667 -0.210924
1968.750000 -0.106461
1968.833333 -0.195514
1968.916667 -0.180334
1969.000000 0.166412
1969.083333 -0.125419
1969.166667 -0.003941
1969.250000 -0.193240
1969.333333 -0.147642
1969.416667 0.034799
1969.500000 -0.739399
1969.583333 -0.405340
1969.666667 0.158164
1969.750000 0.145267
1969.833333 -0.068531
1969.916667 0.072589
1970.000000 0.337819
1970.083333 0.295531
1970.166667 0.243004
1970.250000 0.141941
1970.333333 -0.166367
1970.416667 -0.354258
1970.500000 -0.174747
1970.583333 0.103376
1970.666667 0.082504
1970.750000 -0.728255
1970.833333 -0.461474
1970.916667 -0.064768
1971.000000 0.164797
1971.083333 0.427658
1971.166667 0.331444
1971.250000 0.032562
1971.333333 0.411673
1971.416667 -0.035220
1971.500000 -0.036873
1971.583333 0.023467
1971.666667 -0.589138
1971.750000 -1.015742
1971.833333 -0.940913
1971.916667 -0.995622
1972.000000 -0.527932
1972.083333 -0.215244
1972.166667 -0.009019
1972.250000 0.239609
1972.333333 -0.387533
1972.416667 -0.264498
1972.500000 -0.668115
1972.583333 -0.341199
1972.666667 -0.725164
1972.750000 -0.553240
1972.833333 -0.565144
1972.916667 -0.819982
1973.000000 -0.756727
1973.083333 -0.268782
1973.166667 -0.272683
1973.250000 -0.265070
1973.333333 -0.081578
1973.416667 -0.380663
1973.500000 -0.369775
1973.583333 -0.443054
1973.666667 -0.060168
1973.750000 -0.098388
1973.833333 -0.342209
1973.916667 -0.455248
1974.000000 -0.303871
1974.083333 -0.069126
1974.166667 0.102859
1974.250000 -0.299790
1974.333333 -0.529489
1974.416667 -0.224185
1974.500000 -0.158039
1974.583333 -0.502428
1974.666667 0.207963
1974.750000 -0.079176
1974.833333 -0.114912
1974.916667 -0.125330
1975.000000 -0.244779
1975.083333 -0.221173
1975.166667 -0.759239
1975.250000 -0.710425
1975.333333 -0.329448
1975.416667 -0.689116
1975.500000 -0.156474
1975.583333 -0.229860
1975.666667 0.180764
1975.750000 -0.024577
1975.833333 -0.287891
1975.916667 -0.268004
1976.000000 -0.182585
1976.083333 -0.555725
1976.166667 -0.459725
1976.250000 -0.221511
1976.333333 -0.133334
1976.416667 -0.697448
1976.500000 -0.211504
1976.583333 -0.939229
1976.666667 -0.970052
1976.750000 -0.151496
1976.833333 -0.080041
1976.916667 -0.174760
1977.000000 -0.288528
1977.083333 0.102411
1977.166667 0.215317
1977.250000 -0.102426
1977.333333 -0.071703
1977.416667 0.236138
1977.500000 0.066397
1977.583333 0.135932
1977.666667 -0.417264
1977.750000 -1.213703
1977.833333 -0.877432
1977.916667 -0.947037
1978.000000 -0.714692
1978.083333 -0.067854
1978.166667 -0.187267
1978.250000 -0.062758
1978.333333 -0.124969
1978.416667 -0.211560
1978.500000 -0.488535
1978.583333 -0.943913
1978.666667 -1.036854
1978.750000 -0.802048
1978.833333 -1.143304
1978.916667 -0.831225
1979.000000 -0.464572
1979.083333 -0.073773
1979.166667 0.287233
1979.250000 -0.048887
1979.333333 0.047600
1979.416667 0.823762
1979.500000 0.016144
1979.583333 -0.094339
1979.666667 -0.033116
1979.750000 0.277686
1979.833333 -0.099210
1979.916667 -0.287397
1980.000000 -0.361037
1980.083333 -0.411526
1980.166667 -0.347537
1980.250000 -0.472496
1980.333333 -0.941640
1980.416667 -0.889227
1980.500000 -0.298166
1980.583333 -0.122179
1980.666667 -0.277297
1980.750000 0.282666
1980.833333 0.332194
1980.916667 -0.075245
1981.000000 -0.548596
1981.083333 -0.648010
1981.166667 -0.222924
1981.250000 -0.163880
1981.333333 -0.148516
1981.416667 0.313749
1981.500000 -0.354895
1981.583333 -0.399740
1981.666667 -0.155677
1981.750000 0.774616
1981.833333 -0.222667
1981.916667 -0.079575
1982.000000 -0.077118
1982.083333 -0.413125
1982.166667 -0.440677
1982.250000 -0.576228
1982.333333 -0.416502
1982.416667 -0.054965
1982.500000 -0.096186
1982.583333 -0.335638
1982.666667 -0.074786
1982.750000 0.224969
1982.833333 -0.415851
1982.916667 -0.666548
1983.000000 -0.860520
1983.083333 -0.869222
1983.166667 -0.806986
1983.250000 -0.657035
1983.333333 -0.198471
1983.416667 -0.181640
1983.500000 -0.325036
1983.583333 -0.360375
1983.666667 -0.403587
1983.750000 -0.618462
1983.833333 -0.603062
1983.916667 -0.589654
1984.000000 -0.630413
1984.083333 -0.543142
1984.166667 -0.650540
1984.250000 -0.673717
1984.333333 -0.372112
1984.416667 -0.587569
1984.500000 -0.540457
1984.583333 -0.755753
1984.666667 -0.414697
1984.750000 -0.048996
1984.833333 -0.238997
1984.916667 -0.575998
1985.000000 -0.382909
1985.083333 -0.413164
1985.166667 -0.502647
1985.250000 -0.350725
1985.333333 0.059876
1985.416667 0.360906
1985.500000 0.053942
1985.583333 0.115113
1985.666667 -0.173085
1985.750000 -0.595011
1985.833333 -0.566056
1985.916667 -0.193480
1986.000000 -0.288662
1986.083333 -0.497911
1986.166667 -0.203999
1986.250000 -0.112642
1986.333333 0.032662
1986.416667 0.299732
1986.500000 0.024061
1986.583333 0.276023
1986.666667 0.408152
1986.750000 0.061437
1986.833333 -0.376243
1986.916667 -0.641177
1987.000000 -0.792327
1987.083333 -0.755440
1987.166667 -0.882209
1987.250000 -1.087704
1987.333333 -1.210859
1987.416667 -0.589024
1987.500000 -0.106779
1987.583333 0.158697
1987.666667 0.348558
1987.750000 0.203872
1987.833333 -0.260314
1987.916667 -0.239927
1988.000000 -0.538188
1988.083333 -0.448917
1988.166667 -0.376104
1988.250000 -0.218582
1988.333333 0.146774
1988.416667 0.396534
1988.500000 0.690911
1988.583333 0.542635
1988.666667 0.199146
1988.750000 0.232346
1988.833333 -0.535250
1988.916667 -0.666502
1989.000000 -0.988740
1989.083333 -0.847492
1989.166667 -0.416222
1989.250000 -0.032847
1989.333333 -0.016172
1989.416667 -0.293309
1989.500000 -0.143808
1989.583333 -0.027715
1989.666667 0.116293
1989.750000 -0.067753
1989.833333 -0.383044
1989.916667 -0.198902
1990.000000 -0.381204
1990.083333 -0.412424
1990.166667 -0.113084
1990.250000 -0.143932
1990.333333 -0.126356
1990.416667 -0.237562
1990.500000 0.113574
1990.583333 -0.278649
1990.666667 -0.259505
1990.750000 -0.000402
1990.833333 0.078491
1990.916667 0.153822
1991.000000 -0.073951
1991.083333 -0.412712
1991.166667 -0.236653
1991.250000 -0.181869
1991.333333 -0.593135
1991.416667 -0.504921
1991.500000 -0.224670
1991.583333 -0.019990
1991.666667 -0.205295
1991.750000 0.345337
1991.833333 -0.183559
1991.916667 -0.644129
1992.000000 -0.884351
1992.083333 -0.974547
1992.166667 -1.025717
1992.250000 -1.030245
1992.333333 -0.946091
1992.416667 -0.797635
1992.500000 -0.493519
1992.583333 0.077108
1992.666667 0.031586
1992.750000 -0.119589
1992.833333 -0.322454
1992.916667 -0.727608
1993.000000 -1.081749
1993.083333 -1.105727
1993.166667 -1.000421
1993.250000 -0.887810
1993.333333 -0.321807
1993.416667 0.114831
1993.500000 -0.407583
1993.583333 -0.107933
1993.666667 0.139699
1993.750000 0.245974
1993.833333 -0.190389
1993.916667 -0.530470
1994.000000 -0.277743
1994.083333 -0.313236
1994.166667 -0.215375
1994.250000 -0.021687
1994.333333 0.133540
1994.416667 0.075640
1994.500000 0.048643
1994.583333 0.360153
1994.666667 0.606513
1994.750000 0.723375
1994.833333 -0.121586
1994.916667 -0.768390
1995.000000 -0.739170
1995.083333 -0.294954
1995.166667 -0.031291
1995.250000 -0.335064
1995.333333 -0.002816
1995.416667 0.461924
1995.500000 0.316813
1995.583333 0.295388
1995.666667 0.009796
1995.750000 -0.171162
1995.833333 -0.695776
1995.916667 -0.677178
1996.000000 -0.519277
1996.083333 -0.313494
1996.166667 -0.535498
1996.250000 -0.371199
1996.333333 0.342329
1996.416667 0.137760
1996.500000 0.058514
1996.583333 0.178511
1996.666667 -0.043631
1996.750000 -0.267744
1996.833333 -0.425318
1996.916667 -0.111690
1997.000000 -0.079668
1997.083333 -0.363761
1997.166667 -0.529446
1997.250000 -0.886841
1997.333333 -0.352752
1997.416667 0.124487
1997.500000 0.055015
1997.583333 -0.215954
1997.666667 -0.200930
1997.750000 -0.158517
1997.833333 -0.445875
1997.916667 -0.220561
1998.000000 -0.448742
1998.083333 -0.391362
1998.166667 -0.573823
1998.250000 -0.328193
1998.333333 -0.138989
1998.416667 0.203507
1998.500000 0.135567
1998.583333 0.452049
1998.666667 0.297092
1998.750000 0.000326
1998.833333 0.204510
1998.916667 -0.045797
1999.000000 0.057055
1999.083333 -0.031755
1999.166667 -0.020667
1999.250000 0.055436
1999.333333 0.435505
1999.416667 0.697197
1999.500000 0.675148
1999.583333 0.748677
1999.666667 0.615947
1999.750000 0.813733
1999.833333 0.346837
1999.916667 0.160187
2000.000000 -0.135681
2000.083333 -0.268752
2000.166667 -0.381200
2000.250000 -0.070247
2000.333333 0.306896
2000.416667 0.352372
2000.500000 0.439938
2000.583333 0.383167
2000.666667 0.352046
2000.750000 0.118687
2000.833333 0.210441
2000.916667 0.338290
2001.000000 0.218498
2001.083333 -0.139684
2001.166667 0.192038
2001.250000 0.150876
2001.333333 0.308192
2001.416667 0.204373
2001.500000 0.615369
2001.583333 0.633700
2001.666667 0.521066
2001.750000 0.792468
2001.833333 0.173924
2001.916667 -0.266265
2002.000000 -0.427464
2002.083333 -0.109274
2002.166667 -0.029019
2002.250000 -0.353576
2002.333333 0.060424
2002.416667 0.265007
2002.500000 0.657905
2002.583333 0.261030
2002.666667 0.340766
2002.750000 0.241473
2002.833333 0.243757
2002.916667 0.063998
2003.000000 0.003499
2003.083333 -0.348490
2003.166667 -0.478450
2003.250000 -0.473852
2003.333333 0.495146
2003.416667 0.866456
2003.500000 0.945566
2003.583333 0.850885
2003.666667 0.575061
2003.750000 0.425097
2003.833333 0.171836
2003.916667 0.287567
2004.000000 -0.115879
2004.083333 -0.355206
2004.166667 -0.384505
2004.250000 -0.339319
2004.333333 -0.272759
2004.416667 -0.163655
2004.500000 0.325889
2004.583333 0.253396
2004.666667 0.337975
2004.750000 0.333748
2004.833333 0.325120
2004.916667 0.002974
2005.000000 -0.363617
2005.083333 -0.457161
2005.166667 -0.247700
2005.250000 -0.160613
2005.333333 0.123248
2005.416667 0.232696
2005.500000 0.392333
2005.583333 0.170060
2005.666667 0.308507
2005.750000 0.109596
2005.833333 -0.235308
2005.916667 0.006097
2006.000000 -0.328924
2006.083333 -0.614879
2006.166667 -0.373921
2006.250000 -0.050085
2006.333333 0.255101
2006.416667 0.419099
2006.500000 0.631424
2006.583333 0.464349
2006.666667 0.385611
2006.750000 0.435426
2006.833333 -0.190281
2006.916667 -0.312429
2007.000000 -0.540145
2007.083333 -0.484436
2007.166667 -0.101914
2007.250000 -0.246367
2007.333333 0.438298
2007.416667 0.813968
2007.500000 0.941008
2007.583333 0.631650
2007.666667 0.482185
2007.750000 0.289557
2007.833333 -0.190581
2007.916667 -0.195136
2008.000000 -0.497724
2008.083333 -0.567783
2008.166667 -0.202994
2008.250000 -0.035140
2008.333333 0.139014
2008.416667 0.596269
2008.500000 0.642650
2008.583333 0.560594
2008.666667 0.656869
2008.750000 0.171119
2008.833333 0.198085
2008.916667 0.085246
2009.000000 -0.022671
2009.083333 0.078045
2009.166667 -0.376669
2009.250000 -0.282151
2009.333333 0.048140
2009.416667 0.426416
2009.500000 0.442890
2009.583333 0.485602
2009.666667 0.312951
2009.750000 0.386152
2009.833333 0.007039
2009.916667 -0.041919
2010.000000 -0.111288
2010.083333 -0.137374
2010.166667 0.133327
2010.250000 0.169517
2010.333333 0.469733
2010.416667 0.435419
2010.500000 0.525202
2010.583333 0.750890
2010.666667 0.647650
2010.750000 0.613865
2010.833333 0.624446
2010.916667 0.609245
2011.000000 0.237236
2011.083333 -0.150089
2011.166667 -0.031185
2011.250000 -0.115430
2011.333333 -0.016142
2011.416667 0.354391
2011.500000 0.506469
2011.583333 0.384048
2011.666667 0.800848
2011.750000 0.264743
2011.833333 -0.462327
2011.916667 -0.343132
2012.000000 -0.355928
2012.083333 -0.605216
2012.166667 -0.626234
2012.250000 -0.190487
2012.333333 0.269099
2012.416667 0.710565
2012.500000 0.948472
2012.583333 0.962665
2012.666667 0.638482
2012.750000 1.033604
2012.833333 0.755171
2012.916667 0.274497
2013.000000 0.100874
2013.083333 -0.050207
2013.166667 0.198774
2013.250000 0.101634
2013.333333 0.547654
2013.416667 0.402762
2013.500000 0.224470
2013.583333 0.307410
2013.666667 0.323023
2013.750000 -0.033528
2013.833333 0.262211
2013.916667 0.095046
2014.000000 -0.051685
2014.083333 -0.079260
2014.166667 0.022049
2014.250000 0.135966
2014.333333 0.122994
2014.416667 0.091076
2014.500000 0.150478
2014.583333 0.367164
2014.666667 0.462009
2014.750000 0.508049
2014.833333 0.179901
2014.916667 0.279681
2015.000000 -0.041500
2015.083333 -0.067927
2015.166667 -0.130687
2015.250000 -0.516363
2015.333333 -0.067791
2015.416667 -0.128032
2015.500000 0.175047
2015.583333 0.421881
2015.666667 0.644404
2015.750000 0.532238
2015.833333 0.060520
2015.916667 -0.209909
2016.000000 -0.335546
2016.083333 -0.306556
2016.166667 0.024066
2016.250000 0.346574
2016.333333 0.319409
2016.416667 0.437469
2016.500000 0.495672
2016.583333 0.086097
2016.666667 0.265592
2016.750000 0.185643
2016.833333 0.314609
2016.916667 0.001209
2017.000000 -0.419436
2017.083333 -0.731202
2017.166667 -0.403281
2017.250000 -0.266297
2017.333333 0.014845
2017.416667 0.431857
2017.500000 0.508500
2017.583333 0.678786
2017.666667 0.603213
2017.750000 0.218053
2017.833333 0.004206
2017.916667 0.383156
2018.000000 0.207977
2018.083333 0.044677
2018.166667 0.149708
2018.250000 0.258317
2018.333333 0.832737
2018.416667 1.127033
2018.500000 0.612624
2018.583333 0.655207
2018.666667 0.593917
2018.750000 0.432297
2018.833333 0.141929
2018.916667 0.154998
2019.000000 -0.282005
2019.083333 -0.299684
2019.166667 0.009853
2019.250000 -0.279613
2019.333333 -0.408993
2019.416667 0.498073
2019.500000 0.692188
2019.583333 0.600124
2019.666667 0.629235
2019.750000 0.794288
2019.833333 0.361884
2019.916667 0.334021
2020.000000 -0.069678
2020.083333 -0.194962
2020.166667 0.016439
2020.250000 -0.020453
2020.333333 0.276967
2020.416667 0.043927
2020.500000 0.233902
2020.583333 0.598693
2020.666667 1.047497
2020.750000 1.150544
2020.833333 0.707299
2020.916667 0.305667
2021.000000 0.431887
2021.083333 0.083262
2021.166667 0.112406
2021.250000 -0.185390
2021.333333 0.352565
2021.416667 0.256633
2021.500000 0.695253
2021.583333 0.869742
2021.666667 0.545447
2021.750000 0.394464
2021.833333 0.429985
2021.916667 0.283587
2022.000000 -0.076266
2022.083333 -0.353776
2022.166667 -0.489017
2022.250000 -0.182812
2022.333333 0.122966
2022.416667 0.825086
2022.500000 0.738174
2022.583333 0.816799
2022.666667 0.922969
2022.750000 0.792725
2022.833333 0.437553
2022.916667 0.365518
2023.000000 0.367330
