1950.000000	0.284417
1950.083333	-0.310905
1950.166667	0.534950
1950.250000	0.613970
1950.333333	0.585413
1950.416667	0.219762
1950.500000	0.205060
1950.583333	0.387469
1950.666667	0.519001
1950.750000	0.330406
1950.833333	-0.047398
1950.916667	0.032819
1951.000000	-0.294103
1951.083333	-0.623739
1951.166667	-0.494354
1951.250000	0.070951
1951.333333	0.029380
1951.416667	0.353409
1951.500000	-0.375955
1951.583333	-0.797625
1951.666667	-0.336972
1951.750000	-0.187585
1951.833333	-0.588015
1951.916667	-0.668529
1952.000000	-0.380274
1952.083333	-0.033323
1952.166667	0.343114
1952.250000	0.567297
1952.333333	0.337843
1952.416667	0.162831
1952.500000	0.545560
1952.583333	0.641221
1952.666667	0.313729
1952.750000	0.418870
1952.833333	0.073808
1952.916667	0.065079
1953.000000	0.363192
1953.083333	0.742380
1953.166667	0.566295
1953.250000	0.474699
1953.333333	0.785960
1953.416667	0.889740
1953.500000	0.512339
1953.583333	0.079230
1953.666667	-0.001457
1953.750000	0.141048
1953.833333	0.246288
1953.916667	0.047672
1954.000000	-0.100815
1954.083333	-0.046831
1954.166667	-0.380124
1954.250000	-0.112239
1954.333333	-0.123107
1954.416667	-0.119275
1954.500000	-0.469108
1954.583333	-0.822730
1954.666667	-0.559839
1954.750000	-0.003512
1954.833333	0.101391
1954.916667	-0.080114
1955.000000	-0.041564
1955.083333	-0.358437
1955.166667	-0.708062
1955.250000	-0.590336
1955.333333	-0.376942
1955.416667	-0.256961
1955.500000	-0.336781
1955.583333	-0.430984
1955.666667	-0.725705
1955.750000	-1.075763
1955.833333	-0.931023
1955.916667	-0.832901
1956.000000	-0.458862
1956.083333	-0.162210
1956.166667	0.050861
1956.250000	-0.040659
1956.333333	-0.092529
1956.416667	-0.105350
1956.500000	-0.139906
1956.583333	0.046678
1956.666667	0.027991
1956.750000	-0.170062
1956.833333	-0.073760
1956.916667	-0.755202
1957.000000	-0.177604
1957.083333	0.083957
1957.166667	0.075310
1957.250000	0.188598
1957.333333	0.063244
1957.416667	-0.326502
1957.500000	-0.229605
1957.583333	-0.005790
1957.666667	0.188554
1957.750000	0.304647
1957.833333	0.219107
1957.916667	0.038655
1958.000000	-0.025483
1958.083333	0.137915
1958.166667	-0.039780
1958.250000	-0.054768
1958.333333	0.138463
1958.416667	-0.093916
1958.500000	0.018243
1958.583333	0.220272
1958.666667	0.266560
1958.750000	-0.046778
1958.833333	0.337527
1958.916667	0.159397
1959.000000	0.006495
1959.083333	-0.064300
1959.166667	-0.339887
1959.250000	-0.213175
1959.333333	0.044620
1959.416667	0.141491
1959.500000	0.173253
1959.583333	0.391366
1959.666667	0.228117
1959.750000	-0.166774
1959.833333	-0.224110
1959.916667	-0.572122
1960.000000	-0.763547
1960.083333	-0.800087
1960.166667	-0.647626
1960.250000	-0.713077
1960.333333	-0.604680
1960.416667	-0.202743
1960.500000	-0.372585
1960.583333	0.250112
1960.666667	0.144445
1960.750000	0.049478
1960.833333	0.528271
1960.916667	0.355508
1961.000000	0.288645
1961.083333	0.184806
1961.166667	0.509411
1961.250000	0.042476
1961.333333	-0.004187
1961.416667	0.327887
1961.500000	0.259719
1961.583333	0.041277
1961.666667	-0.015438
1961.750000	-0.279800
1961.833333	-0.322985
1961.916667	-0.207341
1962.000000	-0.124589
1962.083333	-0.403967
1962.166667	-0.409288
1962.250000	-0.069042
1962.333333	-0.210937
1962.416667	-0.084329
1962.500000	0.295876
1962.583333	0.392536
1962.666667	0.210906
1962.750000	0.301548
1962.833333	0.232451
1962.916667	0.475356
1963.000000	-0.186829
1963.083333	-0.057731
1963.166667	-0.724692
1963.250000	-0.392787
1963.333333	-0.748023
1963.416667	-0.427439
1963.500000	-0.365669
1963.583333	-0.190410
1963.666667	0.300656
1963.750000	0.164973
1963.833333	0.298438
1963.916667	0.224559
1964.000000	-0.087033
1964.083333	-0.019212
1964.166667	0.136816
1964.250000	-0.545023
1964.333333	-0.609958
1964.416667	-0.580705
1964.500000	-0.488819
1964.583333	-0.386238
1964.666667	-0.410444
1964.750000	-0.237664
1964.833333	-0.592766
1964.916667	-0.312240
1965.000000	0.273335
1965.083333	0.384189
1965.166667	-0.191266
1965.250000	-0.357366
1965.333333	-0.305896
1965.416667	-0.419400
1965.500000	-0.171841
1965.583333	0.004072
1965.666667	-0.140973
1965.750000	-0.732132
1965.833333	-0.825168
1965.916667	-0.627884
1966.000000	-0.167955
1966.083333	-0.540327
1966.166667	-0.531412
1966.250000	-0.720891
1966.333333	-0.888606
1966.416667	-0.380190
1966.500000	-0.123270
1966.583333	-0.151513
1966.666667	-0.218919
1966.750000	-0.858398
1966.833333	-0.222481
1966.916667	-0.132250
1967.000000	-0.358479
1967.083333	-0.109136
1967.166667	-0.201517
1967.250000	0.132249
1967.333333	0.259849
1967.416667	0.266004
1967.500000	0.011691
1967.583333	0.136311
1967.666667	0.285529
1967.750000	0.378421
1967.833333	0.610928
1967.916667	0.304519
1968.000000	0.298957
1968.083333	-0.342587
1968.166667	-0.523967
1968.250000	-0.827457
1968.333333	-0.716161
1968.416667	-0.792467
1968.500000	-0.632577
1968.583333	-0.384223
1968.666667	-0.180023
1968.750000	-0.454544
1968.833333	-0.505338
1968.916667	-0.010757
1969.000000	0.295470
1969.083333	0.404152
1969.166667	0.277662
1969.250000	-0.248189
1969.333333	-0.195270
1969.416667	-0.092553
1969.500000	-0.025642
1969.583333	0.231235
1969.666667	-0.277050
1969.750000	0.155589
1969.833333	0.414470
1969.916667	0.003557
1970.000000	0.158991
1970.083333	-0.122162
1970.166667	0.159943
1970.250000	-0.169635
1970.333333	-0.220893
1970.416667	-0.275544
1970.500000	-0.272209
1970.583333	-0.200696
1970.666667	-0.021090
1970.750000	0.318472
1970.833333	0.306587
1970.916667	0.286939
1971.000000	0.284886
1971.083333	-0.127023
1971.166667	0.237956
1971.250000	-0.134452
1971.333333	0.109356
1971.416667	-0.024934
1971.500000	-0.023988
1971.583333	-0.067972
1971.666667	-0.114404
1971.750000	-0.034855
1971.833333	-0.376726
1971.916667	-0.017852
1972.000000	0.889466
1972.083333	0.475953
1972.166667	0.382035
1972.250000	0.445493
1972.333333	0.348389
1972.416667	-0.064172
1972.500000	-0.309056
1972.583333	-0.344364
1972.666667	-0.412212
1972.750000	-0.105020
1972.833333	-0.373041
1972.916667	0.162297
1973.000000	0.220215
1973.083333	-0.092490
1973.166667	0.220579
1973.250000	-0.025077
1973.333333	-0.026046
1973.416667	-0.120387
1973.500000	-0.234971
1973.583333	-0.231627
1973.666667	-0.349495
1973.750000	-0.077275
1973.833333	-0.102347
1973.916667	0.103147
1974.000000	0.493200
1974.083333	0.184190
1974.166667	0.491365
1974.250000	0.162005
1974.333333	0.185225
1974.416667	0.132700
1974.500000	0.199781
1974.583333	0.303927
1974.666667	0.189539
1974.750000	0.225172
1974.833333	0.089887
1974.916667	0.348650
1975.000000	0.179835
1975.083333	0.033323
1975.166667	-0.466053
1975.250000	-0.406344
1975.333333	0.166471
1975.416667	0.403015
1975.500000	0.290573
1975.583333	0.292592
1975.666667	-0.078724
1975.750000	0.027727
1975.833333	0.259675
1975.916667	-0.249442
1976.000000	0.134367
1976.083333	0.106562
1976.166667	0.347145
1976.250000	0.226342
1976.333333	0.023252
1976.416667	-0.039251
1976.500000	0.249682
1976.583333	0.267426
1976.666667	0.430343
1976.750000	0.154849
1976.833333	-0.388192
1976.916667	-0.023079
1977.000000	0.102626
1977.083333	0.442041
1977.166667	0.056531
1977.250000	0.212672
1977.333333	0.254267
1977.416667	0.288164
1977.500000	0.083158
1977.583333	0.177452
1977.666667	0.499136
1977.750000	0.493000
1977.833333	0.473017
1977.916667	0.777186
1978.000000	0.864435
1978.083333	0.357916
1978.166667	1.081024
1978.250000	1.007172
1978.333333	0.167819
1978.416667	0.048913
1978.500000	-0.071398
1978.583333	0.162488
1978.666667	0.241185
1978.750000	0.119893
1978.833333	0.413407
1978.916667	0.096895
1979.000000	-0.325370
1979.083333	-0.030791
1979.166667	0.022811
1979.250000	0.933807
1979.333333	0.594695
1979.416667	0.162254
1979.500000	0.134937
1979.583333	0.039984
1979.666667	-0.216445
1979.750000	-0.006206
1979.833333	0.051824
1979.916667	0.325212
1980.000000	0.460267
1980.083333	0.376654
1980.166667	0.615470
1980.250000	0.621895
1980.333333	0.605453
1980.416667	0.502565
1980.500000	0.375710
1980.583333	0.020030
1980.666667	-0.600324
1980.750000	0.133349
1980.833333	0.401378
1980.916667	0.540810
1981.000000	0.591211
1981.083333	-0.211520
1981.166667	-0.253576
1981.250000	0.177850
1981.333333	-0.279485
1981.416667	0.051825
1981.500000	-0.264395
1981.583333	-0.471993
1981.666667	0.053504
1981.750000	-0.224202
1981.833333	-0.134213
1981.916667	-0.023984
1982.000000	0.287220
1982.083333	0.066581
1982.166667	-0.092054
1982.250000	0.093382
1982.333333	0.099771
1982.416667	0.034574
1982.500000	0.099966
1982.583333	0.023044
1982.666667	-0.004103
1982.750000	0.061005
1982.833333	-0.258062
1982.916667	-0.098390
1983.000000	0.337624
1983.083333	0.079191
1983.166667	0.290298
1983.250000	0.457764
1983.333333	0.667382
1983.416667	0.367239
1983.500000	0.322760
1983.583333	0.174414
1983.666667	0.110015
1983.750000	0.210790
1983.833333	0.259639
1983.916667	0.475546
1984.000000	0.627455
1984.083333	0.591907
1984.166667	0.263499
1984.250000	0.448223
1984.333333	0.312886
1984.416667	0.251570
1984.500000	-0.040611
1984.583333	0.050234
1984.666667	-0.241782
1984.750000	0.000674
1984.833333	-0.029389
1984.916667	0.100913
1985.000000	0.320303
1985.083333	0.344344
1985.166667	0.476767
1985.250000	0.386901
1985.333333	0.255656
1985.416667	-0.002796
1985.500000	0.027352
1985.583333	0.208574
1985.666667	0.146876
1985.750000	0.556816
1985.833333	0.737356
1985.916667	0.802723
1986.000000	0.700373
1986.083333	0.384561
1986.166667	0.348813
1986.250000	0.325878
1986.333333	0.138662
1986.416667	0.126278
1986.500000	0.116005
1986.583333	0.194314
1986.666667	0.282840
1986.750000	0.297428
1986.833333	0.114202
1986.916667	0.400133
1987.000000	0.654670
1987.083333	0.814399
1987.166667	0.834079
1987.250000	0.585655
1987.333333	0.409852
1987.416667	-0.126541
1987.500000	0.165174
1987.583333	0.313408
1987.666667	0.297638
1987.750000	-0.202812
1987.833333	-0.017805
1987.916667	0.350382
1988.000000	0.613693
1988.083333	0.295991
1988.166667	0.165044
1988.250000	0.219318
1988.333333	0.066148
1988.416667	0.052703
1988.500000	0.153746
1988.583333	0.032646
1988.666667	-0.065493
1988.750000	-0.137869
1988.833333	-0.256711
1988.916667	-0.545494
1989.000000	0.150259
1989.083333	0.138350
1989.166667	0.244125
1989.250000	0.219036
1989.333333	0.278515
1989.416667	-0.050341
1989.500000	0.016013
1989.583333	0.264850
1989.666667	0.354032
1989.750000	0.055538
1989.833333	-0.024243
1989.916667	0.325690
1990.000000	0.692743
1990.083333	0.550069
1990.166667	0.355903
1990.250000	0.297667
1990.333333	0.291162
1990.416667	0.267757
1990.500000	0.026754
1990.583333	0.032524
1990.666667	-0.142027
1990.750000	-0.055924
1990.833333	0.035664
1990.916667	-0.095290
1991.000000	0.288588
1991.083333	0.463022
1991.166667	0.369755
1991.250000	0.346815
1991.333333	0.717779
1991.416667	0.208101
1991.500000	0.087706
1991.583333	0.252529
1991.666667	0.381179
1991.750000	0.345547
1991.833333	0.184076
1991.916667	0.132480
1992.000000	0.481394
1992.083333	0.888668
1992.166667	0.821201
1992.250000	0.864266
1992.333333	0.765144
1992.416667	0.139351
1992.500000	0.023693
1992.583333	0.091481
1992.666667	0.058451
1992.750000	-0.157154
1992.833333	0.048255
1992.916667	0.412842
1993.000000	0.640785
1993.083333	0.563087
1993.166667	0.640915
1993.250000	0.861398
1993.333333	0.735119
1993.416667	0.335176
1993.500000	0.227697
1993.583333	0.533882
1993.666667	0.031119
1993.750000	0.018044
1993.833333	0.023464
1993.916667	0.172488
1994.000000	0.059592
1994.083333	-0.157442
1994.166667	0.178648
1994.250000	0.290743
1994.333333	0.452539
1994.416667	-0.255252
1994.500000	-0.254710
1994.583333	0.001744
1994.666667	-0.119299
1994.750000	-0.018431
1994.833333	0.214402
1994.916667	0.382717
1995.000000	0.558163
1995.083333	0.442933
1995.166667	0.188185
1995.250000	-0.062939
1995.333333	0.211895
1995.416667	-0.160764
1995.500000	-0.193495
1995.583333	-0.088008
1995.666667	0.111248
1995.750000	0.269028
1995.833333	0.060248
1995.916667	-0.205677
1996.000000	0.553227
1996.083333	0.626992
1996.166667	0.391909
1996.250000	0.290254
1996.333333	0.259519
1996.416667	0.004155
1996.500000	-0.098185
1996.583333	-0.345152
1996.666667	-0.115079
1996.750000	0.016508
1996.833333	0.077244
1996.916667	0.360130
1997.000000	0.781698
1997.083333	0.917450
1997.166667	0.328341
1997.250000	0.282869
1997.333333	0.014109
1997.416667	0.127109
1997.500000	0.222194
1997.583333	0.358779
1997.666667	0.597182
1997.750000	0.450624
1997.833333	0.135730
1997.916667	-0.080332
1998.000000	0.417371
1998.083333	0.174896
1998.166667	0.282529
1998.250000	0.168848
1998.333333	0.287127
1998.416667	-0.037251
1998.500000	-0.118864
1998.583333	-0.312753
1998.666667	-0.245437
1998.750000	-0.343089
1998.833333	0.096289
1998.916667	0.268756
1999.000000	0.758313
1999.083333	0.557823
1999.166667	0.627893
1999.250000	0.625662
1999.333333	0.356262
1999.416667	0.377929
1999.500000	0.073640
1999.583333	0.347684
1999.666667	0.136654
1999.750000	-0.036024
1999.833333	0.210819
1999.916667	0.666804
2000.000000	0.756401
2000.083333	0.758093
2000.166667	1.031013
2000.250000	0.754963
2000.333333	0.199600
2000.416667	0.251290
2000.500000	0.150127
2000.583333	0.020031
2000.666667	-0.006806
2000.750000	0.236245
2000.833333	0.489251
2000.916667	0.461092
2001.000000	0.785708
2001.083333	0.552828
2001.166667	0.592822
2001.250000	0.492465
2001.333333	0.575406
2001.416667	0.258563
2001.500000	0.004317
2001.583333	0.346779
2001.666667	0.383214
2001.750000	0.209675
2001.833333	0.316240
2001.916667	0.467608
2002.000000	0.542665
2002.083333	0.316114
2002.166667	0.414776
2002.250000	0.260719
2002.333333	0.101021
2002.416667	0.044834
2002.500000	-0.031030
2002.583333	0.507943
2002.666667	0.438791
2002.750000	0.139034
2002.833333	-0.151409
2002.916667	0.151928
2003.000000	0.466990
2003.083333	0.592384
2003.166667	0.730822
2003.250000	0.685409
2003.333333	0.488256
2003.416667	0.116809
2003.500000	0.035357
2003.583333	-0.046995
2003.666667	-0.092594
2003.750000	0.109696
2003.833333	0.055932
2003.916667	0.029609
2004.000000	0.424347
2004.083333	0.719724
2004.166667	0.608672
2004.250000	0.905836
2004.333333	0.593872
2004.416667	0.221945
2004.500000	0.293577
2004.583333	0.745823
2004.666667	0.437842
2004.750000	0.356295
2004.833333	0.439090
2004.916667	1.024112
2005.000000	0.941329
2005.083333	0.619077
2005.166667	0.530413
2005.250000	0.474168
2005.333333	0.452057
2005.416667	0.277406
2005.500000	0.361644
2005.583333	0.394770
2005.666667	0.375253
2005.750000	0.454969
2005.833333	0.201473
2005.916667	0.185369
2006.000000	0.448852
2006.083333	0.458701
2006.166667	0.684974
2006.250000	0.365266
2006.333333	0.114537
2006.416667	0.070823
2006.500000	0.227727
2006.583333	0.480268
2006.666667	0.224897
2006.750000	0.399059
2006.833333	0.592791
2006.916667	0.779279
2007.000000	0.842011
2007.083333	0.906318
2007.166667	0.840196
2007.250000	0.701623
2007.333333	0.318877
2007.416667	0.333852
2007.500000	0.358016
2007.583333	0.303583
2007.666667	0.392374
2007.750000	0.281063
2007.833333	0.053308
2007.916667	0.226172
2008.000000	0.340685
2008.083333	0.351706
2008.166667	0.307848
2008.250000	-0.068165
2008.333333	0.153547
2008.416667	0.413646
2008.500000	0.146576
2008.583333	0.159972
2008.666667	0.028820
2008.750000	-0.128325
2008.833333	-0.314745
2008.916667	-0.006759
2009.000000	0.299744
2009.083333	0.094147
2009.166667	0.237931
2009.250000	-0.032306
2009.333333	-0.121379
2009.416667	0.099937
2009.500000	0.016241
2009.583333	0.224059
2009.666667	0.309761
2009.750000	0.094595
2009.833333	-0.040338
2009.916667	0.059392
2010.000000	0.530399
2010.083333	0.499591
2010.166667	0.469556
2010.250000	0.407959
2010.333333	0.353158
2010.416667	0.024499
2010.500000	-0.062641
2010.583333	0.086696
2010.666667	0.023217
2010.750000	0.065881
2010.833333	0.205804
2010.916667	0.098129
2011.000000	0.799286
2011.083333	0.450393
2011.166667	0.860503
2011.250000	0.917098
2011.333333	0.524992
2011.416667	0.282771
2011.500000	-0.093758
2011.583333	0.162375
2011.666667	0.063218
2011.750000	-0.019131
2011.833333	0.261859
2011.916667	0.144785
2012.000000	0.704578
2012.083333	0.698744
2012.166667	0.637259
2012.250000	0.543156
2012.333333	0.396516
2012.416667	0.126036
2012.500000	0.186849
2012.583333	0.140619
2012.666667	0.062657
2012.750000	0.223909
2012.833333	0.087676
2012.916667	0.227694
2013.000000	0.529454
2013.083333	0.229184
2013.166667	0.158307
2013.250000	0.128311
2013.333333	0.225174
2013.416667	0.121678
2013.500000	-0.233350
2013.583333	-0.020083
2013.666667	-0.099311
2013.750000	-0.102136
2013.833333	0.076211
2013.916667	-0.057016
2014.000000	0.819600
2014.083333	0.966340
2014.166667	0.944038
2014.250000	0.862614
2014.333333	0.279188
2014.416667	-0.073138
2014.500000	-0.004041
2014.583333	0.323629
2014.666667	0.359471
2014.750000	0.264238
2014.833333	-0.033933
2014.916667	0.170824
2015.000000	0.594706
2015.083333	0.818732
2015.166667	0.518691
2015.250000	0.539575
2015.333333	0.406507
2015.416667	0.146169
2015.500000	0.186942
2015.583333	0.404798
2015.666667	0.640571
2015.750000	0.681158
2015.833333	0.317902
2015.916667	0.527770
2016.000000	0.766146
2016.083333	0.607408
2016.166667	0.611317
2016.250000	0.348791
2016.333333	0.224571
2016.416667	0.239487
2016.500000	0.180293
2016.583333	0.129298
2016.666667	0.094009
2016.750000	-0.054853
2016.833333	-0.178249
2016.916667	0.211003
2017.000000	0.402824
2017.083333	0.673401
2017.166667	0.313449
2017.250000	0.604044
2017.333333	0.490189
2017.416667	0.389832
2017.500000	0.062055
2017.583333	0.004055
2017.666667	0.010461
2017.750000	-0.196690
2017.833333	-0.312983
2017.916667	-0.337073
2018.000000	-0.049144
2018.083333	-0.042373
2018.166667	0.041840
2018.250000	0.180740
2018.333333	0.147505
2018.416667	0.047997
2018.500000	0.050569
2018.583333	0.214037
2018.666667	0.125144
2018.750000	0.127592
2018.833333	-0.263940
2018.916667	0.319964
2019.000000	0.642225
2019.083333	0.141372
2019.166667	0.385479
2019.250000	0.167690
2019.333333	0.193245
2019.416667	0.123946
2019.500000	0.074353
2019.583333	0.254371
2019.666667	0.150683
2019.750000	0.046421
2019.833333	-0.222402
2019.916667	-0.470032
2020.000000	0.085424
2020.083333	-0.010865
2020.166667	-0.076823
2020.250000	-0.042257
2020.333333	0.051465
2020.416667	-0.075504
2020.500000	-0.122058
2020.583333	-0.163528
2020.666667	-0.430315
2020.750000	-0.197367
2020.833333	-0.196802
2020.916667	-0.325253
2021.000000	0.020307
2021.083333	0.298957
2021.166667	0.249161
2021.250000	0.202645
2021.333333	0.192672
2021.416667	-0.177449
2021.500000	-0.017341
2021.583333	-0.077909
2021.666667	-0.246111
2021.750000	-0.261266
2021.833333	0.281098
2021.916667	0.028424
2022.000000	0.496000
2022.083333	0.661697
2022.166667	0.642345
2022.250000	0.506820
2022.333333	0.479510
2022.416667	-0.065165
2022.500000	0.143181
2022.583333	-0.003262
2022.666667	0.186684
2022.750000	0.288238
2022.833333	0.143560
2022.916667	0.312347
2023.000000	0.931772
