1880.000000	0.890000
1880.083333	-0.070000
1880.166667	-2.090000
1880.250000	-2.650000
1880.333333	-2.930000
1880.416667	-1.420000
1880.500000	-0.980000
1880.583333	0.360000
1880.666667	0.540000
1880.750000	2.070000
1880.833333	0.800000
1880.916667	-1.200000
1881.000000	-2.560000
1881.083333	-1.660000
1881.166667	-2.400000
1881.250000	-2.280000
1881.333333	-1.690000
1881.416667	-0.750000
1881.500000	-1.280000
1881.583333	-1.050000
1881.666667	-0.270000
1881.750000	-1.220000
1881.833333	-0.260000
1881.916667	-0.700000
1882.000000	-1.290000
1882.083333	-0.860000
1882.166667	-0.670000
1882.250000	-0.060000
1882.333333	-0.350000
1882.416667	-1.580000
1882.500000	-0.250000
1882.583333	-0.210000
1882.666667	0.050000
1882.750000	-0.040000
1882.833333	-1.350000
1882.916667	-0.930000
1883.000000	0.210000
1883.083333	-0.040000
1883.166667	-0.880000
1883.250000	-1.790000
1883.333333	-1.050000
1883.416667	-0.100000
1883.500000	-0.040000
1883.583333	-0.940000
1883.666667	0.260000
1883.750000	0.310000
1883.833333	0.940000
1883.916667	1.010000
1884.000000	0.730000
1884.083333	0.230000
1884.166667	1.490000
1884.250000	1.870000
1884.333333	0.880000
1884.416667	0.860000
1884.500000	1.890000
1884.583333	1.970000
1884.666667	0.900000
1884.750000	0.400000
1884.833333	0.050000
1884.916667	1.470000
1885.000000	1.780000
1885.083333	0.970000
1885.166667	0.930000
1885.250000	0.430000
1885.333333	-0.070000
1885.416667	-0.190000
1885.500000	-2.350000
1885.583333	-2.500000
1885.666667	-1.690000
1885.750000	-2.640000
1885.833333	-1.390000
1885.916667	-3.780000
1886.000000	-4.500000
1886.083333	-5.190000
1886.166667	-4.300000
1886.250000	-2.250000
1886.333333	0.100000
1886.416667	1.140000
1886.500000	1.100000
1886.583333	-0.050000
1886.666667	-1.050000
1886.750000	-0.200000
1886.833333	0.270000
1886.916667	-0.880000
1887.000000	-1.750000
1887.083333	-1.470000
1887.166667	-0.380000
1887.250000	0.120000
1887.333333	-0.280000
1887.416667	-0.840000
1887.500000	-0.790000
1887.583333	0.040000
1887.666667	-0.490000
1887.750000	-0.570000
1887.833333	-0.800000
1887.916667	-0.160000
1888.000000	-0.720000
1888.083333	-1.120000
1888.166667	-0.690000
1888.250000	-0.910000
1888.333333	-1.480000
1888.416667	-1.670000
1888.500000	-1.930000
1888.583333	-3.040000
1888.666667	-3.070000
1888.750000	-2.700000
1888.833333	-3.820000
1888.916667	-4.040000
1889.000000	-4.050000
1889.083333	-4.340000
1889.166667	-4.280000
1889.250000	-3.940000
1889.333333	-4.530000
1889.416667	-4.400000
1889.500000	-5.110000
1889.583333	-4.050000
1889.666667	-3.000000
1889.750000	-3.290000
1889.833333	-3.060000
1889.916667	-2.410000
1890.000000	-3.310000
1890.083333	-2.590000
1890.166667	-2.980000
1890.250000	-2.810000
1890.333333	-2.860000
1890.416667	-1.920000
1890.500000	-0.520000
1890.583333	0.050000
1890.666667	1.250000
1890.750000	1.960000
1890.833333	2.600000
1890.916667	2.110000
1891.000000	1.800000
1891.083333	1.160000
1891.166667	0.940000
1891.250000	1.420000
1891.333333	0.360000
1891.416667	0.300000
1891.500000	-0.080000
1891.583333	0.430000
1891.666667	0.400000
1891.750000	-0.390000
1891.833333	-0.070000
1891.916667	-1.890000
1892.000000	-2.470000
1892.083333	-1.050000
1892.166667	0.640000
1892.250000	0.850000
1892.333333	-1.070000
1892.416667	-0.960000
1892.500000	-1.330000
1892.583333	-2.070000
1892.666667	-0.300000
1892.750000	1.360000
1892.833333	1.260000
1892.916667	-0.610000
1893.000000	-1.340000
1893.083333	-1.460000
1893.166667	-0.650000
1893.250000	-0.760000
1893.333333	-1.000000
1893.416667	-2.220000
1893.500000	-1.070000
1893.583333	-0.600000
1893.666667	-1.050000
1893.750000	0.350000
1893.833333	-0.420000
1893.916667	-0.690000
1894.000000	-0.290000
1894.083333	0.990000
1894.166667	0.750000
1894.250000	0.640000
1894.333333	0.340000
1894.416667	-0.010000
1894.500000	-2.130000
1894.583333	-2.450000
1894.666667	-2.210000
1894.750000	-1.350000
1894.833333	-0.130000
1894.916667	-0.020000
1895.000000	-0.640000
1895.083333	-0.430000
1895.166667	-0.700000
1895.250000	-1.490000
1895.333333	-1.640000
1895.416667	-0.200000
1895.500000	-1.520000
1895.583333	-1.280000
1895.666667	0.130000
1895.750000	0.560000
1895.833333	2.340000
1895.916667	1.310000
1896.000000	1.270000
1896.083333	-0.170000
1896.166667	-1.800000
1896.250000	-2.100000
1896.333333	-2.380000
1896.416667	-2.530000
1896.500000	-2.310000
1896.583333	-2.310000
1896.666667	-1.860000
1896.750000	-1.170000
1896.833333	-0.540000
1896.916667	-1.540000
1897.000000	-0.460000
1897.083333	-0.510000
1897.166667	-0.700000
1897.250000	-1.360000
1897.333333	-1.890000
1897.416667	-2.150000
1897.500000	-2.550000
1897.583333	-1.300000
1897.666667	-1.020000
1897.750000	-0.560000
1897.833333	0.110000
1897.916667	0.660000
1898.000000	-0.180000
1898.083333	-1.000000
1898.166667	-1.860000
1898.250000	-1.800000
1898.333333	-2.810000
1898.416667	-2.540000
1898.500000	-2.710000
1898.583333	-3.190000
1898.666667	-3.820000
1898.750000	-2.060000
1898.833333	-2.000000
1898.916667	-1.060000
1899.000000	-0.020000
1899.083333	-0.080000
1899.166667	-0.760000
1899.250000	-1.420000
1899.333333	-3.660000
1899.416667	-3.320000
1899.500000	-3.230000
1899.583333	-2.570000
1899.666667	-2.400000
1899.750000	-2.150000
1899.833333	-3.470000
1899.916667	-3.490000
1900.000000	-3.130000
1900.083333	-2.880000
1900.166667	-2.810000
1900.250000	-2.670000
1900.333333	-2.840000
1900.416667	-1.930000
1900.500000	-2.340000
1900.583333	-3.260000
1900.666667	-4.070000
1900.750000	-4.460000
1900.833333	-3.430000
1900.916667	-2.990000
1901.000000	-1.530000
1901.083333	-1.200000
1901.166667	-2.910000
1901.250000	-2.400000
1901.333333	-2.380000
1901.416667	-0.990000
1901.500000	-0.980000
1901.583333	-0.650000
1901.666667	-1.020000
1901.750000	-1.450000
1901.833333	-0.800000
1901.916667	-1.600000
1902.000000	-0.970000
1902.083333	-2.140000
1902.166667	-1.140000
1902.250000	-1.870000
1902.333333	-2.140000
1902.416667	-2.230000
1902.500000	-1.110000
1902.583333	-2.200000
1902.666667	-2.580000
1902.750000	-3.230000
1902.833333	-4.030000
1902.916667	-3.190000
1903.000000	-3.000000
1903.083333	-3.940000
1903.166667	-3.110000
1903.250000	-2.290000
1903.333333	-1.590000
1903.416667	-1.530000
1903.500000	-2.210000
1903.583333	-2.630000
1903.666667	-2.180000
1903.750000	-2.260000
1903.833333	-2.480000
1903.916667	-2.570000
1904.000000	-1.770000
1904.083333	-1.210000
1904.166667	-1.600000
1904.250000	-0.840000
1904.333333	-1.710000
1904.416667	-2.170000
1904.500000	-2.230000
1904.583333	-1.410000
1904.666667	-0.550000
1904.750000	-0.600000
1904.833333	-0.300000
1904.916667	0.280000
1905.000000	-0.460000
1905.083333	-2.240000
1905.166667	-1.690000
1905.250000	-0.330000
1905.333333	-0.980000
1905.416667	-1.340000
1905.500000	-0.840000
1905.583333	-1.530000
1905.666667	-1.220000
1905.750000	-0.850000
1905.833333	-1.070000
1905.916667	-2.400000
1906.000000	-2.490000
1906.083333	-1.920000
1906.166667	-2.730000
1906.250000	-2.880000
1906.333333	-2.940000
1906.416667	-3.260000
1906.500000	-4.040000
1906.583333	-3.040000
1906.666667	-2.750000
1906.750000	-2.840000
1906.833333	-3.200000
1906.916667	-2.430000
1907.000000	-1.360000
1907.083333	-2.320000
1907.166667	-1.440000
1907.250000	-1.810000
1907.333333	-1.280000
1907.416667	-1.340000
1907.500000	-1.880000
1907.583333	-1.280000
1907.666667	-0.820000
1907.750000	-1.430000
1907.833333	-1.170000
1907.916667	-0.890000
1908.000000	-1.060000
1908.083333	-1.760000
1908.166667	-2.440000
1908.250000	-1.760000
1908.333333	-1.550000
1908.416667	-0.200000
1908.500000	-0.550000
1908.583333	-0.800000
1908.666667	-0.400000
1908.750000	0.810000
1908.833333	0.940000
1908.916667	0.790000
1909.000000	0.490000
1909.083333	-0.140000
1909.166667	-0.470000
1909.250000	-0.940000
1909.333333	-1.300000
1909.416667	-2.280000
1909.500000	-2.630000
1909.583333	-1.890000
1909.666667	-1.120000
1909.750000	-2.920000
1909.833333	-2.880000
1909.916667	-2.280000
1910.000000	-2.770000
1910.083333	-1.180000
1910.166667	-0.230000
1910.250000	0.240000
1910.333333	0.830000
1910.416667	0.500000
1910.500000	1.290000
1910.583333	1.620000
1910.666667	1.200000
1910.750000	1.160000
1910.833333	0.770000
1910.916667	-0.040000
1911.000000	-0.070000
1911.083333	-0.760000
1911.166667	-0.600000
1911.250000	0.210000
1911.333333	0.270000
1911.416667	-0.120000
1911.500000	0.060000
1911.583333	-2.360000
1911.666667	-1.140000
1911.750000	-2.860000
1911.833333	-1.030000
1911.916667	0.330000
1912.000000	0.430000
1912.083333	0.830000
1912.166667	1.910000
1912.250000	1.660000
1912.333333	0.980000
1912.416667	0.550000
1912.500000	1.160000
1912.583333	-0.200000
1912.666667	1.390000
1912.750000	-1.050000
1912.833333	0.230000
1912.916667	0.810000
1913.000000	1.800000
1913.083333	2.500000
1913.166667	2.050000
1913.250000	1.190000
1913.333333	1.160000
1913.416667	1.970000
1913.500000	1.320000
1913.583333	1.020000
1913.666667	1.490000
1913.750000	1.470000
1913.833333	1.900000
1913.916667	1.450000
1914.000000	1.290000
1914.083333	1.250000
1914.166667	1.230000
1914.250000	1.690000
1914.333333	1.150000
1914.416667	1.690000
1914.500000	1.890000
1914.583333	0.970000
1914.666667	1.040000
1914.750000	1.420000
1914.833333	2.910000
1914.916667	2.110000
1915.000000	0.000000
1915.083333	0.630000
1915.166667	1.000000
1915.250000	-0.060000
1915.333333	-0.440000
1915.416667	0.440000
1915.500000	-1.370000
1915.583333	-1.580000
1915.666667	0.280000
1915.750000	-0.190000
1915.833333	-0.270000
1915.916667	-0.620000
1916.000000	-1.190000
1916.083333	-0.590000
1916.166667	-2.110000
1916.250000	-2.460000
1916.333333	-2.210000
1916.416667	-0.780000
1916.500000	-1.200000
1916.583333	0.130000
1916.666667	-0.560000
1916.750000	-0.800000
1916.833333	-0.650000
1916.916667	0.080000
1917.000000	-0.010000
1917.083333	-0.110000
1917.166667	-0.670000
1917.250000	1.350000
1917.333333	1.310000
1917.416667	0.460000
1917.500000	0.230000
1917.583333	-1.740000
1917.666667	0.450000
1917.750000	-2.370000
1917.833333	-2.240000
1917.916667	-1.960000
1918.000000	-2.080000
1918.083333	-1.660000
1918.166667	-1.590000
1918.250000	-2.590000
1918.333333	-2.080000
1918.416667	-2.010000
1918.500000	-0.900000
1918.583333	-2.790000
1918.666667	-2.350000
1918.750000	-1.960000
1918.833333	-0.870000
1918.916667	0.580000
1919.000000	-0.040000
1919.083333	0.650000
1919.166667	-0.670000
1919.250000	0.210000
1919.333333	0.990000
1919.416667	0.010000
1919.500000	-0.490000
1919.583333	-0.040000
1919.666667	1.070000
1919.750000	-0.020000
1919.833333	0.320000
1919.916667	0.920000
1920.000000	1.650000
1920.083333	1.490000
1920.166667	0.900000
1920.250000	0.730000
1920.333333	2.950000
1920.416667	2.950000
1920.500000	3.040000
1920.583333	3.090000
1920.666667	2.840000
1920.750000	2.350000
1920.833333	2.700000
1920.916667	1.960000
1921.000000	2.130000
1921.083333	3.010000
1921.166667	2.940000
1921.250000	1.980000
1921.333333	0.650000
1921.416667	2.720000
1921.500000	1.990000
1921.583333	1.340000
1921.666667	-0.090000
1921.750000	-0.320000
1921.833333	-1.290000
1921.916667	-0.410000
1922.000000	-0.030000
1922.083333	2.670000
1922.166667	2.190000
1922.250000	3.660000
1922.333333	4.090000
1922.416667	3.860000
1922.500000	3.570000
1922.583333	2.790000
1922.666667	4.060000
1922.750000	2.810000
1922.833333	2.390000
1922.916667	2.730000
1923.000000	2.990000
1923.083333	3.370000
1923.166667	4.060000
1923.250000	2.760000
1923.333333	3.580000
1923.416667	3.560000
1923.500000	3.470000
1923.583333	3.160000
1923.666667	2.010000
1923.750000	0.950000
1923.833333	-0.040000
1923.916667	-0.940000
1924.000000	-2.420000
1924.083333	-2.280000
1924.166667	-2.030000
1924.250000	-1.040000
1924.333333	0.770000
1924.416667	2.450000
1924.500000	1.790000
1924.583333	2.430000
1924.666667	0.720000
1924.750000	0.130000
1924.833333	-0.620000
1924.916667	0.850000
1925.000000	-0.580000
1925.083333	-1.190000
1925.166667	-0.470000
1925.250000	-0.110000
1925.333333	0.300000
1925.416667	0.930000
1925.500000	1.470000
1925.583333	1.410000
1925.666667	2.210000
1925.750000	0.800000
1925.833333	-0.530000
1925.916667	-1.570000
1926.000000	-1.610000
1926.083333	-1.790000
1926.166667	-0.820000
1926.250000	-0.470000
1926.333333	0.130000
1926.416667	-1.380000
1926.500000	-0.980000
1926.583333	-1.670000
1926.666667	-1.400000
1926.750000	-1.090000
1926.833333	-0.950000
1926.916667	-0.740000
1927.000000	0.600000
1927.083333	-0.050000
1927.166667	1.020000
1927.250000	2.190000
1927.333333	2.180000
1927.416667	1.490000
1927.500000	1.380000
1927.583333	2.080000
1927.666667	1.680000
1927.750000	1.720000
1927.833333	1.680000
1927.916667	1.390000
1928.000000	1.120000
1928.083333	2.540000
1928.166667	1.470000
1928.250000	1.330000
1928.333333	2.920000
1928.416667	4.380000
1928.500000	6.060000
1928.583333	5.860000
1928.666667	5.080000
1928.750000	3.440000
1928.833333	3.900000
1928.916667	2.910000
1929.000000	2.070000
1929.083333	2.880000
1929.166667	3.120000
1929.250000	2.530000
1929.333333	2.080000
1929.416667	4.170000
1929.500000	3.830000
1929.583333	4.420000
1929.666667	4.130000
1929.750000	2.540000
1929.833333	2.620000
1929.916667	2.070000
1930.000000	1.190000
1930.083333	2.630000
1930.166667	3.800000
1930.250000	4.350000
1930.333333	4.300000
1930.416667	4.100000
1930.500000	3.990000
1930.583333	3.610000
1930.666667	3.190000
1930.750000	3.580000
1930.833333	3.190000
1930.916667	4.140000
1931.000000	2.700000
1931.083333	2.250000
1931.166667	1.580000
1931.250000	1.520000
1931.333333	1.350000
1931.416667	0.640000
1931.500000	0.070000
1931.583333	-0.340000
1931.666667	-0.900000
1931.750000	0.590000
1931.833333	0.570000
1931.916667	1.570000
1932.000000	0.100000
1932.083333	0.940000
1932.166667	1.070000
1932.250000	0.720000
1932.333333	1.540000
1932.416667	2.740000
1932.500000	1.500000
1932.583333	0.890000
1932.666667	0.940000
1932.750000	1.260000
1932.833333	1.420000
1932.916667	-0.110000
1933.000000	0.340000
1933.083333	0.990000
1933.166667	1.850000
1933.250000	1.120000
1933.333333	1.130000
1933.416667	2.040000
1933.500000	2.140000
1933.583333	3.030000
1933.666667	3.970000
1933.750000	2.640000
1933.833333	1.050000
1933.916667	1.700000
1934.000000	2.420000
1934.083333	1.710000
1934.166667	1.960000
1934.250000	1.900000
1934.333333	0.900000
1934.416667	3.980000
1934.500000	4.740000
1934.583333	4.970000
1934.666667	4.790000
1934.750000	3.490000
1934.833333	2.520000
1934.916667	1.480000
1935.000000	1.060000
1935.083333	1.410000
1935.166667	2.130000
1935.250000	2.440000
1935.333333	2.700000
1935.416667	3.470000
1935.500000	3.840000
1935.583333	3.490000
1935.666667	3.500000
1935.750000	1.990000
1935.833333	1.340000
1935.916667	1.070000
1936.000000	-0.800000
1936.083333	-0.700000
1936.166667	-1.280000
1936.250000	0.100000
1936.333333	-0.270000
1936.416667	0.000000
1936.500000	0.830000
1936.583333	1.640000
1936.666667	2.110000
1936.750000	2.570000
1936.833333	1.250000
1936.916667	0.930000
1937.000000	1.480000
1937.083333	1.540000
1937.166667	2.650000
1937.250000	2.210000
1937.333333	1.860000
1937.416667	1.430000
1937.500000	2.540000
1937.583333	4.080000
1937.666667	4.120000
1937.750000	3.100000
1937.833333	1.760000
1937.916667	0.750000
1938.000000	0.460000
1938.083333	0.860000
1938.166667	-1.020000
1938.250000	0.430000
1938.333333	-0.310000
1938.416667	0.900000
1938.500000	1.090000
1938.583333	1.640000
1938.666667	1.410000
1938.750000	0.180000
1938.833333	1.690000
1938.916667	-0.230000
1939.000000	-0.250000
1939.083333	1.290000
1939.166667	2.050000
1939.250000	1.950000
1939.333333	2.180000
1939.416667	3.310000
1939.500000	3.390000
1939.583333	2.590000
1939.666667	1.600000
1939.750000	0.150000
1939.833333	-0.120000
1939.916667	-0.340000
1940.000000	0.950000
1940.083333	-0.120000
1940.166667	0.400000
1940.250000	1.020000
1940.333333	3.430000
1940.416667	3.610000
1940.500000	3.320000
1940.583333	2.950000
1940.666667	3.270000
1940.750000	2.780000
1940.833333	3.490000
1940.916667	3.000000
1941.000000	1.090000
1941.083333	1.800000
1941.166667	2.580000
1941.250000	2.760000
1941.333333	3.130000
1941.416667	1.890000
1941.500000	0.760000
1941.583333	1.690000
1941.666667	1.330000
1941.750000	1.900000
1941.833333	2.920000
1941.916667	2.400000
1942.000000	0.870000
1942.083333	-0.270000
1942.166667	0.740000
1942.250000	0.700000
1942.333333	-0.600000
1942.416667	1.240000
1942.500000	2.140000
1942.583333	1.980000
1942.666667	0.670000
1942.750000	0.000000
1942.833333	1.420000
1942.916667	0.190000
1943.000000	-0.590000
1943.083333	-2.370000
1943.166667	-0.950000
1943.250000	0.460000
1943.333333	1.060000
1943.416667	0.570000
1943.500000	1.400000
1943.583333	2.680000
1943.666667	2.760000
1943.750000	1.240000
1943.833333	1.460000
1943.916667	1.400000
1944.000000	1.550000
1944.083333	1.620000
1944.166667	0.870000
1944.250000	1.110000
1944.333333	1.400000
1944.416667	1.370000
1944.500000	1.290000
1944.583333	1.970000
1944.666667	1.430000
1944.750000	1.580000
1944.833333	2.630000
1944.916667	1.870000
1945.000000	2.890000
1945.083333	1.600000
1945.166667	1.590000
1945.250000	1.720000
1945.333333	3.110000
1945.416667	2.860000
1945.500000	2.220000
1945.583333	2.680000
1945.666667	1.820000
1945.750000	2.740000
1945.833333	2.000000
1945.916667	1.390000
1946.000000	0.360000
1946.083333	1.560000
1946.166667	2.260000
1946.250000	2.500000
1946.333333	2.390000
1946.416667	3.450000
1946.500000	2.610000
1946.583333	3.000000
1946.666667	2.370000
1946.750000	0.950000
1946.833333	1.510000
1946.916667	0.390000
1947.000000	0.870000
1947.083333	0.740000
1947.166667	-0.160000
1947.250000	1.260000
1947.333333	0.260000
1947.416667	1.670000
1947.500000	1.740000
1947.583333	2.060000
1947.666667	0.940000
1947.750000	-0.540000
1947.833333	-0.770000
1947.916667	-0.030000
1948.000000	0.580000
1948.083333	-0.680000
1948.166667	-0.120000
1948.250000	0.070000
1948.333333	0.010000
1948.416667	0.750000
1948.500000	1.970000
1948.583333	1.800000
1948.666667	0.580000
1948.750000	-0.100000
1948.833333	-0.380000
1948.916667	-0.350000
1949.000000	-0.600000
1949.083333	-0.220000
1949.166667	0.520000
1949.250000	-0.020000
1949.333333	-1.150000
1949.416667	-0.640000
1949.500000	-0.450000
1949.583333	0.650000
1949.666667	0.440000
1949.750000	1.490000
1949.833333	2.090000
1949.916667	0.570000
1950.000000	1.040000
1950.083333	1.700000
1950.166667	1.910000
1950.250000	2.180000
1950.333333	1.810000
1950.416667	3.170000
1950.500000	1.710000
1950.583333	0.950000
1950.666667	1.540000
1950.750000	0.620000
1950.833333	-0.800000
1950.916667	-0.280000
1951.000000	-1.330000
1951.083333	-1.940000
1951.166667	-1.870000
1951.250000	-1.490000
1951.333333	-0.550000
1951.416667	0.520000
1951.500000	0.380000
1951.583333	0.400000
1951.666667	0.100000
1951.750000	-0.590000
1951.833333	-0.800000
1951.916667	-1.660000
1952.000000	-2.260000
1952.083333	-1.930000
1952.166667	-1.490000
1952.250000	-1.270000
1952.333333	-2.240000
1952.416667	-1.180000
1952.500000	-1.920000
1952.583333	-2.270000
1952.666667	-0.860000
1952.750000	-1.350000
1952.833333	-1.970000
1952.916667	-2.420000
1953.000000	-1.700000
1953.083333	-2.030000
1953.166667	-1.150000
1953.250000	-1.170000
1953.333333	-0.080000
1953.416667	-0.180000
1953.500000	-0.940000
1953.583333	-2.060000
1953.666667	-0.870000
1953.750000	-0.380000
1953.833333	-0.740000
1953.916667	-1.740000
1954.000000	-2.970000
1954.083333	-2.990000
1954.166667	-2.530000
1954.250000	-1.420000
1954.333333	-0.170000
1954.416667	-0.250000
1954.500000	0.640000
1954.583333	2.130000
1954.666667	0.450000
1954.750000	0.910000
1954.833333	1.080000
1954.916667	0.590000
1955.000000	-0.500000
1955.083333	-0.190000
1955.166667	-0.670000
1955.250000	0.560000
1955.333333	0.010000
1955.416667	0.500000
1955.500000	-0.010000
1955.583333	0.620000
1955.666667	-0.570000
1955.750000	-0.690000
1955.833333	-0.190000
1955.916667	-1.670000
1956.000000	-3.100000
1956.083333	-3.440000
1956.166667	-3.220000
1956.250000	-3.130000
1956.333333	-4.000000
1956.416667	-3.560000
1956.500000	-4.240000
1956.583333	-4.990000
1956.666667	-4.990000
1956.750000	-3.100000
1956.833333	-3.330000
1956.916667	-4.710000
1957.000000	-3.860000
1957.083333	-3.650000
1957.166667	-3.710000
1957.250000	-1.540000
1957.333333	-2.180000
1957.416667	-0.960000
1957.500000	-0.340000
1957.583333	-0.180000
1957.666667	-0.170000
1957.750000	-0.580000
1957.833333	-1.180000
1957.916667	-1.120000
1958.000000	-1.630000
1958.083333	-2.590000
1958.166667	-2.260000
1958.250000	-2.130000
1958.333333	-1.810000
1958.416667	-0.390000
1958.500000	-1.290000
1958.583333	-2.170000
1958.666667	-0.800000
1958.750000	-1.630000
1958.833333	-1.720000
1958.916667	-3.040000
1959.000000	-3.440000
1959.083333	-4.150000
1959.166667	-3.840000
1959.250000	-3.360000
1959.333333	-3.420000
1959.416667	-2.840000
1959.500000	-2.330000
1959.583333	-1.850000
1959.666667	-1.440000
1959.750000	-2.350000
1959.833333	-1.390000
1959.916667	-2.110000
1960.000000	-1.650000
1960.083333	-0.990000
1960.166667	-1.970000
1960.250000	-1.000000
1960.333333	-1.810000
1960.416667	-1.960000
1960.500000	-3.780000
1960.583333	-3.080000
1960.666667	-3.100000
1960.750000	-3.550000
1960.833333	-3.470000
1960.916667	-4.560000
1961.000000	-5.250000
1961.083333	-4.790000
1961.166667	-4.430000
1961.250000	-5.040000
1961.333333	-4.520000
1961.416667	-5.660000
1961.500000	-5.340000
1961.583333	-4.280000
1961.666667	-4.310000
1961.750000	-3.700000
1961.833333	-3.680000
1961.916667	-4.580000
1962.000000	-4.940000
1962.083333	-4.220000
1962.166667	-3.720000
1962.250000	-3.010000
1962.333333	-3.420000
1962.416667	-2.710000
1962.500000	-3.410000
1962.583333	-3.620000
1962.666667	-4.270000
1962.750000	-3.250000
1962.833333	-3.180000
1962.916667	-3.430000
1963.000000	-3.420000
1963.083333	-3.770000
1963.166667	-3.180000
1963.250000	-2.540000
1963.333333	-3.250000
1963.416667	-2.060000
1963.500000	-2.460000
1963.583333	-2.240000
1963.666667	-1.870000
1963.750000	-1.880000
1963.833333	-2.240000
1963.916667	-2.820000
1964.000000	-3.590000
1964.083333	-3.860000
1964.166667	-3.180000
1964.250000	-2.200000
1964.333333	-3.580000
1964.416667	-1.440000
1964.500000	-1.400000
1964.583333	-3.030000
1964.666667	-2.870000
1964.750000	-3.070000
1964.833333	-3.150000
1964.916667	-3.200000
1965.000000	-3.430000
1965.083333	-2.940000
1965.166667	-2.070000
1965.250000	-2.260000
1965.333333	-3.100000
1965.416667	-1.960000
1965.500000	-3.140000
1965.583333	-1.660000
1965.666667	-1.640000
1965.750000	-3.600000
1965.833333	-3.510000
1965.916667	-3.690000
1966.000000	-3.280000
1966.083333	-2.310000
1966.166667	-1.260000
1966.250000	-1.640000
1966.333333	-1.020000
1966.416667	-1.320000
1966.500000	-3.490000
1966.583333	-3.920000
1966.666667	-2.410000
1966.750000	-1.550000
1966.833333	-2.000000
1966.916667	-2.380000
1967.000000	-2.570000
1967.083333	-2.570000
1967.166667	-2.200000
1967.250000	-3.500000
1967.333333	-3.720000
1967.416667	-2.660000
1967.500000	-2.100000
1967.583333	-4.320000
1967.666667	-4.480000
1967.750000	-3.910000
1967.833333	-3.390000
1967.916667	-4.480000
1968.000000	-4.620000
1968.083333	-4.380000
1968.166667	-4.270000
1968.250000	-4.800000
1968.333333	-3.770000
1968.416667	-4.110000
1968.500000	-3.060000
1968.583333	-2.730000
1968.666667	-3.190000
1968.750000	-3.520000
1968.833333	-3.990000
1968.916667	-2.620000
1969.000000	-3.740000
1969.083333	-3.370000
1969.166667	-2.870000
1969.250000	-2.140000
1969.333333	-3.210000
1969.416667	-2.770000
1969.500000	-2.820000
1969.583333	-1.630000
1969.666667	-2.490000
1969.750000	-2.890000
1969.833333	-2.950000
1969.916667	-2.900000
1970.000000	-3.490000
1970.083333	-4.370000
1970.166667	-2.630000
1970.250000	-2.420000
1970.333333	-2.770000
1970.416667	-1.510000
1970.500000	-2.590000
1970.583333	-2.290000
1970.666667	-1.290000
1970.750000	-0.560000
1970.833333	0.800000
1970.916667	0.380000
1971.000000	0.420000
1971.083333	1.100000
1971.166667	-0.180000
1971.250000	-1.360000
1971.333333	-2.370000
1971.416667	-1.250000
1971.500000	-0.510000
1971.583333	-0.090000
1971.666667	-0.400000
1971.750000	-0.790000
1971.833333	-1.180000
1971.916667	-2.570000
1972.000000	-1.660000
1972.083333	-2.890000
1972.166667	-4.620000
1972.250000	-3.930000
1972.333333	-2.830000
1972.416667	-1.780000
1972.500000	-1.750000
1972.583333	-0.270000
1972.666667	-0.950000
1972.750000	0.570000
1972.833333	0.840000
1972.916667	0.630000
1973.000000	1.820000
1973.083333	1.540000
1973.166667	1.910000
1973.250000	1.130000
1973.333333	-1.300000
1973.416667	-1.120000
1973.500000	-1.170000
1973.583333	-1.940000
1973.666667	-1.730000
1973.750000	-2.010000
1973.833333	-2.490000
1973.916667	-1.950000
1974.000000	-2.820000
1974.083333	-3.900000
1974.166667	-4.120000
1974.250000	-2.190000
1974.333333	-2.430000
1974.416667	-2.710000
1974.500000	-1.940000
1974.583333	-1.480000
1974.666667	-1.220000
1974.750000	-0.650000
1974.833333	-0.290000
1974.916667	-1.930000
1975.000000	-1.400000
1975.083333	-1.340000
1975.166667	-0.890000
1975.250000	-1.140000
1975.333333	0.080000
1975.416667	0.010000
1975.500000	-0.980000
1975.583333	-1.140000
1975.666667	-1.040000
1975.750000	-1.080000
1975.833333	-0.170000
1975.916667	-0.190000
1976.000000	-1.420000
1976.083333	-0.550000
1976.166667	-2.060000
1976.250000	-3.440000
1976.333333	-3.450000
1976.416667	-3.770000
1976.500000	-3.600000
1976.583333	-3.040000
1976.666667	-3.630000
1976.750000	-2.520000
1976.833333	-2.310000
1976.916667	-1.920000
1977.000000	-2.500000
1977.083333	-4.220000
1977.166667	-4.360000
1977.250000	-3.620000
1977.333333	-3.530000
1977.416667	-2.500000
1977.500000	-2.470000
1977.583333	-4.200000
1977.666667	-4.370000
1977.750000	-3.660000
1977.833333	-3.850000
1977.916667	-2.750000
1978.000000	-2.570000
1978.083333	-2.350000
1978.166667	-2.510000
1978.250000	-1.970000
1978.333333	-1.620000
1978.416667	-2.490000
1978.500000	-2.740000
1978.583333	-2.840000
1978.666667	-1.900000
1978.750000	-1.750000
1978.833333	-2.040000
1978.916667	-1.600000
1979.000000	-1.520000
1979.083333	-1.050000
1979.166667	-2.310000
1979.250000	-2.510000
1979.333333	-3.060000
1979.416667	-2.510000
1979.500000	-1.500000
1979.583333	-0.570000
1979.666667	-0.980000
1979.750000	-1.420000
1979.833333	-1.340000
1979.916667	-1.570000
1980.000000	-2.340000
1980.083333	-2.110000
1980.166667	-1.810000
1980.250000	-1.180000
1980.333333	-0.730000
1980.416667	-0.760000
1980.500000	-0.540000
1980.583333	-1.430000
1980.666667	-0.930000
1980.750000	-1.400000
1980.833333	-0.970000
1980.916667	0.780000
1981.000000	0.650000
1981.083333	1.050000
1981.166667	1.520000
1981.250000	1.140000
1981.333333	1.610000
1981.416667	2.320000
1981.500000	1.130000
1981.583333	0.220000
1981.666667	-0.560000
1981.750000	0.450000
1981.833333	1.500000
1981.916667	0.720000
1982.000000	1.460000
1982.083333	3.350000
1982.166667	3.330000
1982.250000	2.750000
1982.333333	4.300000
1982.416667	4.450000
1982.500000	4.390000
1982.583333	4.170000
1982.666667	3.260000
1982.750000	2.240000
1982.833333	1.770000
1982.916667	0.310000
1983.000000	-0.490000
1983.083333	0.510000
1983.166667	-0.840000
1983.250000	0.040000
1983.333333	1.610000
1983.416667	2.930000
1983.500000	1.450000
1983.583333	1.390000
1983.666667	2.830000
1983.750000	0.860000
1983.833333	0.260000
1983.916667	-0.850000
1984.000000	0.020000
1984.083333	-0.550000
1984.166667	-1.570000
1984.250000	-1.640000
1984.333333	-0.420000
1984.416667	1.010000
1984.500000	1.710000
1984.583333	1.330000
1984.666667	1.360000
1984.750000	1.390000
1984.833333	1.350000
1984.916667	2.470000
1985.000000	1.660000
1985.083333	1.740000
1985.166667	1.430000
1985.250000	2.120000
1985.333333	1.880000
1985.416667	2.110000
1985.500000	1.820000
1985.583333	0.610000
1985.666667	0.110000
1985.750000	0.740000
1985.833333	1.680000
1985.916667	0.140000
1986.000000	0.090000
1986.083333	-0.040000
1986.166667	-1.090000
1986.250000	-0.320000
1986.333333	-0.480000
1986.416667	0.610000
1986.500000	1.380000
1986.583333	0.810000
1986.666667	0.750000
1986.750000	1.100000
1986.833333	0.430000
1986.916667	0.400000
1987.000000	1.230000
1987.083333	0.420000
1987.166667	1.180000
1987.250000	0.870000
1987.333333	0.980000
1987.416667	0.960000
1987.500000	1.370000
1987.583333	1.570000
1987.666667	1.970000
1987.750000	0.710000
1987.833333	0.890000
1987.916667	-0.220000
1988.000000	-1.490000
1988.083333	-1.440000
1988.166667	-0.760000
1988.250000	-0.380000
1988.333333	-0.680000
1988.416667	0.240000
1988.500000	0.490000
1988.583333	2.260000
1988.666667	1.750000
1988.750000	1.560000
1988.833333	1.750000
1988.916667	0.100000
1989.000000	0.180000
1989.083333	0.110000
1989.166667	-0.210000
1989.250000	0.890000
1989.333333	0.580000
1989.416667	0.150000
1989.500000	-0.820000
1989.583333	-1.100000
1989.666667	-0.580000
1989.750000	-0.810000
1989.833333	-1.330000
1989.916667	-0.870000
1990.000000	-0.660000
1990.083333	-0.360000
1990.166667	-0.160000
1990.250000	1.020000
1990.333333	1.060000
1990.416667	1.770000
1990.500000	1.940000
1990.583333	0.260000
1990.666667	0.000000
1990.750000	1.090000
1990.833333	0.460000
1990.916667	0.900000
1991.000000	0.960000
1991.083333	-0.930000
1991.166667	-1.230000
1991.250000	-0.690000
1991.333333	-0.200000
1991.416667	2.030000
1991.500000	2.980000
1991.583333	2.530000
1991.666667	1.580000
1991.750000	1.660000
1991.833333	2.630000
1991.916667	2.080000
1992.000000	0.380000
1992.083333	-0.140000
1992.166667	-1.640000
1992.250000	-0.830000
1992.333333	0.820000
1992.416667	2.410000
1992.500000	2.640000
1992.583333	2.530000
1992.666667	2.290000
1992.750000	2.730000
1992.833333	1.970000
1992.916667	1.290000
1993.000000	2.020000
1993.083333	1.140000
1993.166667	1.220000
1993.250000	0.130000
1993.333333	1.030000
1993.416667	3.370000
1993.500000	2.060000
1993.583333	1.960000
1993.666667	0.880000
1993.750000	2.020000
1993.833333	2.730000
1993.916667	1.290000
1994.000000	0.920000
1994.083333	0.290000
1994.166667	0.270000
1994.250000	-0.050000
1994.333333	0.030000
1994.416667	0.430000
1994.500000	1.460000
1994.583333	0.620000
1994.666667	-0.070000
1994.750000	-2.350000
1994.833333	-1.820000
1994.916667	-2.500000
1995.000000	-1.770000
1995.083333	-2.450000
1995.166667	-2.530000
1995.250000	-3.140000
1995.333333	-3.520000
1995.416667	-3.950000
1995.500000	-5.170000
1995.583333	-4.060000
1995.666667	-2.870000
1995.750000	-2.250000
1995.833333	-2.430000
1995.916667	-3.320000
1996.000000	-3.350000
1996.083333	-3.230000
1996.166667	-3.130000
1996.250000	-2.780000
1996.333333	-1.400000
1996.416667	-0.500000
1996.500000	-0.480000
1996.583333	-0.950000
1996.666667	-0.630000
1996.750000	1.470000
1996.833333	0.900000
1996.916667	-0.800000
1997.000000	-2.000000
1997.083333	-2.000000
1997.166667	-1.570000
1997.250000	-1.130000
1997.333333	0.070000
1997.416667	1.300000
1997.500000	1.380000
1997.583333	1.900000
1997.666667	0.700000
1997.750000	2.260000
1997.833333	3.060000
1997.916667	2.920000
1998.000000	1.920000
1998.083333	1.690000
1998.166667	1.620000
1998.250000	0.140000
1998.333333	-1.330000
1998.416667	-1.120000
1998.500000	-1.660000
1998.583333	0.420000
1998.666667	1.860000
1998.750000	1.810000
1998.833333	0.710000
1998.916667	1.370000
1999.000000	0.360000
1999.083333	0.380000
1999.166667	-1.180000
1999.250000	-2.680000
1999.333333	-2.630000
1999.416667	-1.360000
1999.500000	-1.970000
1999.583333	-0.260000
1999.666667	0.070000
1999.750000	0.650000
1999.833333	0.860000
1999.916667	0.690000
2000.000000	0.000000
2000.083333	-0.240000
2000.166667	0.120000
2000.250000	0.530000
2000.333333	2.130000
2000.416667	3.670000
2000.500000	3.080000
2000.583333	4.290000
2000.666667	3.370000
2000.750000	3.560000
2000.833333	3.170000
2000.916667	3.200000
2001.000000	2.640000
2001.083333	2.730000
2001.166667	2.400000
2001.250000	2.480000
2001.333333	2.910000
2001.416667	3.720000
2001.500000	3.170000
2001.583333	2.820000
2001.666667	2.120000
2001.750000	0.130000
2001.833333	-0.810000
2001.916667	0.280000
2002.000000	0.610000
2002.083333	0.340000
2002.166667	0.310000
2002.250000	-0.540000
2002.333333	0.970000
2002.416667	2.390000
2002.500000	1.730000
2002.583333	2.380000
2002.666667	2.750000
2002.750000	3.250000
2002.833333	3.120000
2002.916667	1.360000
2003.000000	0.880000
2003.083333	0.530000
2003.166667	0.670000
2003.250000	0.290000
2003.333333	1.670000
2003.416667	2.210000
2003.500000	2.390000
2003.583333	3.060000
2003.666667	1.690000
2003.750000	1.300000
2003.833333	1.360000
2003.916667	1.770000
2004.000000	1.170000
2004.083333	0.840000
2004.166667	1.950000
2004.250000	3.160000
2004.333333	2.910000
2004.416667	3.060000
2004.500000	2.030000
2004.583333	3.590000
2004.666667	3.680000
2004.750000	2.840000
2004.833333	1.480000
2004.916667	1.130000
2005.000000	0.930000
2005.083333	0.890000
2005.166667	1.610000
2005.250000	0.770000
2005.333333	0.030000
2005.416667	0.530000
2005.500000	0.360000
2005.583333	0.310000
2005.666667	0.570000
2005.750000	0.500000
2005.833333	1.040000
2005.916667	0.340000
2006.000000	-0.480000
2006.083333	-1.160000
2006.166667	-1.430000
2006.250000	-0.440000
2006.333333	-0.340000
2006.416667	0.630000
2006.500000	-0.220000
2006.583333	0.520000
2006.666667	1.250000
2006.750000	0.570000
2006.833333	0.100000
2006.916667	0.420000
2007.000000	0.260000
2007.083333	-0.770000
2007.166667	-1.860000
2007.250000	-1.560000
2007.333333	0.150000
2007.416667	2.250000
2007.500000	1.550000
2007.583333	0.080000
2007.666667	0.550000
2007.750000	1.420000
2007.833333	2.310000
2007.916667	1.540000
2008.000000	0.860000
2008.083333	0.840000
2008.166667	0.930000
2008.250000	1.020000
2008.333333	1.400000
2008.416667	1.160000
2008.500000	2.600000
2008.583333	1.900000
2008.666667	1.450000
2008.750000	-0.570000
2008.833333	-0.930000
2008.916667	0.420000
2009.000000	1.670000
2009.083333	1.700000
2009.166667	0.820000
2009.250000	0.560000
2009.333333	0.750000
2009.416667	1.430000
2009.500000	1.760000
2009.583333	3.490000
2009.666667	2.260000
2009.750000	2.660000
2009.833333	2.120000
2009.916667	3.380000
2010.000000	2.820000
2010.083333	2.560000
2010.166667	2.810000
2010.250000	1.880000
2010.333333	2.220000
2010.416667	1.730000
2010.500000	2.870000
2010.583333	3.330000
2010.666667	4.230000
2010.750000	3.770000
2010.833333	4.320000
2010.916667	4.130000
2011.000000	4.330000
2011.083333	4.300000
2011.166667	4.720000
2011.250000	4.020000
2011.333333	5.020000
2011.416667	4.490000
2011.500000	4.380000
2011.583333	3.450000
2011.666667	3.410000
2011.750000	3.270000
2011.833333	3.270000
2011.916667	2.700000
2012.000000	2.090000
2012.083333	1.810000
2012.166667	1.690000
2012.250000	0.610000
2012.333333	0.700000
2012.416667	0.910000
2012.500000	1.230000
2012.583333	1.030000
2012.666667	1.570000
2012.750000	2.610000
2012.833333	2.050000
2012.916667	2.560000
2013.000000	1.940000
2013.083333	2.030000
2013.166667	3.150000
2013.250000	3.290000
2013.333333	3.260000
2013.416667	3.140000
2013.500000	1.930000
2013.583333	2.720000
2013.666667	0.950000
2013.750000	1.540000
2013.833333	0.380000
2013.916667	-1.150000
2014.000000	-1.890000
2014.083333	-1.200000
2014.166667	-2.390000
2014.250000	-1.300000
2014.333333	-0.590000
2014.416667	0.170000
2014.500000	-0.420000
2014.583333	-1.000000
2014.666667	0.280000
2014.750000	0.890000
2014.833333	0.440000
2014.916667	2.090000
2015.000000	2.700000
2015.083333	2.600000
2015.166667	1.860000
2015.250000	0.390000
2015.333333	0.290000
2015.416667	1.000000
2015.500000	0.990000
2015.583333	2.260000
2015.666667	2.980000
2015.750000	1.490000
2015.833333	0.830000
2015.916667	0.730000
2016.000000	0.590000
2016.083333	0.990000
2016.166667	0.180000
2016.250000	-1.170000
2016.333333	0.280000
2016.416667	0.090000
2016.500000	0.380000
2016.583333	0.560000
2016.666667	-1.180000
2016.750000	-1.830000
2016.833333	-2.150000
2016.916667	-0.890000
2017.000000	-0.940000
2017.083333	-2.510000
2017.166667	-3.300000
2017.250000	-2.600000
2017.333333	-3.300000
2017.416667	-3.650000
2017.500000	-3.370000
2017.583333	-3.050000
2017.666667	-3.190000
2017.750000	-1.930000
2017.833333	-1.070000
2017.916667	-1.060000
2018.000000	-1.000000
2018.083333	-0.330000
2018.166667	-1.200000
2018.250000	-1.090000
2018.333333	-1.040000
2018.416667	-0.410000
2018.500000	-0.490000
2018.583333	-2.060000
2018.666667	-1.470000
2018.750000	-1.240000
2018.833333	0.350000
2018.916667	0.110000
2019.000000	1.280000
2019.083333	1.180000
2019.166667	0.990000
2019.250000	1.920000
2019.333333	1.660000
2019.416667	0.710000
2019.500000	-0.860000
2019.583333	0.190000
2019.666667	0.790000
2019.750000	2.770000
2019.833333	3.080000
2019.916667	3.160000
2020.000000	1.440000
2020.083333	-0.390000
2020.166667	-1.160000
2020.250000	-0.990000
2020.333333	-1.190000
2020.416667	-0.270000
2020.500000	-1.600000
2020.583333	-1.620000
2020.666667	-2.140000
2020.750000	-1.540000
2020.833333	-1.470000
2020.916667	-1.590000
2021.000000	-0.710000
2021.083333	-0.720000
2021.166667	-1.360000
2021.250000	-0.730000
2021.333333	-2.160000
2021.416667	-2.290000
2021.500000	-1.710000
2021.583333	-1.140000
2021.666667	-0.660000
2021.750000	-0.250000
2021.833333	0.670000
2021.916667	1.940000
2022.000000	1.110000
2022.083333	1.550000
