1856.000000	0.702694
1856.083333	0.682119
1856.166667	0.522298
1856.250000	0.231750
1856.333333	0.009915
1856.416667	0.027347
1856.500000	-0.039268
1856.583333	-0.146528
1856.666667	0.006703
1856.750000	-0.145182
1856.833333	-0.281777
1856.916667	-0.222470
1857.000000	0.090959
1857.083333	-0.069485
1857.166667	-0.273003
1857.250000	-0.108811
1857.333333	0.191546
1857.416667	0.036687
1857.500000	-0.105747
1857.583333	-0.371936
1857.666667	-0.369493
1857.750000	-0.330328
1857.833333	-0.536432
1857.916667	-0.559119
1858.000000	-0.479901
1858.083333	-0.485870
1858.166667	-0.397923
1858.250000	-0.204187
1858.333333	-0.242680
1858.416667	-0.486865
1858.500000	-0.351805
1858.583333	-0.246417
1858.666667	-0.163821
1858.750000	-0.177938
1858.833333	-0.266043
1858.916667	-0.450344
1859.000000	-0.658376
1859.083333	-0.719713
1859.166667	-0.568144
1859.250000	-0.382678
1859.333333	-0.255792
1859.416667	-0.019022
1859.500000	-0.109536
1859.583333	-0.173297
1859.666667	-0.202115
1859.750000	-0.044052
1859.833333	-0.023510
1859.916667	0.000957
1860.000000	0.001803
1860.083333	0.174886
1860.166667	-0.019034
1860.250000	-0.228101
1860.333333	0.103897
1860.416667	0.523972
1860.500000	0.623370
1860.583333	0.487511
1860.666667	0.507313
1860.750000	0.181844
1860.833333	-0.071157
1860.916667	-0.247762
1861.000000	-0.253656
1861.083333	-0.334808
1861.166667	-0.218464
1861.250000	-0.467206
1861.333333	-0.516788
1861.416667	-0.422515
1861.500000	-0.314670
1861.583333	-0.383146
1861.666667	-0.269535
1861.750000	-0.283559
1861.833333	-0.306428
1861.916667	-0.411670
1862.000000	-0.299318
1862.083333	-0.182983
1862.166667	-0.154876
1862.250000	-0.499988
1862.333333	-0.401438
1862.416667	0.136850
1862.500000	0.583450
1862.583333	0.301795
1862.666667	-0.044055
1862.750000	-0.209084
1862.833333	-0.065461
1862.916667	-0.131130
1863.000000	-0.478936
1863.083333	-0.584525
1863.166667	-0.195695
1863.250000	-0.166330
1863.333333	-0.146877
1863.416667	-0.427050
1863.500000	-0.679503
1863.583333	-0.735121
1863.666667	-0.374000
1863.750000	-0.173084
1863.833333	-0.477073
1863.916667	-0.433763
1864.000000	-0.918498
1864.083333	-0.908391
1864.166667	-0.739122
1864.250000	-0.776000
1864.333333	-0.685081
1864.416667	-0.462600
1864.500000	-0.155275
1864.583333	-0.601819
1864.666667	-0.439113
1864.750000	-0.114041
1864.833333	0.358414
1864.916667	0.402962
1865.000000	0.075892
1865.083333	-0.035710
1865.166667	-0.218259
1865.250000	-0.452653
1865.333333	-0.515853
1865.416667	-0.694657
1865.500000	-0.214356
1865.583333	0.008512
1865.666667	0.142786
1865.750000	-0.046313
1865.833333	0.135959
1865.916667	-0.049404
1866.000000	-0.200729
1866.083333	-0.142081
1866.166667	0.037715
1866.250000	0.368221
1866.333333	0.344678
1866.416667	0.431948
1866.500000	0.444874
1866.583333	0.496189
1866.666667	0.695010
1866.750000	0.202783
1866.833333	-0.250977
1866.916667	-0.421128
1867.000000	-0.242993
1867.083333	-0.418195
1867.166667	-0.663669
1867.250000	-0.726722
1867.333333	-0.484207
1867.416667	-0.424605
1867.500000	-0.116057
1867.583333	0.203934
1867.666667	0.101985
1867.750000	0.238171
1867.833333	0.034047
1867.916667	-0.039376
1868.000000	0.253772
1868.083333	0.260046
1868.166667	0.493879
1868.250000	0.535563
1868.333333	0.497627
1868.416667	0.476370
1868.500000	0.505885
1868.583333	0.719852
1868.666667	0.969996
1868.750000	0.790506
1868.833333	0.418064
1868.916667	0.421574
1869.000000	-0.014746
1869.083333	-0.400149
1869.166667	-0.429259
1869.250000	-0.209291
1869.333333	-0.008577
1869.416667	0.136688
1869.500000	-0.138515
1869.583333	-0.271607
1869.666667	-0.298895
1869.750000	-0.336250
1869.833333	-0.262832
1869.916667	0.022591
1870.000000	0.016356
1870.083333	0.175806
1870.166667	-0.032795
1870.250000	-0.337278
1870.333333	-0.381381
1870.416667	-0.231801
1870.500000	-0.507146
1870.583333	-0.632534
1870.666667	-0.426305
1870.750000	-0.511476
1870.833333	-0.646370
1870.916667	-0.681803
1871.000000	-0.718599
1871.083333	-0.731059
1871.166667	-0.498950
1871.250000	-0.303553
1871.333333	-0.128618
1871.416667	0.131663
1871.500000	0.000359
1871.583333	-0.139174
1871.666667	-0.093125
1871.750000	-0.012528
1871.833333	-0.221695
1871.916667	0.031522
1872.000000	-0.364543
1872.083333	-0.187405
1872.166667	-0.164790
1872.250000	0.239477
1872.333333	0.289157
1872.416667	0.083084
1872.500000	0.064168
1872.583333	0.235748
1872.666667	0.040817
1872.750000	0.368835
1872.833333	0.384676
1872.916667	0.030709
1873.000000	0.358593
1873.083333	0.390499
1873.166667	0.302080
1873.250000	0.318130
1873.333333	0.141459
1873.416667	0.043292
1873.500000	0.583414
1873.583333	0.355113
1873.666667	0.307150
1873.750000	0.082138
1873.833333	0.532524
1873.916667	0.386901
1874.000000	-0.015168
1874.083333	-0.295684
1874.166667	-0.224342
1874.250000	-0.229649
1874.333333	-0.178186
1874.416667	-0.156375
1874.500000	-0.228230
1874.583333	0.132211
1874.666667	0.673022
1874.750000	0.578355
1874.833333	0.354662
1874.916667	0.470662
1875.000000	0.111579
1875.083333	-0.128151
1875.166667	-0.417710
1875.250000	-0.325106
1875.333333	-0.222910
1875.416667	0.130252
1875.500000	0.182865
1875.583333	-0.225410
1875.666667	-0.292881
1875.750000	-0.338294
1875.833333	-0.503953
1875.916667	-0.507838
1876.000000	-0.807168
1876.083333	-0.455125
1876.166667	-0.089800
1876.250000	0.063038
1876.333333	0.164007
1876.416667	0.222169
1876.500000	-0.044595
1876.583333	0.125984
1876.666667	0.231067
1876.750000	0.268220
1876.833333	-0.059502
1876.916667	0.217578
1877.000000	0.178765
1877.083333	-0.009583
1877.166667	0.030516
1877.250000	0.296300
1877.333333	-0.176708
1877.416667	-0.123672
1877.500000	-0.208255
1877.583333	0.116270
1877.666667	0.575670
1877.750000	0.518196
1877.833333	0.028184
1877.916667	-0.194655
1878.000000	-0.466517
1878.083333	-0.604697
1878.166667	-0.582184
1878.250000	0.205357
1878.333333	0.139415
1878.416667	0.451675
1878.500000	0.541911
1878.583333	1.187508
1878.666667	0.809562
1878.750000	0.609383
1878.833333	1.131841
1878.916667	1.229534
1879.000000	0.882891
1879.083333	0.976481
1879.166667	0.400390
1879.250000	0.574608
1879.333333	0.506403
1879.416667	0.529044
1879.500000	0.632406
1879.583333	0.349192
1879.666667	0.536752
1879.750000	0.275671
1879.833333	-0.035008
1879.916667	-0.188507
1880.000000	-0.588814
1880.083333	-0.576446
1880.166667	-0.691126
1880.250000	-0.593843
1880.333333	-0.553364
1880.416667	0.084772
1880.500000	0.332654
1880.583333	0.228940
1880.666667	0.194298
1880.750000	0.447311
1880.833333	0.566833
1880.916667	0.378977
1881.000000	0.892902
1881.083333	0.798881
1881.166667	0.405103
1881.250000	0.746732
1881.333333	0.365882
1881.416667	0.244480
1881.500000	0.137166
1881.583333	0.587151
1881.666667	0.499617
1881.750000	0.167282
1881.833333	-0.340316
1881.916667	-0.273476
1882.000000	-0.428753
1882.083333	-0.430075
1882.166667	-0.164111
1882.250000	-0.462313
1882.333333	-0.348153
1882.416667	-0.427398
1882.500000	-0.177720
1882.583333	0.298074
1882.666667	1.028076
1882.750000	0.703429
1882.833333	0.606138
1882.916667	0.593797
1883.000000	0.475139
1883.083333	-0.231055
1883.166667	-0.135885
1883.250000	0.013514
1883.333333	-0.223707
1883.416667	0.171064
1883.500000	-0.041617
1883.583333	0.058497
1883.666667	0.074558
1883.750000	0.011681
1883.833333	-0.175395
1883.916667	-0.319628
1884.000000	-0.637883
1884.083333	-0.846858
1884.166667	-0.817124
1884.250000	-0.431427
1884.333333	-0.416567
1884.416667	-0.152045
1884.500000	-0.216512
1884.583333	-0.390675
1884.666667	-0.420190
1884.750000	-0.325039
1884.833333	-0.381689
1884.916667	-0.115389
1885.000000	0.104811
1885.083333	-0.016461
1885.166667	0.047839
1885.250000	-0.139591
1885.333333	0.261572
1885.416667	-0.125344
1885.500000	0.218093
1885.583333	0.275722
1885.666667	0.349827
1885.750000	0.825728
1885.833333	0.695233
1885.916667	0.482449
1886.000000	0.284697
1886.083333	0.422002
1886.166667	0.107796
1886.250000	0.266931
1886.333333	0.190614
1886.416667	0.302726
1886.500000	-0.485582
1886.583333	-0.278095
1886.666667	-0.179031
1886.750000	-0.142998
1886.833333	-0.451340
1886.916667	0.269868
1887.000000	0.296313
1887.083333	-0.103357
1887.166667	-0.028676
1887.250000	0.066330
1887.333333	-0.040723
1887.416667	-0.271809
1887.500000	-0.483529
1887.583333	-0.517762
1887.666667	0.155688
1887.750000	0.638447
1887.833333	0.710870
1887.916667	0.619191
1888.000000	0.035278
1888.083333	-0.125027
1888.166667	0.289163
1888.250000	0.263899
1888.333333	-0.044410
1888.416667	0.181443
1888.500000	0.372231
1888.583333	0.274207
1888.666667	0.383351
1888.750000	0.455388
1888.833333	-0.411781
1888.916667	-0.136810
1889.000000	0.419358
1889.083333	0.414291
1889.166667	0.282319
1889.250000	0.298925
1889.333333	-0.076818
1889.416667	-0.111776
1889.500000	0.129992
1889.583333	0.105020
1889.666667	-0.096786
1889.750000	0.587256
1889.833333	0.215516
1889.916667	-0.266743
1890.000000	-0.553237
1890.083333	-0.221911
1890.166667	0.038486
1890.250000	0.304024
1890.333333	0.446969
1890.416667	-0.109335
1890.500000	-0.198230
1890.583333	-0.088210
1890.666667	-0.042000
1890.750000	-0.176115
1890.833333	-0.192439
1890.916667	-0.018342
1891.000000	-0.001358
1891.083333	-0.532601
1891.166667	-0.183931
1891.250000	-0.121393
1891.333333	0.160051
1891.416667	0.108127
1891.500000	0.459777
1891.583333	0.353851
1891.666667	0.228747
1891.750000	0.169158
1891.833333	0.048145
1891.916667	0.235250
1892.000000	-0.045647
1892.083333	0.136825
1892.166667	-0.061567
1892.250000	-0.050926
1892.333333	-0.426073
1892.416667	-0.445399
1892.500000	-0.610387
1892.583333	-0.297573
1892.666667	0.106871
1892.750000	0.825827
1892.833333	0.109405
1892.916667	-0.286333
1893.000000	-0.436809
1893.083333	-0.449114
1893.166667	-1.190971
1893.250000	-1.076262
1893.333333	-1.179172
1893.416667	-0.580270
1893.500000	-0.195546
1893.583333	-0.339437
1893.666667	-0.124162
1893.750000	0.540691
1893.833333	0.607106
1893.916667	0.648387
1894.000000	0.173241
1894.083333	-0.010967
1894.166667	-0.166134
1894.250000	-0.197711
1894.333333	-0.086796
1894.416667	-0.304618
1894.500000	-0.385981
1894.583333	-0.357125
1894.666667	-0.210826
1894.750000	-0.009711
1894.833333	-0.052395
1894.916667	-0.281474
1895.000000	-0.310697
1895.083333	-0.415772
1895.166667	-0.442272
1895.250000	-0.315980
1895.333333	-0.555653
1895.416667	-0.526347
1895.500000	-0.220516
1895.583333	-0.233725
1895.666667	-0.428286
1895.750000	-0.225925
1895.833333	-0.479629
1895.916667	-0.395723
1896.000000	-0.826340
1896.083333	-0.634735
1896.166667	-0.294852
1896.250000	-0.628094
1896.333333	-0.745996
1896.416667	-0.606885
1896.500000	0.117392
1896.583333	0.611634
1896.666667	0.762273
1896.750000	1.084633
1896.833333	0.963591
1896.916667	0.928482
1897.000000	0.647309
1897.083333	0.288691
1897.166667	0.289150
1897.250000	0.110201
1897.333333	-0.139078
1897.416667	-0.335031
1897.500000	0.239991
1897.583333	0.003388
1897.666667	0.721787
1897.750000	0.184943
1897.833333	-0.927115
1897.916667	-0.670813
1898.000000	-0.541999
1898.083333	-0.533151
1898.166667	-0.331239
1898.250000	-0.177388
1898.333333	-0.209602
1898.416667	-0.135178
1898.500000	-0.363369
1898.583333	-0.518533
1898.666667	-0.706971
1898.750000	-0.022426
1898.833333	0.168622
1898.916667	0.328483
1899.000000	0.120708
1899.083333	0.073869
1899.166667	0.111013
1899.250000	0.149148
1899.333333	0.311777
1899.416667	-0.136453
1899.500000	-0.560963
1899.583333	-0.615582
1899.666667	-0.113266
1899.750000	0.032645
1899.833333	-0.260683
1899.916667	0.019533
1900.000000	0.143849
1900.083333	0.073683
1900.166667	-0.237205
1900.250000	-0.188513
1900.333333	-0.040427
1900.416667	0.098347
1900.500000	0.054619
1900.583333	0.238970
1900.666667	-0.128479
1900.750000	0.368485
1900.833333	0.394728
1900.916667	0.280678
1901.000000	0.149014
1901.083333	0.538528
1901.166667	0.573355
1901.250000	0.223018
1901.333333	-0.450263
1901.416667	-0.291698
1901.500000	-0.197825
1901.583333	-0.021634
1901.666667	0.304279
1901.750000	0.555225
1901.833333	0.431829
1901.916667	0.613328
1902.000000	0.461554
1902.083333	0.583691
1902.166667	0.364056
1902.250000	0.055674
1902.333333	-0.201653
1902.416667	-0.505325
1902.500000	-0.526592
1902.583333	-0.237915
1902.666667	0.309369
1902.750000	0.356634
1902.833333	-0.139687
1902.916667	-0.301935
1903.000000	-0.047677
1903.083333	-0.185909
1903.166667	-0.405399
1903.250000	-0.461737
1903.333333	-0.358558
1903.416667	-0.570636
1903.500000	-1.149948
1903.583333	-0.826895
1903.666667	-0.685199
1903.750000	-0.586715
1903.833333	-0.452798
1903.916667	0.039458
1904.000000	0.188735
1904.083333	0.407167
1904.166667	-0.012005
1904.250000	-0.509678
1904.333333	-0.835093
1904.416667	-0.550389
1904.500000	-0.134246
1904.583333	-0.316246
1904.666667	-0.256453
1904.750000	0.140543
1904.833333	-0.334376
1904.916667	-0.740230
1905.000000	-0.860459
1905.083333	-0.771585
1905.166667	-0.747169
1905.250000	-0.325140
1905.333333	-0.266821
1905.416667	-0.396620
1905.500000	0.214560
1905.583333	0.362918
1905.666667	0.565931
1905.750000	0.861987
1905.833333	0.615423
1905.916667	0.250436
1906.000000	0.220620
1906.083333	0.212102
1906.166667	0.230108
1906.250000	-0.094838
1906.333333	-0.044599
1906.416667	-0.002319
1906.500000	0.014396
1906.583333	-0.118631
1906.666667	-0.520090
1906.750000	-0.652824
1906.833333	-0.275161
1906.916667	-0.511773
1907.000000	-0.968077
1907.083333	-0.960273
1907.166667	-0.925128
1907.250000	-0.941812
1907.333333	0.094779
1907.416667	0.256941
1907.500000	0.340709
1907.583333	0.065421
1907.666667	-0.218048
1907.750000	0.222128
1907.833333	-0.590885
1907.916667	-0.580405
1908.000000	-0.588764
1908.083333	-0.779882
1908.166667	-0.871311
1908.250000	-0.950407
1908.333333	-0.334825
1908.416667	0.175992
1908.500000	0.019326
1908.583333	0.116497
1908.666667	-0.049288
1908.750000	-0.534731
1908.833333	-1.111652
1908.916667	-1.175245
1909.000000	-0.896998
1909.083333	-0.994299
1909.166667	-0.365333
1909.250000	-0.623604
1909.333333	-0.242485
1909.416667	0.137991
1909.500000	0.000700
1909.583333	0.550766
1909.666667	1.234512
1909.750000	1.311503
1909.833333	0.425382
1909.916667	0.558043
1910.000000	-0.067212
1910.083333	0.308239
1910.166667	-0.105695
1910.250000	-0.127694
1910.333333	-0.376082
1910.416667	-0.259966
1910.500000	-0.277198
1910.583333	0.140968
1910.666667	0.070432
1910.750000	0.009407
1910.833333	-0.312159
1910.916667	-0.414771
1911.000000	-0.286271
1911.083333	-0.793903
1911.166667	-0.781268
1911.250000	-0.941185
1911.333333	-0.715129
1911.416667	-0.500926
1911.500000	-0.333579
1911.583333	-0.001947
1911.666667	0.233755
1911.750000	0.221852
1911.833333	0.253765
1911.916667	0.129294
1912.000000	-0.400625
1912.083333	-0.217646
1912.166667	-0.129078
1912.250000	-0.561895
1912.333333	-1.117392
1912.416667	-0.251457
1912.500000	-0.410507
1912.583333	-0.184908
1912.666667	0.104302
1912.750000	0.018050
1912.833333	-0.526195
1912.916667	-0.428260
1913.000000	-0.560062
1913.083333	-0.790450
1913.166667	-0.452245
1913.250000	-0.585923
1913.333333	-0.566126
1913.416667	-0.762571
1913.500000	-0.699396
1913.583333	-0.400917
1913.666667	0.733057
1913.750000	0.437893
1913.833333	-0.283267
1913.916667	-0.776658
1914.000000	-0.468851
1914.083333	-0.316382
1914.166667	0.343071
1914.250000	-0.481918
1914.333333	-0.639421
1914.416667	-0.215952
1914.500000	-0.129689
1914.583333	-0.162655
1914.666667	-0.331099
1914.750000	-0.227860
1914.833333	-0.008678
1914.916667	0.019313
1915.000000	0.125861
1915.083333	0.185363
1915.166667	0.295515
1915.250000	0.322496
1915.333333	0.081883
1915.416667	0.666777
1915.500000	0.305889
1915.583333	-0.101503
1915.666667	-0.444637
1915.750000	0.015305
1915.833333	0.383843
1915.916667	0.485066
1916.000000	0.100478
1916.083333	0.430304
1916.166667	0.658849
1916.250000	0.611422
1916.333333	1.016676
1916.416667	1.334765
1916.500000	1.306843
1916.583333	0.465828
1916.666667	0.412744
1916.750000	0.042112
1916.833333	0.325626
1916.916667	0.685262
1917.000000	0.483105
1917.083333	0.248140
1917.166667	0.319902
1917.250000	0.241484
1917.333333	-0.029007
1917.416667	-0.274918
1917.500000	-0.292224
1917.583333	-0.221616
1917.666667	-0.056951
1917.750000	-0.137346
1917.833333	0.150851
1917.916667	0.201110
1918.000000	0.010721
1918.083333	-0.095626
1918.166667	-0.078377
1918.250000	-0.222629
1918.333333	-0.189823
1918.416667	-0.106204
1918.500000	0.047482
1918.583333	0.420151
1918.666667	0.776597
1918.750000	0.663712
1918.833333	0.370176
1918.916667	0.277578
1919.000000	0.314487
1919.083333	0.429099
1919.166667	0.216704
1919.250000	0.367651
1919.333333	-0.528844
1919.416667	-0.593462
1919.500000	-0.135178
1919.583333	-0.354437
1919.666667	0.073325
1919.750000	0.388864
1919.833333	0.363933
1919.916667	-0.048946
1920.000000	-0.075096
1920.083333	-0.408809
1920.166667	-0.408235
1920.250000	0.302816
1920.333333	0.167016
1920.416667	0.378502
1920.500000	0.773806
1920.583333	0.416611
1920.666667	0.372787
1920.750000	0.501673
1920.833333	-0.360689
1920.916667	0.032432
1921.000000	-0.019276
1921.083333	-0.370631
1921.166667	-0.552837
1921.250000	-0.479154
1921.333333	-0.210325
1921.416667	-0.475904
1921.500000	-0.617686
1921.583333	0.374844
1921.666667	0.084805
1921.750000	-0.306499
1921.833333	-0.440018
1921.916667	-0.350032
1922.000000	-0.299892
1922.083333	-0.216816
1922.166667	0.241418
1922.250000	0.391648
1922.333333	0.443769
1922.416667	0.174291
1922.500000	0.629659
1922.583333	0.766671
1922.666667	0.628577
1922.750000	0.627826
1922.833333	0.084356
1922.916667	-0.605080
1923.000000	-0.177518
1923.083333	0.195705
1923.166667	0.065417
1923.250000	0.346639
1923.333333	0.742941
1923.416667	1.005683
1923.500000	0.436976
1923.583333	0.473592
1923.666667	0.645371
1923.750000	0.861530
1923.833333	1.267085
1923.916667	0.986506
1924.000000	0.259109
1924.083333	-0.037306
1924.166667	0.050134
1924.250000	0.230731
1924.333333	0.394977
1924.416667	0.688260
1924.500000	0.380790
1924.583333	0.234112
1924.666667	1.036060
1924.750000	0.788834
1924.833333	0.235521
1924.916667	-0.099749
1925.000000	-0.622533
1925.083333	-0.510698
1925.166667	-0.330444
1925.250000	-0.681814
1925.333333	-0.341694
1925.416667	-0.528119
1925.500000	-0.122478
1925.583333	0.228286
1925.666667	0.495021
1925.750000	0.665995
1925.833333	0.751510
1925.916667	0.654840
1926.000000	0.158326
1926.083333	0.285376
1926.166667	-0.294939
1926.250000	-0.109593
1926.333333	0.489073
1926.416667	0.623901
1926.500000	-0.162087
1926.583333	-0.518984
1926.666667	-0.211510
1926.750000	0.334630
1926.833333	0.868032
1926.916667	0.444109
1927.000000	0.299205
1927.083333	-0.220591
1927.166667	0.064701
1927.250000	0.215987
1927.333333	0.462573
1927.416667	0.797679
1927.500000	1.129236
1927.583333	0.943723
1927.666667	0.973990
1927.750000	0.912662
1927.833333	0.585159
1927.916667	0.746855
1928.000000	0.681834
1928.083333	0.066430
1928.166667	-0.310360
1928.250000	-0.094550
1928.333333	-0.023147
1928.416667	0.077356
1928.500000	0.436783
1928.583333	0.720092
1928.666667	0.850865
1928.750000	0.613579
1928.833333	0.660193
1928.916667	0.094667
1929.000000	-0.252876
1929.083333	-1.105720
1929.166667	-1.400613
1929.250000	-1.371945
1929.333333	-0.421577
1929.416667	0.090026
1929.500000	-0.063936
1929.583333	0.644792
1929.666667	0.511896
1929.750000	0.134459
1929.833333	0.370420
1929.916667	-0.019385
1930.000000	-0.003247
1930.083333	0.141899
1930.166667	0.196564
1930.250000	-0.087772
1930.333333	-0.072795
1930.416667	0.280884
1930.500000	0.529187
1930.583333	0.396832
1930.666667	0.470374
1930.750000	0.444518
1930.833333	0.350732
1930.916667	0.633978
1931.000000	0.761898
1931.083333	0.209942
1931.166667	-0.008566
1931.250000	-0.216468
1931.333333	0.011456
1931.416667	0.831449
1931.500000	1.175302
1931.583333	0.887999
1931.666667	0.774707
1931.750000	0.219152
1931.833333	-0.421032
1931.916667	-0.637383
1932.000000	-0.739792
1932.083333	-0.958245
1932.166667	-0.618311
1932.250000	-0.789034
1932.333333	-0.739849
1932.416667	0.003320
1932.500000	0.224910
1932.583333	0.365424
1932.666667	0.868780
1932.750000	1.029346
1932.833333	0.711046
1932.916667	0.179982
1933.000000	-0.578390
1933.083333	-0.355056
1933.166667	-0.423390
1933.250000	-0.826526
1933.333333	-0.957867
1933.416667	-0.818261
1933.500000	-0.535099
1933.583333	-0.250451
1933.666667	-0.760110
1933.750000	-0.095535
1933.833333	0.380086
1933.916667	-0.145655
1934.000000	-0.343367
1934.083333	-0.580401
1934.166667	-0.040039
1934.250000	0.062243
1934.333333	0.840065
1934.416667	0.630234
1934.500000	0.366834
1934.583333	0.543666
1934.666667	0.303412
1934.750000	0.817564
1934.833333	1.011882
1934.916667	0.719673
1935.000000	0.063583
1935.083333	0.026133
1935.166667	0.099867
1935.250000	0.070039
1935.333333	0.017627
1935.416667	0.772706
1935.500000	0.412283
1935.583333	0.426642
1935.666667	0.910030
1935.750000	1.198459
1935.833333	0.251530
1935.916667	0.411489
1936.000000	0.667814
1936.083333	0.490220
1936.166667	0.520798
1936.250000	0.160781
1936.333333	-0.218643
1936.416667	-0.012028
1936.500000	0.991533
1936.583333	0.649612
1936.666667	0.262899
1936.750000	0.514621
1936.833333	0.764476
1936.916667	-0.260932
1937.000000	-0.818281
1937.083333	-0.225319
1937.166667	0.713670
1937.250000	0.819802
1937.333333	0.782647
1937.416667	1.086495
1937.500000	1.097136
1937.583333	1.096853
1937.666667	1.396297
1937.750000	1.575556
1937.833333	1.231299
1937.916667	0.921184
1938.000000	0.591456
1938.083333	0.132917
1938.166667	0.199547
1938.250000	-0.073474
1938.333333	-0.260456
1938.416667	0.875314
1938.500000	1.409595
1938.583333	1.341400
1938.666667	1.365562
1938.750000	0.901105
1938.833333	0.380179
1938.916667	0.583764
1939.000000	0.485549
1939.083333	0.679733
1939.166667	0.627229
1939.250000	0.672442
1939.333333	0.583171
1939.416667	0.434593
1939.500000	1.308547
1939.583333	1.318955
1939.666667	1.071941
1939.750000	1.062878
1939.833333	0.551154
1939.916667	0.651797
1940.000000	0.426506
1940.083333	0.337974
1940.166667	0.106885
1940.250000	0.022395
1940.333333	-0.497186
1940.416667	-0.259331
1940.500000	0.286146
1940.583333	0.593928
1940.666667	0.734297
1940.750000	0.841827
1940.833333	0.587332
1940.916667	0.556397
1941.000000	1.018646
1941.083333	1.165744
1941.166667	0.775086
1941.250000	0.698655
1941.333333	0.797237
1941.416667	0.616661
1941.500000	0.198959
1941.583333	0.585531
1941.666667	0.259935
1941.750000	0.021203
1941.833333	0.009592
1941.916667	0.225464
1942.000000	-0.054313
1942.083333	-0.157839
1942.166667	-0.087181
1942.250000	-0.208853
1942.333333	0.363534
1942.416667	0.513118
1942.500000	0.477577
1942.583333	0.184285
1942.666667	0.108510
1942.750000	0.243931
1942.833333	0.171605
1942.916667	-0.181527
1943.000000	-0.123476
1943.083333	-0.181815
1943.166667	-0.155273
1943.250000	-0.422608
1943.333333	-0.213630
1943.416667	-0.349066
1943.500000	-0.102931
1943.583333	0.474135
1943.666667	0.593855
1943.750000	1.130097
1943.833333	0.911817
1943.916667	0.641218
1944.000000	0.766372
1944.083333	0.309525
1944.166667	-0.024442
1944.250000	0.198086
1944.333333	0.395387
1944.416667	0.456978
1944.500000	0.440885
1944.583333	0.319340
1944.666667	0.387340
1944.750000	0.460553
1944.833333	0.272438
1944.916667	-0.150050
1945.000000	-0.179464
1945.083333	0.154724
1945.166667	-0.117924
1945.250000	-0.434419
1945.333333	-0.247153
1945.416667	-0.128100
1945.500000	-0.149334
1945.583333	-0.102578
1945.666667	-0.238760
1945.750000	-0.499169
1945.833333	-0.477755
1945.916667	-0.659280
1946.000000	-0.481449
1946.083333	-0.597285
1946.166667	-0.422809
1946.250000	-0.467477
1946.333333	-0.075295
1946.416667	0.402557
1946.500000	0.183441
1946.583333	0.435839
1946.666667	0.363832
1946.750000	0.047221
1946.833333	0.020206
1946.916667	0.116762
1947.000000	0.004798
1947.083333	-0.106346
1947.166667	0.484593
1947.250000	0.554700
1947.333333	0.345979
1947.416667	0.369754
1947.500000	0.150677
1947.583333	-0.089115
1947.666667	-0.147994
1947.750000	0.223703
1947.833333	0.183544
1947.916667	0.574647
1948.000000	0.499558
1948.083333	0.300602
1948.166667	-0.198970
1948.250000	-0.203880
1948.333333	-0.115777
1948.416667	0.493636
1948.500000	-0.142347
1948.583333	-0.195420
1948.666667	-0.219833
1948.750000	-0.296680
1948.833333	-0.377284
1948.916667	-0.773269
1949.000000	-0.759355
1949.083333	-1.024806
1949.166667	-0.802832
1949.250000	-1.266966
1949.333333	-0.705597
1949.416667	-0.321854
1949.500000	-1.108001
1949.583333	-1.157444
1949.666667	-1.161464
1949.750000	-0.905010
1949.833333	-0.265690
1949.916667	-0.188104
1950.000000	-0.389554
1950.083333	-0.494907
1950.166667	-0.465705
1950.250000	-0.242652
1950.333333	0.092517
1950.416667	0.102080
1950.500000	0.479142
1950.583333	0.510808
1950.666667	0.943114
1950.750000	0.436660
1950.833333	0.254207
1950.916667	0.479003
1951.000000	0.511992
1951.083333	0.910369
1951.166667	0.822530
1951.250000	0.527954
1951.333333	0.176196
1951.416667	0.050978
1951.500000	0.175814
1951.583333	0.137690
1951.666667	0.402843
1951.750000	0.050472
1951.833333	-0.074821
1951.916667	-0.126389
1952.000000	-0.178837
1952.083333	-0.157043
1952.166667	-0.095110
1952.250000	-0.310167
1952.333333	-0.050407
1952.416667	-0.161089
1952.500000	-0.124557
1952.583333	0.477204
1952.666667	0.873159
1952.750000	0.797172
1952.833333	0.679627
1952.916667	0.560315
1953.000000	0.176652
1953.083333	-0.050854
1953.166667	-0.478030
1953.250000	-0.110335
1953.333333	0.008015
1953.416667	-0.030574
1953.500000	0.092153
1953.583333	0.243494
1953.666667	0.029376
1953.750000	0.237027
1953.833333	-0.266576
1953.916667	-0.528629
1954.000000	-0.657149
1954.083333	-0.444801
1954.166667	-0.404648
1954.250000	-0.427094
1954.333333	-0.434616
1954.416667	0.288673
1954.500000	0.483389
1954.583333	0.417499
1954.666667	0.272668
1954.750000	0.211035
1954.833333	0.295190
1954.916667	0.318002
1955.000000	0.184506
1955.083333	0.319972
1955.166667	0.300603
1955.250000	-0.099757
1955.333333	-0.157404
1955.416667	0.295336
1955.500000	0.161651
1955.583333	-0.287855
1955.666667	0.013078
1955.750000	0.207845
1955.833333	0.460317
1955.916667	0.087914
1956.000000	0.490369
1956.083333	0.419503
1956.166667	0.177684
1956.250000	-0.036573
1956.333333	-0.248791
1956.416667	-0.528925
1956.500000	-0.284001
1956.583333	0.417184
1956.666667	0.247624
1956.750000	-0.574112
1956.833333	-0.381671
1956.916667	-0.309701
1957.000000	0.017964
1957.083333	0.184734
1957.166667	0.214977
1957.250000	-0.046103
1957.333333	-0.299066
1957.416667	0.076151
1957.500000	0.067680
1957.583333	0.567462
1957.666667	0.936076
1957.750000	1.060718
1957.833333	0.480347
1957.916667	-0.232268
1958.000000	-0.259756
1958.083333	0.034902
1958.166667	-0.069573
1958.250000	0.164994
1958.333333	0.414895
1958.416667	0.842000
1958.500000	0.198975
1958.583333	0.554359
1958.666667	0.312876
1958.750000	0.021861
1958.833333	0.212353
1958.916667	0.421393
1959.000000	0.386233
1959.083333	-0.087005
1959.166667	-0.372044
1959.250000	0.034225
1959.333333	0.232324
1959.416667	0.057652
1959.500000	-0.145745
1959.583333	0.059532
1959.666667	-0.476611
1959.750000	-0.687642
1959.833333	-0.086666
1959.916667	0.144563
1960.000000	0.041612
1960.083333	0.209600
1960.166667	0.278883
1960.250000	0.376921
1960.333333	0.415641
1960.416667	-0.022425
1960.500000	-0.060722
1960.583333	0.188006
1960.666667	0.421175
1960.750000	0.901631
1960.833333	0.925698
1960.916667	1.282797
1961.000000	1.036065
1961.083333	0.557867
1961.166667	0.625068
1961.250000	0.812860
1961.333333	0.376665
1961.416667	0.647645
1961.500000	0.241974
1961.583333	-0.074559
1961.666667	-0.426104
1961.750000	-0.217071
1961.833333	0.033542
1961.916667	0.138318
1962.000000	0.364094
1962.083333	0.080469
1962.166667	0.434729
1962.250000	0.304452
1962.333333	0.251867
1962.416667	0.076758
1962.500000	0.362902
1962.583333	0.668312
1962.666667	0.605843
1962.750000	0.586488
1962.833333	1.024842
1962.916667	0.809177
1963.000000	1.063030
1963.083333	0.452603
1963.166667	0.161208
1963.250000	0.071906
1963.333333	0.148958
1963.416667	-0.012392
1963.500000	0.434674
1963.583333	0.632011
1963.666667	0.755127
1963.750000	0.919846
1963.833333	0.399134
1963.916667	0.278595
1964.000000	-0.123182
1964.083333	-0.197674
1964.166667	-0.391885
1964.250000	-0.621809
1964.333333	-0.562342
1964.416667	0.337879
1964.500000	0.036407
1964.583333	-0.192534
1964.666667	-0.349251
1964.750000	0.052783
1964.833333	0.267176
1964.916667	0.285494
1965.000000	0.592697
1965.083333	0.295557
1965.166667	0.159351
1965.250000	-0.471502
1965.333333	-0.864746
1965.416667	-0.124404
1965.500000	-0.065464
1965.583333	-0.201022
1965.666667	-0.069334
1965.750000	0.064553
1965.833333	-0.015349
1965.916667	0.635942
1966.000000	0.795985
1966.083333	1.022849
1966.166667	1.140424
1966.250000	0.443581
1966.333333	0.382165
1966.416667	0.250850
1966.500000	0.187386
1966.583333	0.705988
1966.666667	0.997907
1966.750000	1.716133
1966.833333	2.059097
1966.916667	1.201115
1967.000000	0.633718
1967.083333	0.000091
1967.166667	-0.038336
1967.250000	-0.183754
1967.333333	-0.066083
1967.416667	-0.384657
1967.500000	-0.205224
1967.583333	0.359057
1967.666667	0.559614
1967.750000	1.140435
1967.833333	1.035002
1967.916667	0.348494
1968.000000	0.041471
1968.083333	0.210410
1968.166667	0.451191
1968.250000	0.833541
1968.333333	1.109045
1968.416667	0.692728
1968.500000	0.448714
1968.583333	-0.140120
1968.666667	0.474544
1968.750000	0.522495
1968.833333	0.344728
1968.916667	0.074164
1969.000000	0.478145
1969.083333	0.007217
1969.166667	-0.012439
1969.250000	-0.496917
1969.333333	-0.239485
1969.416667	0.019648
1969.500000	-0.801743
1969.583333	-0.574352
1969.666667	0.473375
1969.750000	0.299682
1969.833333	-0.063003
1969.916667	0.376321
1970.000000	0.408094
1970.083333	0.518455
1970.166667	0.403329
1970.250000	0.335918
1970.333333	0.026112
1970.416667	-0.086515
1970.500000	-0.135083
1970.583333	0.279265
1970.666667	0.093425
1970.750000	-0.569780
1970.833333	-0.357981
1970.916667	-0.126658
1971.000000	0.120960
1971.083333	0.521256
1971.166667	0.394676
1971.250000	-0.002974
1971.333333	0.008904
1971.416667	-0.167831
1971.500000	-0.115917
1971.583333	-0.169826
1971.666667	-0.199277
1971.750000	-0.691038
1971.833333	-0.574051
1971.916667	-0.674785
1972.000000	-0.379370
1972.083333	-0.001375
1972.166667	0.322404
1972.250000	0.763689
1972.333333	0.208793
1972.416667	0.407076
1972.500000	-0.232485
1972.583333	0.144915
1972.666667	-0.196611
1972.750000	-0.274151
1972.833333	-0.420947
1972.916667	-0.425409
1973.000000	-0.497057
1973.083333	0.089834
1973.166667	0.120066
1973.250000	0.015206
1973.333333	-0.142662
1973.416667	-0.513201
1973.500000	-0.397282
1973.583333	-0.568882
1973.666667	-0.384804
1973.750000	-0.182305
1973.833333	-0.695505
1973.916667	-0.581419
1974.000000	-0.668281
1974.083333	-0.102025
1974.166667	0.168378
1974.250000	-0.390235
1974.333333	-0.612148
1974.416667	-0.036296
1974.500000	-0.104408
1974.583333	-0.361613
1974.666667	0.054178
1974.750000	0.208179
1974.833333	0.154566
1974.916667	0.236620
1975.000000	-0.072179
1975.083333	0.000639
1975.166667	-0.484668
1975.250000	-0.148811
1975.333333	-0.425525
1975.416667	-0.019952
1975.500000	-0.000462
1975.583333	-0.190557
1975.666667	0.488804
1975.750000	0.260950
1975.833333	-0.406664
1975.916667	-0.269675
1976.000000	-0.400528
1976.083333	-0.660677
1976.166667	-0.696071
1976.250000	-0.784861
1976.333333	-0.658971
1976.416667	-0.905794
1976.500000	-0.599915
1976.583333	-1.066853
1976.666667	-0.971920
1976.750000	-0.215020
1976.833333	-0.391544
1976.916667	-0.166772
1977.000000	-0.204424
1977.083333	0.298563
1977.166667	0.379843
1977.250000	-0.087674
1977.333333	-0.047505
1977.416667	0.251975
1977.500000	0.209548
1977.583333	0.166817
1977.666667	-0.571424
1977.750000	-1.220211
1977.833333	-1.005630
1977.916667	-0.987792
1978.000000	-0.625369
1978.083333	0.183604
1978.166667	0.116747
1978.250000	0.139042
1978.333333	0.124149
1978.416667	-0.062235
1978.500000	-0.176161
1978.583333	-0.907419
1978.666667	-0.816547
1978.750000	-0.296388
1978.833333	-0.749795
1978.916667	-0.383602
1979.000000	0.009087
1979.083333	0.165560
1979.166667	0.484944
1979.250000	0.303061
1979.333333	0.299291
1979.416667	0.523272
1979.500000	-0.206385
1979.583333	-0.205504
1979.666667	0.085664
1979.750000	0.388734
1979.833333	-0.006190
1979.916667	-0.388885
1980.000000	-0.273675
1980.083333	-0.449635
1980.166667	-0.477258
1980.250000	-0.689950
1980.333333	-0.973078
1980.416667	-0.883943
1980.500000	-0.470206
1980.583333	-0.438519
1980.666667	-0.759793
1980.750000	-0.210074
1980.833333	0.198911
1980.916667	0.067495
1981.000000	-0.094177
1981.083333	-0.295367
1981.166667	-0.040296
1981.250000	-0.270952
1981.333333	-0.410102
1981.416667	-0.087174
1981.500000	-0.421001
1981.583333	-0.456886
1981.666667	-0.184885
1981.750000	0.585245
1981.833333	-0.387597
1981.916667	0.073184
1982.000000	0.364002
1982.083333	0.003934
1982.166667	-0.157620
1982.250000	-0.878087
1982.333333	-0.418153
1982.416667	-0.188240
1982.500000	-0.346301
1982.583333	-0.494320
1982.666667	0.344569
1982.750000	0.555627
1982.833333	-0.442438
1982.916667	-0.406518
1983.000000	-0.281584
1983.083333	-0.228481
1983.166667	-0.477198
1983.250000	-0.727416
1983.333333	-0.208345
1983.416667	0.028637
1983.500000	-0.198228
1983.583333	-0.463470
1983.666667	-0.186001
1983.750000	-0.407089
1983.833333	-0.541591
1983.916667	-0.240036
1984.000000	-0.077075
1984.083333	0.135130
1984.166667	0.045943
1984.250000	-0.712298
1984.333333	-0.375409
1984.416667	-0.225391
1984.500000	-0.510483
1984.583333	-0.935481
1984.666667	-0.272385
1984.750000	0.496195
1984.833333	-0.350079
1984.916667	-0.592733
1985.000000	-0.121349
1985.083333	-0.292758
1985.166667	-0.683766
1985.250000	-1.022672
1985.333333	-0.347773
1985.416667	0.171520
1985.500000	-0.344872
1985.583333	-0.016474
1985.666667	0.034336
1985.750000	-0.663758
1985.833333	-0.839692
1985.916667	-0.457215
1986.000000	-0.248113
1986.083333	-0.210528
1986.166667	0.087710
1986.250000	-0.177846
1986.333333	-0.047882
1986.416667	0.568366
1986.500000	0.082287
1986.583333	0.266517
1986.666667	0.597441
1986.750000	-0.076778
1986.833333	-0.897905
1986.916667	-0.956782
1987.000000	-0.825946
1987.083333	-0.478037
1987.166667	-0.788156
1987.250000	-1.618547
1987.333333	-1.860647
1987.416667	-0.940463
1987.500000	-0.236511
1987.583333	-0.199130
1987.666667	0.047172
1987.750000	-0.226217
1987.833333	-0.834934
1987.916667	-0.258797
1988.000000	-0.296046
1988.083333	-0.204022
1988.166667	-0.119019
1988.250000	-0.654687
1988.333333	-0.370455
1988.416667	0.280238
1988.500000	0.627644
1988.583333	0.385113
1988.666667	-0.026626
1988.750000	0.060351
1988.833333	-1.149976
1988.916667	-0.912810
1989.000000	-0.905088
1989.083333	-0.590508
1989.166667	-0.104482
1989.250000	-0.135823
1989.333333	0.106216
1989.416667	-0.218928
1989.500000	-0.172477
1989.583333	-0.185863
1989.666667	0.325266
1989.750000	-0.045960
1989.833333	-0.675683
1989.916667	-0.556390
1990.000000	-0.326909
1990.083333	-0.297826
1990.166667	-0.138056
1990.250000	-0.413807
1990.333333	-0.389147
1990.416667	-0.336455
1990.500000	-0.096769
1990.583333	-0.458412
1990.666667	-0.193372
1990.750000	0.061471
1990.833333	0.015380
1990.916667	0.335600
1991.000000	0.045977
1991.083333	-0.257603
1991.166667	-0.174548
1991.250000	-0.592496
1991.333333	-0.740012
1991.416667	-0.250222
1991.500000	0.102552
1991.583333	0.067793
1991.666667	-0.096068
1991.750000	0.796153
1991.833333	-0.292150
1991.916667	-0.634845
1992.000000	-0.515887
1992.083333	-0.838924
1992.166667	-0.826177
1992.250000	-1.356911
1992.333333	-1.131937
1992.416667	-0.523420
1992.500000	-0.500886
1992.583333	0.035092
1992.666667	0.033544
1992.750000	-0.222077
1992.833333	-0.735382
1992.916667	-0.826853
1993.000000	-0.842287
1993.083333	-0.880328
1993.166667	-0.827749
1993.250000	-1.077925
1993.333333	-0.553847
1993.416667	0.151414
1993.500000	-0.478934
1993.583333	-0.268836
1993.666667	-0.040792
1993.750000	0.143455
1993.833333	-0.845355
1993.916667	-1.081414
1994.000000	-0.266144
1994.083333	-0.275044
1994.166667	-0.148984
1994.250000	-0.320967
1994.333333	-0.000842
1994.416667	0.183616
1994.500000	-0.062082
1994.583333	0.036653
1994.666667	0.855515
1994.750000	1.162140
1994.833333	-0.443372
1994.916667	-0.846269
1995.000000	-0.487513
1995.083333	0.011589
1995.166667	0.181866
1995.250000	-0.766916
1995.333333	-0.307323
1995.416667	0.707920
1995.500000	0.270998
1995.583333	-0.044728
1995.666667	0.122695
1995.750000	-0.255107
1995.833333	-1.035890
1995.916667	-0.896740
1996.000000	-0.332266
1996.083333	0.091869
1996.166667	-0.265738
1996.250000	-0.966505
1996.333333	0.295702
1996.416667	0.056067
1996.500000	0.172061
1996.583333	-0.068231
1996.666667	-0.027018
1996.750000	-0.191648
1996.833333	-0.344220
1996.916667	0.137344
1997.000000	0.247916
1997.083333	-0.084060
1997.166667	-0.366055
1997.250000	-1.421539
1997.333333	-0.415502
1997.416667	0.142438
1997.500000	0.277370
1997.583333	-0.352453
1997.666667	-0.386799
1997.750000	-0.178935
1997.833333	-0.703348
1997.916667	-0.259370
1998.000000	-0.168179
1998.083333	-0.139823
1998.166667	-0.318828
1998.250000	-0.585426
1998.333333	-0.372176
1998.416667	0.456986
1998.500000	0.241779
1998.583333	0.367990
1998.666667	0.250428
1998.750000	0.159155
1998.833333	0.037578
1998.916667	-0.081828
1999.000000	0.315122
1999.083333	0.357879
1999.166667	0.227675
1999.250000	-0.201106
1999.333333	-0.011485
1999.416667	0.825712
1999.500000	0.902851
1999.583333	0.782941
1999.666667	0.533324
1999.750000	0.725150
1999.833333	-0.150479
1999.916667	-0.106672
2000.000000	-0.133685
2000.083333	-0.228092
2000.166667	-0.304732
2000.250000	-0.270416
2000.333333	0.141183
2000.416667	0.383920
2000.500000	0.480737
2000.583333	0.361499
2000.666667	0.250155
2000.750000	0.142030
2000.833333	0.092107
2000.916667	0.585092
2001.000000	0.676842
2001.083333	0.282336
2001.166667	0.577993
2001.250000	-0.081783
2001.333333	0.132902
2001.416667	0.011149
2001.500000	0.850506
2001.583333	0.846765
2001.666667	0.736095
2001.750000	0.787931
2001.833333	-0.185159
2001.916667	-0.499589
2002.000000	-0.375896
2002.083333	-0.139063
2002.166667	-0.020968
2002.250000	-0.769424
2002.333333	0.123749
2002.416667	0.307932
2002.500000	0.903448
2002.583333	0.233147
2002.666667	0.605747
2002.750000	0.586206
2002.833333	0.056598
2002.916667	-0.066309
2003.000000	0.122391
2003.083333	-0.034292
2003.166667	-0.275543
2003.250000	-1.142264
2003.333333	0.232783
2003.416667	0.617254
2003.500000	0.310206
2003.583333	0.313803
2003.666667	0.350625
2003.750000	0.303939
2003.833333	-0.252097
2003.916667	-0.010713
2004.000000	-0.178729
2004.083333	-0.188712
2004.166667	-0.368446
2004.250000	-0.741943
2004.333333	-0.540399
2004.416667	-0.255915
2004.500000	0.108806
2004.583333	0.195022
2004.666667	0.416160
2004.750000	0.498135
2004.833333	0.375952
2004.916667	-0.061854
2005.000000	-0.102707
2005.083333	-0.459997
2005.166667	-0.409239
2005.250000	-0.510186
2005.333333	0.126668
2005.416667	0.568788
2005.500000	0.619419
2005.583333	0.522562
2005.666667	0.706308
2005.750000	0.212106
2005.833333	-0.616869
2005.916667	-0.127566
2006.000000	-0.407284
2006.083333	-0.769138
2006.166667	-0.506976
2006.250000	-0.446916
2006.333333	-0.064867
2006.416667	0.590975
2006.500000	0.425015
2006.583333	0.751525
2006.666667	0.508287
2006.750000	0.694429
2006.833333	-0.444621
2006.916667	-0.346199
2007.000000	-0.359762
2007.083333	-0.363804
2007.166667	-0.147035
2007.250000	-0.551842
2007.333333	0.329886
2007.416667	0.971608
2007.500000	0.889690
2007.583333	0.794178
2007.666667	0.923548
2007.750000	0.736560
2007.833333	-0.334164
2007.916667	-0.300937
2008.000000	-0.301091
2008.083333	-0.354905
2008.166667	-0.040499
2008.250000	-0.164953
2008.333333	0.046137
2008.416667	0.611593
2008.500000	0.591268
2008.583333	0.503990
2008.666667	0.808474
2008.750000	0.282795
2008.833333	0.085427
2008.916667	0.128535
2009.000000	0.143203
2009.083333	0.232459
2009.166667	-0.446367
2009.250000	-0.612863
2009.333333	-0.210263
2009.416667	0.592640
2009.500000	0.543617
2009.583333	0.092393
2009.666667	0.320669
2009.750000	0.635362
2009.833333	0.012452
2009.916667	0.169869
2010.000000	0.333126
2010.083333	0.444130
2010.166667	0.383282
2010.250000	-0.156150
2010.333333	0.548171
2010.416667	0.983726
2010.500000	1.019510
2010.583333	1.252609
2010.666667	0.801957
2010.750000	0.433970
2010.833333	0.470812
2010.916667	0.727580
2011.000000	0.412107
2011.083333	-0.209795
2011.166667	-0.044145
2011.250000	-0.810040
2011.333333	-0.288073
2011.416667	0.659591
2011.500000	0.645211
2011.583333	0.334345
2011.666667	0.720789
2011.750000	0.094116
2011.833333	-1.032162
2011.916667	-0.744864
2012.000000	-0.498593
2012.083333	-0.577831
2012.166667	-0.720708
2012.250000	-0.500590
2012.333333	0.818538
2012.416667	1.112584
2012.500000	1.121200
2012.583333	0.879049
2012.666667	0.773257
2012.750000	1.416125
2012.833333	0.853596
2012.916667	0.360904
2013.000000	0.431069
2013.083333	0.185196
2013.166667	0.412401
2013.250000	-0.195610
2013.333333	1.020293
2013.416667	0.947134
2013.500000	0.574132
2013.583333	0.386684
2013.666667	0.437535
2013.750000	-0.392514
2013.833333	-0.071946
2013.916667	-0.163872
2014.000000	0.067097
2014.083333	0.225456
2014.166667	0.312991
2014.250000	-0.016568
2014.333333	0.361609
2014.416667	0.435223
2014.500000	0.372777
2014.583333	0.475026
2014.666667	0.631405
2014.750000	0.479102
2014.833333	-0.128438
2014.916667	0.084599
2015.000000	-0.127122
2015.083333	-0.034616
2015.166667	-0.041383
2015.250000	-0.840027
2015.333333	-0.061806
2015.416667	0.250736
2015.500000	0.190171
2015.583333	0.587577
2015.666667	1.161903
2015.750000	0.888540
2015.833333	-0.036421
2015.916667	-0.086995
2016.000000	-0.164277
2016.083333	-0.096500
2016.166667	0.348786
2016.250000	0.315041
2016.333333	0.443652
2016.416667	0.737614
2016.500000	0.861349
2016.583333	0.600243
2016.666667	0.689887
2016.750000	0.207893
2016.833333	-0.226806
2016.916667	-0.449401
2017.000000	-0.325013
2017.083333	-0.511787
2017.166667	-0.124050
2017.250000	-0.284138
2017.333333	0.042899
2017.416667	0.564102
2017.500000	0.774787
2017.583333	0.941449
2017.666667	1.075198
2017.750000	0.370761
2017.833333	-0.008890
2017.916667	0.326771
2018.000000	0.389895
2018.083333	0.240707
2018.166667	0.341342
2018.250000	0.347506
2018.333333	1.064202
2018.416667	1.433531
2018.500000	0.912016
2018.583333	0.688331
2018.666667	0.920809
2018.750000	0.835587
2018.833333	0.262103
2018.916667	0.122539
2019.000000	0.100376
2019.083333	0.085117
2019.166667	0.306953
2019.250000	-0.331000
2019.333333	-0.036811
2019.416667	1.213630
2019.500000	0.725739
2019.583333	0.439156
2019.666667	0.729995
2019.750000	1.094796
2019.833333	0.664028
2019.916667	0.475001
2020.000000	0.421562
2020.083333	0.162888
2020.166667	0.450015
2020.250000	-0.211782
2020.333333	0.088256
2020.416667	0.369633
2020.500000	0.538193
2020.583333	0.330373
2020.666667	1.272816
2020.750000	1.759365
2020.833333	0.963353
2020.916667	0.444972
2021.000000	0.647859
2021.083333	0.275764
2021.166667	0.207665
2021.250000	-0.429646
2021.333333	0.282905
2021.416667	0.410318
2021.500000	1.006264
2021.583333	0.892343
2021.666667	0.561388
2021.750000	0.253880
2021.833333	0.247755
2021.916667	0.345666
2022.000000	0.185446
2022.083333	-0.194413
2022.166667	-0.439048
2022.250000	-0.602785
2022.333333	-0.101024
2022.416667	0.868558
2022.500000	0.647042
2022.583333	0.915278
2022.666667	0.868513
2022.750000	0.755893
2022.833333	0.247248
2022.916667	0.359012
2023.000000	0.558206