1950.000000	-0.001038
1950.083333	-0.186047
1950.166667	-0.374789
1950.250000	-0.387630
1950.333333	-0.427880
1950.416667	-0.374823
1950.500000	-0.019917
1950.583333	0.252619
1950.666667	-0.102575
1950.750000	-0.009960
1950.833333	0.280479
1950.916667	0.177125
1951.000000	-0.035584
1951.083333	0.368489
1951.166667	-0.020814
1951.250000	0.310639
1951.333333	-0.060916
1951.416667	0.034170
1951.500000	-0.202845
1951.583333	-0.477227
1951.666667	-0.917514
1951.750000	-0.422166
1951.833333	-0.255311
1951.916667	-0.115320
1952.000000	0.395147
1952.083333	0.121051
1952.166667	0.013989
1952.250000	0.435879
1952.333333	0.333407
1952.416667	0.337421
1952.500000	0.380990
1952.583333	0.333263
1952.666667	0.604998
1952.750000	0.318175
1952.833333	0.808390
1952.916667	0.693436
1953.000000	0.439488
1953.083333	0.633278
1953.166667	0.380493
1953.250000	0.458920
1953.333333	0.317926
1953.416667	-0.153415
1953.500000	-0.075930
1953.583333	-0.169648
1953.666667	-0.461075
1953.750000	-0.394569
1953.833333	-0.156968
1953.916667	0.168009
1954.000000	0.365165
1954.083333	0.112500
1954.166667	0.069390
1954.250000	-0.071582
1954.333333	-0.011286
1954.416667	-0.052358
1954.500000	-0.489447
1954.583333	0.183013
1954.666667	0.143190
1954.750000	0.294263
1954.833333	-0.434840
1954.916667	-0.082626
1955.000000	-0.183030
1955.083333	-0.363608
1955.166667	-0.130823
1955.250000	-0.434286
1955.333333	-0.178996
1955.416667	0.263044
1955.500000	0.049153
1955.583333	0.256481
1955.666667	0.162556
1955.750000	0.320637
1955.833333	0.049568
1955.916667	0.052639
1956.000000	-0.605912
1956.083333	-0.181214
1956.166667	-0.210700
1956.250000	-0.521202
1956.333333	-0.075125
1956.416667	0.067205
1956.500000	-0.342423
1956.583333	0.040608
1956.666667	0.148791
1956.750000	0.327669
1956.833333	0.590266
1956.916667	0.368339
1957.000000	0.177004
1957.083333	-0.326969
1957.166667	-0.385857
1957.250000	-0.089078
1957.333333	0.213264
1957.416667	0.191913
1957.500000	-0.023038
1957.583333	0.202956
1957.666667	-0.227008
1957.750000	-0.248348
1957.833333	-0.323843
1957.916667	-0.212158
1958.000000	-0.467410
1958.083333	-0.311173
1958.166667	-0.152955
1958.250000	-0.165924
1958.333333	0.055222
1958.416667	0.056831
1958.500000	0.067310
1958.583333	0.102170
1958.666667	-0.283739
1958.750000	-0.028053
1958.833333	-0.266959
1958.916667	-0.328970
1959.000000	-0.306767
1959.083333	-0.391311
1959.166667	-0.100058
1959.250000	0.468488
1959.333333	0.655417
1959.416667	0.202154
1959.500000	0.304981
1959.583333	0.093045
1959.666667	0.107578
1959.750000	0.278714
1959.833333	-0.027391
1959.916667	-0.007459
1960.000000	0.019663
1960.083333	-0.032266
1960.166667	-0.054417
1960.250000	0.005069
1960.333333	0.217400
1960.416667	0.187019
1960.500000	0.243735
1960.583333	0.474826
1960.666667	0.564034
1960.750000	-0.039586
1960.833333	0.256333
1960.916667	0.414861
1961.000000	0.193358
1961.083333	0.628898
1961.166667	0.049608
1961.250000	0.347874
1961.333333	0.237964
1961.416667	0.211038
1961.500000	0.263623
1961.583333	0.326216
1961.666667	0.216011
1961.750000	-0.452606
1961.833333	-0.329080
1961.916667	-0.294684
1962.000000	-0.397255
1962.083333	-0.437341
1962.166667	-0.123552
1962.250000	-0.009394
1962.333333	-0.162779
1962.416667	-0.112378
1962.500000	-0.062547
1962.583333	-0.115255
1962.666667	-0.164901
1962.750000	-0.153225
1962.833333	0.006853
1962.916667	-0.356909
1963.000000	-0.302637
1963.083333	0.037051
1963.166667	-0.137313
1963.250000	-0.043428
1963.333333	0.044156
1963.416667	0.131882
1963.500000	0.199692
1963.583333	-0.077474
1963.666667	-0.200447
1963.750000	-0.479093
1963.833333	-0.240766
1963.916667	-0.109771
1964.000000	0.143746
1964.083333	0.004649
1964.166667	-0.192278
1964.250000	-0.036909
1964.333333	-0.042307
1964.416667	0.113574
1964.500000	0.094412
1964.583333	0.206705
1964.666667	0.222339
1964.750000	0.523271
1964.833333	-0.047422
1964.916667	-0.657912
1965.000000	-0.521525
1965.083333	-0.298784
1965.166667	-0.099751
1965.250000	-0.278767
1965.333333	-0.176427
1965.416667	-0.350756
1965.500000	-0.362233
1965.583333	-0.495964
1965.666667	-0.573229
1965.750000	-0.349008
1965.833333	-0.390413
1965.916667	-0.369718
1966.000000	-0.195672
1966.083333	-0.518247
1966.166667	0.097513
1966.250000	0.095335
1966.333333	-0.036345
1966.416667	-0.260024
1966.500000	-0.042183
1966.583333	-0.107926
1966.666667	0.183766
1966.750000	-0.227995
1966.833333	-0.446707
1966.916667	-0.441011
1967.000000	-0.000173
1967.083333	0.263888
1967.166667	0.229432
1967.250000	-0.260165
1967.333333	-0.415072
1967.416667	-0.157918
1967.500000	-0.101386
1967.583333	-0.379355
1967.666667	0.200822
1967.750000	-0.054067
1967.833333	0.160272
1967.916667	0.178438
1968.000000	0.100647
1968.083333	0.072140
1968.166667	-0.205513
1968.250000	-0.126664
1968.333333	0.067630
1968.416667	0.454459
1968.500000	0.436418
1968.583333	0.434448
1968.666667	0.458493
1968.750000	0.177113
1968.833333	0.315058
1968.916667	0.347057
1969.000000	0.287106
1969.083333	0.454736
1969.166667	0.330232
1969.250000	0.218757
1969.333333	-0.145735
1969.416667	0.116029
1969.500000	0.076313
1969.583333	-0.285081
1969.666667	0.171996
1969.750000	0.064363
1969.833333	-0.291891
1969.916667	0.015280
1970.000000	0.481790
1970.083333	0.498337
1970.166667	-0.014345
1970.250000	0.130601
1970.333333	0.622794
1970.416667	0.125108
1970.500000	0.388570
1970.583333	0.131003
1970.666667	-0.016485
1970.750000	-0.017174
1970.833333	0.080117
1970.916667	-0.244915
1971.000000	-0.251235
1971.083333	-0.492182
1971.166667	0.092237
1971.250000	0.227331
1971.333333	0.410211
1971.416667	-0.029116
1971.500000	0.179611
1971.583333	0.026632
1971.666667	0.444530
1971.750000	0.232166
1971.833333	0.655176
1971.916667	0.340034
1972.000000	-0.056456
1972.083333	0.038855
1972.166667	-0.070338
1972.250000	0.274766
1972.333333	0.335048
1972.416667	-0.087856
1972.500000	0.157129
1972.583333	0.151873
1972.666667	0.032125
1972.750000	0.046155
1972.833333	-0.158428
1972.916667	0.164134
1973.000000	0.244683
1973.083333	0.743637
1973.166667	0.709899
1973.250000	0.449383
1973.333333	0.066937
1973.416667	0.153495
1973.500000	0.466954
1973.583333	0.638384
1973.666667	0.552801
1973.750000	0.396702
1973.833333	0.619780
1973.916667	0.830656
1974.000000	0.462844
1974.083333	0.353932
1974.166667	-0.003249
1974.250000	-0.280246
1974.333333	-0.552647
1974.416667	-0.496723
1974.500000	-0.445143
1974.583333	0.270077
1974.666667	0.256642
1974.750000	0.763656
1974.833333	0.740035
1974.916667	0.566378
1975.000000	0.315522
1975.083333	-0.069954
1975.166667	-0.148725
1975.250000	-0.014976
1975.333333	0.097348
1975.416667	-0.017648
1975.500000	0.039338
1975.583333	0.198961
1975.666667	0.277602
1975.750000	0.508535
1975.833333	0.361112
1975.916667	0.498323
1976.000000	0.294875
1976.083333	0.260370
1976.166667	0.133787
1976.250000	0.270088
1976.333333	-0.175988
1976.416667	-0.261626
1976.500000	-0.225711
1976.583333	-0.230581
1976.666667	-0.430551
1976.750000	-0.103746
1976.833333	0.462217
1976.916667	-0.094337
1977.000000	0.229128
1977.083333	0.077352
1977.166667	0.084649
1977.250000	-0.146344
1977.333333	0.128775
1977.416667	-0.390636
1977.500000	-0.466544
1977.583333	-0.674896
1977.666667	-0.732060
1977.750000	-0.612035
1977.833333	-0.614939
1977.916667	-0.437689
1978.000000	-0.607923
1978.083333	-0.553195
1978.166667	-0.486510
1978.250000	-0.497730
1978.333333	-0.260144
1978.416667	0.019555
1978.500000	-0.025508
1978.583333	0.102185
1978.666667	0.000355
1978.750000	-0.643737
1978.833333	-0.633221
1978.916667	-0.148999
1979.000000	-0.525114
1979.083333	-0.423197
1979.166667	0.125086
1979.250000	-0.151408
1979.333333	-0.167022
1979.416667	-0.214358
1979.500000	-0.432508
1979.583333	-0.479188
1979.666667	-0.501322
1979.750000	-0.228239
1979.833333	-0.283134
1979.916667	-0.355921
1980.000000	0.122884
1980.083333	0.347422
1980.166667	0.735373
1980.250000	0.110597
1980.333333	-0.550227
1980.416667	-0.570115
1980.500000	-0.608126
1980.583333	-0.799393
1980.666667	-0.121764
1980.750000	-0.279077
1980.833333	0.081435
1980.916667	-0.109402
1981.000000	-0.239263
1981.083333	-0.231201
1981.166667	-0.258844
1981.250000	-0.347668
1981.333333	-0.796710
1981.416667	-0.433436
1981.500000	-0.682207
1981.583333	-0.322293
1981.666667	-0.139776
1981.750000	-0.437468
1981.833333	0.019829
1981.916667	0.286723
1982.000000	0.292081
1982.083333	0.097358
1982.166667	-0.104184
1982.250000	0.044436
1982.333333	-0.137842
1982.416667	-0.044292
1982.500000	-0.173015
1982.583333	-0.194942
1982.666667	-0.633914
1982.750000	-0.490212
1982.833333	-0.662821
1982.916667	-0.743244
1983.000000	-0.532809
1983.083333	-0.313672
1983.166667	-0.485299
1983.250000	-0.712825
1983.333333	-0.697350
1983.416667	-0.742207
1983.500000	-0.795310
1983.583333	-0.788770
1983.666667	-0.570474
1983.750000	-0.290500
1983.833333	0.071166
1983.916667	-0.134382
1984.000000	0.029508
1984.083333	0.401226
1984.166667	0.067357
1984.250000	0.185154
1984.333333	0.213374
1984.416667	-0.142777
1984.500000	-0.248123
1984.583333	-0.083881
1984.666667	-0.022265
1984.750000	-0.363997
1984.833333	-0.450587
1984.916667	-0.085451
1985.000000	-0.177438
1985.083333	0.233495
1985.166667	0.120079
1985.250000	-0.210209
1985.333333	-0.186693
1985.416667	-0.485456
1985.500000	-0.413058
1985.583333	-0.159469
1985.666667	-0.449541
1985.750000	-0.193190
1985.833333	-0.165026
1985.916667	-0.169048
1986.000000	-0.342967
1986.083333	-0.227712
1986.166667	-0.030532
1986.250000	-0.334893
1986.333333	-0.670174
1986.416667	-0.479870
1986.500000	-0.481640
1986.583333	-0.676813
1986.666667	-0.524330
1986.750000	-0.256421
1986.833333	-0.150424
1986.916667	-0.375620
1987.000000	-0.349790
1987.083333	-0.063270
1987.166667	-0.265587
1987.250000	-0.417344
1987.333333	-0.743103
1987.416667	-0.844223
1987.500000	-0.691730
1987.583333	-0.697484
1987.666667	-0.673640
1987.750000	-0.789128
1987.833333	-0.199803
1987.916667	0.081597
1988.000000	0.205946
1988.083333	0.706410
1988.166667	0.387119
1988.250000	0.237175
1988.333333	0.233926
1988.416667	0.277106
1988.500000	-0.032521
1988.583333	0.015062
1988.666667	0.113722
1988.750000	0.311542
1988.833333	0.044820
1988.916667	-0.061881
1989.000000	-0.270031
1989.083333	-0.363424
1989.166667	-0.273932
1989.250000	-0.129277
1989.333333	-0.116209
1989.416667	-0.168523
1989.500000	-0.087799
1989.583333	0.054841
1989.666667	-0.007423
1989.750000	0.259766
1989.833333	0.101624
1989.916667	-0.297086
1990.000000	-0.134008
1990.083333	-0.484245
1990.166667	-0.395177
1990.250000	-0.546916
1990.333333	-0.062446
1990.416667	0.009148
1990.500000	-0.103555
1990.583333	0.099921
1990.666667	0.144309
1990.750000	0.100236
1990.833333	-0.158966
1990.916667	-0.166543
1991.000000	-0.150873
1991.083333	0.126644
1991.166667	0.260891
1991.250000	0.243357
1991.333333	0.201865
1991.416667	-0.021837
1991.500000	-0.008722
1991.583333	0.278154
1991.666667	0.116160
1991.750000	-0.105929
1991.833333	0.013615
1991.916667	-0.235023
1992.000000	-0.489755
1992.083333	-0.119438
1992.166667	-0.134959
1992.250000	-0.467587
1992.333333	-0.496346
1992.416667	-0.333594
1992.500000	-0.061435
1992.583333	0.120538
1992.666667	0.210081
1992.750000	0.214478
1992.833333	-0.179832
1992.916667	0.007326
1993.000000	-0.452434
1993.083333	-0.310872
1993.166667	-0.236228
1993.250000	-0.416675
1993.333333	-0.586994
1993.416667	-0.598389
1993.500000	-0.474242
1993.583333	-0.386362
1993.666667	-0.326477
1993.750000	-0.538787
1993.833333	0.025841
1993.916667	0.271295
1994.000000	0.095355
1994.083333	0.259942
1994.166667	0.176057
1994.250000	-0.371361
1994.333333	-0.557685
1994.416667	-0.864830
1994.500000	-0.629517
1994.583333	-0.372048
1994.666667	-0.516027
1994.750000	-0.271202
1994.833333	-0.195591
1994.916667	-0.421500
1995.000000	-0.683578
1995.083333	-0.128067
1995.166667	0.169180
1995.250000	-0.083764
1995.333333	-0.179752
1995.416667	-0.077474
1995.500000	0.260057
1995.583333	0.457090
1995.666667	0.177909
1995.750000	0.356295
1995.833333	0.564086
1995.916667	0.314501
1996.000000	-0.020324
1996.083333	0.150192
1996.166667	0.225855
1996.250000	0.208857
1996.333333	0.076406
1996.416667	-0.149860
1996.500000	0.124299
1996.583333	0.052974
1996.666667	0.012138
1996.750000	0.052002
1996.833333	0.295141
1996.916667	0.482928
1997.000000	0.062857
1997.083333	0.382128
1997.166667	0.310463
1997.250000	0.128704
1997.333333	-0.165943
1997.416667	-0.677404
1997.500000	-0.533073
1997.583333	-0.466330
1997.666667	-0.571843
1997.750000	-0.426225
1997.833333	-0.272289
1997.916667	-0.301350
1998.000000	-0.788543
1998.083333	-0.806872
1998.166667	-0.584814
1998.250000	-0.345887
1998.333333	-0.170961
1998.416667	-0.266149
1998.500000	-0.275835
1998.583333	-0.118648
1998.666667	-0.059317
1998.750000	0.229078
1998.833333	1.072861
1998.916667	0.963928
1999.000000	0.487645
1999.083333	0.230931
1999.166667	0.164637
1999.250000	0.454837
1999.333333	0.136189
1999.416667	0.057200
1999.500000	0.198171
1999.583333	0.293591
1999.666667	-0.000486
1999.750000	0.073601
1999.833333	0.145769
1999.916667	0.335313
2000.000000	0.226042
2000.083333	0.532279
2000.166667	0.661789
2000.250000	0.458477
2000.333333	0.228077
2000.416667	-0.082265
2000.500000	-0.025452
2000.583333	0.057459
2000.666667	0.194153
2000.750000	0.008563
2000.833333	0.405346
2000.916667	0.271871
2001.000000	0.397770
2001.083333	0.530559
2001.166667	-0.005632
2001.250000	-0.056529
2001.333333	-0.005977
2001.416667	-0.057732
2001.500000	0.129931
2001.583333	0.100816
2001.666667	-0.022802
2001.750000	0.096184
2001.833333	0.443172
2001.916667	0.148193
2002.000000	0.472965
2002.083333	0.815005
2002.166667	0.586758
2002.250000	0.437661
2002.333333	0.253134
2002.416667	0.263287
2002.500000	0.130122
2002.583333	0.190693
2002.666667	0.090399
2002.750000	-0.094502
2002.833333	0.119412
2002.916667	0.059737
2003.000000	0.384184
2003.083333	0.166126
2003.166667	0.234439
2003.250000	0.138937
2003.333333	0.243840
2003.416667	-0.016111
2003.500000	-0.028775
2003.583333	0.044090
2003.666667	0.290691
2003.750000	0.242618
2003.833333	0.218418
2003.916667	0.333661
2004.000000	0.142469
2004.083333	0.799354
2004.166667	0.506426
2004.250000	0.451186
2004.333333	0.544653
2004.416667	0.366902
2004.500000	0.261077
2004.583333	0.241926
2004.666667	0.220062
2004.750000	0.202612
2004.833333	0.160164
2004.916667	0.564089
2005.000000	0.594014
2005.083333	0.373677
2005.166667	0.172496
2005.250000	0.120077
2005.333333	-0.017913
2005.416667	-0.092117
2005.500000	-0.002960
2005.583333	0.298830
2005.666667	0.428429
2005.750000	0.741309
2005.833333	0.886257
2005.916667	0.726844
2006.000000	0.436628
2006.083333	0.336478
2006.166667	0.457863
2006.250000	0.563424
2006.333333	0.507968
2006.416667	0.123445
2006.500000	-0.022221
2006.583333	0.060770
2006.666667	-0.037739
2006.750000	-0.123210
2006.833333	-0.034548
2006.916667	-0.044920
2007.000000	-0.167559
2007.083333	0.032783
2007.166667	0.055220
2007.250000	0.356221
2007.333333	0.519832
2007.416667	0.455163
2007.500000	0.348831
2007.583333	0.630029
2007.666667	0.715569
2007.750000	0.836701
2007.833333	0.685610
2007.916667	0.101748
2008.000000	-0.261435
2008.083333	0.103125
2008.166667	0.313394
2008.250000	0.207572
2008.333333	0.212480
2008.416667	0.032384
2008.500000	-0.061531
2008.583333	0.100185
2008.666667	-0.081180
2008.750000	0.280778
2008.833333	0.669865
2008.916667	0.728796
2009.000000	0.594385
2009.083333	0.544007
2009.166667	0.667554
2009.250000	0.270456
2009.333333	0.243113
2009.416667	-0.164024
2009.500000	-0.148548
2009.583333	-0.045710
2009.666667	-0.140771
2009.750000	0.017416
2009.833333	-0.002752
2009.916667	-0.026535
2010.000000	0.046823
2010.083333	-0.254491
2010.166667	0.079732
2010.250000	0.195189
2010.333333	0.284737
2010.416667	0.460235
2010.500000	0.660266
2010.583333	0.831196
2010.666667	0.693412
2010.750000	0.760863
2010.833333	0.271529
2010.916667	0.211332
2011.000000	0.227106
2011.083333	0.204863
2011.166667	0.350565
2011.250000	0.184781
2011.333333	0.264897
2011.416667	0.290928
2011.500000	0.401221
2011.583333	0.347860
2011.666667	0.208009
2011.750000	0.363472
2011.833333	0.459649
2011.916667	0.351252
2012.000000	-0.045246
2012.083333	-0.147770
2012.166667	0.190045
2012.250000	0.124545
2012.333333	0.127120
2012.416667	-0.135052
2012.500000	-0.167385
2012.583333	0.129681
2012.666667	0.086823
2012.750000	0.336694
2012.833333	0.364204
2012.916667	0.114014
2013.000000	0.100922
2013.083333	-0.063089
2013.166667	0.184990
2013.250000	0.370148
2013.333333	0.534098
2013.416667	0.544079
2013.500000	0.450428
2013.583333	0.480117
2013.666667	0.493295
2013.750000	0.486847
2013.833333	0.491718
2013.916667	0.701092
2014.000000	0.494175
2014.083333	0.633547
2014.166667	0.302649
2014.250000	0.143247
2014.333333	0.133169
2014.416667	0.019000
2014.500000	-0.029616
2014.583333	0.008222
2014.666667	0.003683
2014.750000	0.147543
2014.833333	0.080412
2014.916667	-0.010287
2015.000000	-0.016668
2015.083333	0.273176
2015.166667	0.289345
2015.250000	-0.219685
2015.333333	-0.256285
2015.416667	-0.328971
2015.500000	-0.177580
2015.583333	-0.426864
2015.666667	-0.553545
2015.750000	-0.461505
2015.833333	-0.148329
2015.916667	-0.175328
2016.000000	-0.205860
2016.083333	0.131204
2016.166667	-0.197582
2016.250000	-0.131041
2016.333333	-0.032599
2016.416667	0.112400
2016.500000	0.297840
2016.583333	0.458794
2016.666667	0.557569
2016.750000	0.824083
2016.833333	0.867245
2016.916667	0.798177
2017.000000	0.896663
2017.083333	0.647302
2017.166667	0.582486
2017.250000	0.703285
2017.333333	0.403374
2017.416667	0.326992
2017.500000	0.250360
2017.583333	0.257999
2017.666667	0.243470
2017.750000	0.466433
2017.833333	0.268363
2017.916667	0.074699
2018.000000	0.142571
2018.083333	0.078764
2018.166667	0.309764
2018.250000	0.020961
2018.333333	0.207973
2018.416667	0.542270
2018.500000	0.282853
2018.583333	0.370120
2018.666667	0.332215
2018.750000	0.376280
2018.833333	0.592951
2018.916667	0.344260
2019.000000	0.316573
2019.083333	0.438053
2019.166667	0.301380
2019.250000	0.358888
2019.333333	0.190514
2019.416667	0.151058
2019.500000	0.519351
2019.583333	0.832067
2019.666667	0.419697
2019.750000	0.441098
2019.833333	0.212605
2019.916667	0.514900
2020.000000	-0.010059
2020.083333	0.332403
2020.166667	0.742448
2020.250000	0.639014
2020.333333	0.491651
2020.416667	0.380429
2020.500000	0.246098
2020.583333	0.584500
2020.666667	0.726886
2020.750000	0.388981
2020.833333	0.506728
2020.916667	0.514876
2021.000000	0.713967
2021.083333	0.483048
2021.166667	0.247946
2021.250000	0.428783
2021.333333	0.310798
2021.416667	0.291287
2021.500000	0.448957
2021.583333	0.450578
2021.666667	0.661791
2021.750000	0.592733
2021.833333	1.140958
2021.916667	0.733743
2022.000000	0.461554
2022.083333	0.547600
2022.166667	0.498362
2022.250000	0.476437
2022.333333	0.370240
2022.416667	0.484407
2022.500000	0.482271
2022.583333	0.565925
2022.666667	0.625488
2022.750000	0.774950
2022.833333	0.690876
2022.916667	0.733668
2023.000000	0.382975
