1880.000000	1.120200
1880.083333	1.664175
1880.166667	1.436818
1880.250000	0.804496
1880.333333	0.579151
1880.416667	0.732042
1880.500000	0.727691
1880.583333	0.344505
1880.666667	-0.109570
1880.750000	-0.430541
1880.833333	-0.593378
1880.916667	-0.761507
1881.000000	-1.031114
1881.083333	-1.209050
1881.166667	-1.195864
1881.250000	-0.934497
1881.333333	-0.742611
1881.416667	-0.775092
1881.500000	-0.582596
1881.583333	-0.485434
1881.666667	-1.171849
1881.750000	-2.179183
1881.833333	-2.554375
1881.916667	-2.182655
1882.000000	-1.917752
1882.083333	-2.039466
1882.166667	-2.203187
1882.250000	-2.191757
1882.333333	-2.010214
1882.416667	-1.767504
1882.500000	-1.518891
1882.583333	-1.360648
1882.666667	-1.097905
1882.750000	-0.760000
1882.833333	-0.794760
1882.916667	-1.169159
1883.000000	-1.491501
1883.083333	-1.475983
1883.166667	-0.945069
1883.250000	-0.251252
1883.333333	-0.073925
1883.416667	-0.434683
1883.500000	-0.814345
1883.583333	-0.918310
1883.666667	-1.097815
1883.750000	-1.304398
1883.833333	-1.580426
1883.916667	-1.910996
1884.000000	-1.864906
1884.083333	-1.676421
1884.166667	-1.805966
1884.250000	-1.790465
1884.333333	-1.310279
1884.416667	-0.966688
1884.500000	-1.008243
1884.583333	-1.007331
1884.666667	-1.046910
1884.750000	-1.245249
1884.833333	-1.600338
1884.916667	-1.973109
1885.000000	-2.081115
1885.083333	-1.982680
1885.166667	-1.597761
1885.250000	-0.868131
1885.333333	-0.278401
1885.416667	-0.038114
1885.500000	0.239639
1885.583333	0.372085
1885.666667	0.199600
1885.750000	0.324192
1885.833333	0.553464
1885.916667	0.419927
1886.000000	0.087144
1886.083333	-0.221468
1886.166667	-0.178564
1886.250000	0.064240
1886.333333	0.076750
1886.416667	0.140081
1886.500000	0.372594
1886.583333	0.429549
1886.666667	0.343449
1886.750000	0.250912
1886.833333	0.170211
1886.916667	-0.496813
1887.000000	-1.263746
1887.083333	-1.020713
1887.166667	-0.145528
1887.250000	0.524124
1887.333333	0.713255
1887.416667	0.480904
1887.500000	0.089949
1887.583333	-0.167569
1887.666667	-0.171476
1887.750000	-0.028399
1887.833333	0.160925
1887.916667	-0.102956
1888.000000	-0.390984
1888.083333	-0.087872
1888.166667	0.144372
1888.250000	0.046705
1888.333333	0.220374
1888.416667	0.395658
1888.500000	-0.193007
1888.583333	-0.755545
1888.666667	-0.370803
1888.750000	0.117512
1888.833333	0.486815
1888.916667	0.959969
1889.000000	1.034809
1889.083333	0.763716
1889.166667	0.630258
1889.250000	0.559240
1889.333333	0.431294
1889.416667	0.098403
1889.500000	-0.271783
1889.583333	-0.478132
1889.666667	-0.680397
1889.750000	-1.009949
1889.833333	-1.348144
1889.916667	-1.449954
1890.000000	-1.589939
1890.083333	-2.080555
1890.166667	-2.279240
1890.250000	-1.769264
1890.333333	-1.312678
1890.416667	-1.464641
1890.500000	-2.068188
1890.583333	-2.657724
1890.666667	-2.672227
1890.750000	-2.141460
1890.833333	-1.191429
1890.916667	-0.385759
1891.000000	0.312065
1891.083333	1.089297
1891.166667	1.301965
1891.250000	1.252553
1891.333333	1.455938
1891.416667	1.442068
1891.500000	0.836201
1891.583333	0.038085
1891.666667	-0.477899
1891.750000	-0.646775
1891.833333	-0.536289
1891.916667	-0.714447
1892.000000	-1.211451
1892.083333	-1.281998
1892.166667	-0.975000
1892.250000	-0.858763
1892.333333	-0.637684
1892.416667	-0.192559
1892.500000	0.190490
1892.583333	0.520212
1892.666667	0.757023
1892.750000	1.094039
1892.833333	0.960155
1892.916667	0.119919
1893.000000	-0.524503
1893.083333	-0.941778
1893.166667	-1.413671
1893.250000	-1.482776
1893.333333	-1.257000
1893.416667	-1.440333
1893.500000	-1.414593
1893.583333	-0.659692
1893.666667	-0.008186
1893.750000	-0.059163
1893.833333	-0.396188
1893.916667	-0.659328
1894.000000	-0.676203
1894.083333	-0.462661
1894.166667	-0.306387
1894.250000	-0.232305
1894.333333	-0.009200
1894.416667	0.103944
1894.500000	-0.253000
1894.583333	-0.794373
1894.666667	-1.063466
1894.750000	-1.072174
1894.833333	-1.389646
1894.916667	-1.780115
1895.000000	-1.618625
1895.083333	-1.297768
1895.166667	-1.102048
1895.250000	-1.218975
1895.333333	-1.641849
1895.416667	-1.659006
1895.500000	-1.116312
1895.583333	-0.489481
1895.666667	-0.186794
1895.750000	-0.210038
1895.833333	0.300441
1895.916667	1.464509
1896.000000	1.963412
1896.083333	1.688650
1896.166667	1.305780
1896.250000	1.188652
1896.333333	1.336936
1896.416667	1.542115
1896.500000	1.846834
1896.583333	2.020344
1896.666667	1.739889
1896.750000	1.276619
1896.833333	0.614796
1896.916667	0.123388
1897.000000	0.181509
1897.083333	0.734679
1897.166667	1.143686
1897.250000	1.154075
1897.333333	1.260839
1897.416667	1.326208
1897.500000	1.500846
1897.583333	1.716124
1897.666667	1.188761
1897.750000	0.000000
1897.833333	-0.557390
1897.916667	-0.423382
1898.000000	-0.260112
1898.083333	0.013624
1898.166667	0.563686
1898.250000	0.795576
1898.333333	0.549960
1898.416667	0.361817
1898.500000	0.310674
1898.583333	0.325991
1898.666667	0.818828
1898.750000	1.634703
1898.833333	2.029838
1898.916667	1.956741
1899.000000	1.731440
1899.083333	1.255267
1899.166667	0.526790
1899.250000	0.178308
1899.333333	0.125179
1899.416667	-0.258434
1899.500000	-0.650416
1899.583333	-0.468667
1899.666667	-0.232952
1899.750000	0.030403
1899.833333	0.881928
1899.916667	1.349074
1900.000000	0.798428
1900.083333	0.376283
1900.166667	0.395948
1900.250000	0.208691
1900.333333	-0.338164
1900.416667	-0.922981
1900.500000	-1.028708
1900.583333	-0.738356
1900.666667	-0.430126
1900.750000	-0.301933
1900.833333	-0.484525
1900.916667	-0.396696
1901.000000	0.022153
1901.083333	-0.020078
1901.166667	-0.428436
1901.250000	-0.522870
1901.333333	-0.439629
1901.416667	-0.502050
1901.500000	-0.655719
1901.583333	-0.809584
1901.666667	-0.800695
1901.750000	-0.356302
1901.833333	0.099644
1901.916667	0.178824
1902.000000	-0.066521
1902.083333	-0.498674
1902.166667	-0.676325
1902.250000	-0.465842
1902.333333	-0.541967
1902.416667	-1.002139
1902.500000	-1.208981
1902.583333	-1.041676
1902.666667	-0.931124
1902.750000	-1.229794
1902.833333	-1.659764
1902.916667	-1.854232
1903.000000	-1.788485
1903.083333	-1.417722
1903.166667	-0.927182
1903.250000	-0.603902
1903.333333	-0.691895
1903.416667	-1.170131
1903.500000	-1.681499
1903.583333	-1.782501
1903.666667	-1.343312
1903.750000	-0.823232
1903.833333	-0.679387
1903.916667	-1.304534
1904.000000	-2.335448
1904.083333	-2.839362
1904.166667	-3.380701
1904.250000	-3.403397
1904.333333	-3.239523
1904.416667	-2.926411
1904.500000	-2.682025
1904.583333	-2.136532
1904.666667	-1.575887
1904.750000	-1.177208
1904.833333	-1.043375
1904.916667	-1.027209
1905.000000	-0.881977
1905.083333	-0.955095
1905.166667	-1.099828
1905.250000	-1.256091
1905.333333	-1.598608
1905.416667	-1.733676
1905.500000	-1.518680
1905.583333	-1.443789
1905.666667	-1.905023
1905.750000	-2.469021
1905.833333	-2.452898
1905.916667	-1.907455
1906.000000	-1.111163
1906.083333	-0.263527
1906.166667	0.116702
1906.250000	-0.198079
1906.333333	-0.805575
1906.416667	-1.171188
1906.500000	-1.302682
1906.583333	-1.503254
1906.666667	-1.445398
1906.750000	-0.849130
1906.833333	-0.020223
1906.916667	0.211428
1907.000000	-0.233360
1907.083333	-0.442337
1907.166667	-0.386803
1907.250000	-0.716629
1907.333333	-1.202155
1907.416667	-1.127289
1907.500000	-0.825815
1907.583333	-1.029309
1907.666667	-1.311524
1907.750000	-1.245038
1907.833333	-1.091100
1907.916667	-1.233106
1908.000000	-1.700019
1908.083333	-1.833954
1908.166667	-1.647739
1908.250000	-1.713195
1908.333333	-1.532748
1908.416667	-0.530815
1908.500000	0.206589
1908.583333	0.294107
1908.666667	0.397431
1908.750000	0.500249
1908.833333	0.429308
1908.916667	0.291296
1909.000000	0.131891
1909.083333	-0.043868
1909.166667	-0.069509
1909.250000	0.327595
1909.333333	0.759334
1909.416667	0.885069
1909.500000	0.794452
1909.583333	0.393541
1909.666667	-0.106218
1909.750000	-0.113355
1909.833333	0.433629
1909.916667	1.039744
1910.000000	1.252942
1910.083333	1.314698
1910.166667	1.377320
1910.250000	1.200637
1910.333333	0.837169
1910.416667	0.714090
1910.500000	0.429763
1910.583333	0.194810
1910.666667	0.320722
1910.750000	0.220997
1910.833333	-0.154020
1910.916667	-0.142036
1911.000000	0.210330
1911.083333	0.343974
1911.166667	0.292460
1911.250000	0.282382
1911.333333	0.174977
1911.416667	0.096778
1911.500000	0.352963
1911.583333	0.743252
1911.666667	0.766272
1911.750000	0.575112
1911.833333	0.500138
1911.916667	0.387853
1912.000000	0.304241
1912.083333	0.190815
1912.166667	0.168797
1912.250000	0.569816
1912.333333	0.643014
1912.416667	0.251758
1912.500000	0.217281
1912.583333	0.323173
1912.666667	0.765938
1912.750000	1.135697
1912.833333	0.453184
1912.916667	-0.314768
1913.000000	-0.561334
1913.083333	-0.397731
1913.166667	-0.152987
1913.250000	-0.342413
1913.333333	-0.876207
1913.416667	-1.190202
1913.500000	-1.040913
1913.583333	-0.851579
1913.666667	-1.071066
1913.750000	-1.521143
1913.833333	-1.806772
1913.916667	-1.480029
1914.000000	-0.847838
1914.083333	-0.627055
1914.166667	-0.485569
1914.250000	-0.190371
1914.333333	-0.154570
1914.416667	-0.231747
1914.500000	-0.150540
1914.583333	-0.219559
1914.666667	-0.306908
1914.750000	-0.107029
1914.833333	0.445651
1914.916667	0.891943
1915.000000	1.228971
1915.083333	1.804121
1915.166667	2.076380
1915.250000	1.757576
1915.333333	1.517282
1915.416667	1.079961
1915.500000	0.277691
1915.583333	-0.253671
1915.666667	-0.440023
1915.750000	-0.420569
1915.833333	-0.118879
1915.916667	0.098820
1916.000000	-0.062019
1916.083333	-0.455914
1916.166667	-0.830788
1916.250000	-0.959865
1916.333333	-0.946256
1916.416667	-1.057027
1916.500000	-1.338975
1916.583333	-1.617412
1916.666667	-1.441900
1916.750000	-1.465203
1916.833333	-1.822252
1916.916667	-1.905881
1917.000000	-1.834903
1917.083333	-1.684470
1917.166667	-1.248180
1917.250000	-0.875443
1917.333333	-0.857309
1917.416667	-0.736013
1917.500000	-0.454531
1917.583333	-0.445242
1917.666667	-0.448648
1917.750000	-0.248120
1917.833333	-0.043423
1917.916667	0.244391
1918.000000	0.570061
1918.083333	0.721595
1918.166667	0.571613
1918.250000	0.297204
1918.333333	-0.297380
1918.416667	-0.944276
1918.500000	-1.083590
1918.583333	-0.991638
1918.666667	-0.687143
1918.750000	-0.223511
1918.833333	-0.007999
1918.916667	0.276583
1919.000000	0.664672
1919.083333	0.643600
1919.166667	0.363551
1919.250000	0.480260
1919.333333	0.678174
1919.416667	0.565833
1919.500000	0.457274
1919.583333	0.524833
1919.666667	0.755271
1919.750000	0.773923
1919.833333	0.522989
1919.916667	0.620078
1920.000000	1.071189
1920.083333	1.171810
1920.166667	0.743542
1920.250000	0.286059
1920.333333	0.138166
1920.416667	0.208557
1920.500000	0.610376
1920.583333	1.231438
1920.666667	1.555389
1920.750000	1.815936
1920.833333	1.915069
1920.916667	1.838077
1921.000000	1.840581
1921.083333	2.050651
1921.166667	2.255650
1921.250000	2.183858
1921.333333	1.848552
1921.416667	1.335331
1921.500000	1.006860
1921.583333	1.354510
1921.666667	1.793364
1921.750000	1.689784
1921.833333	1.324102
1921.916667	0.908488
1922.000000	0.983141
1922.083333	0.977039
1922.166667	0.606704
1922.250000	0.588370
1922.333333	0.826266
1922.416667	0.821226
1922.500000	0.563085
1922.583333	0.347315
1922.666667	0.331256
1922.750000	0.634207
1922.833333	0.924734
1922.916667	1.144113
1923.000000	1.321515
1923.083333	1.125820
1923.166667	0.647638
1923.250000	0.351925
1923.333333	0.292866
1923.416667	0.428542
1923.500000	0.472747
1923.583333	0.274839
1923.666667	0.283804
1923.750000	0.682864
1923.833333	1.266218
1923.916667	1.736708
1924.000000	2.109782
1924.083333	2.231669
1924.166667	2.194622
1924.250000	2.092563
1924.333333	2.067039
1924.416667	2.096158
1924.500000	2.062344
1924.583333	2.033960
1924.666667	2.169961
1924.750000	2.316477
1924.833333	2.411382
1924.916667	2.418107
1925.000000	2.185076
1925.083333	2.190315
1925.166667	2.471966
1925.250000	2.575919
1925.333333	2.967963
1925.416667	3.142333
1925.500000	2.968963
1925.583333	2.781465
1925.666667	2.555877
1925.750000	2.792895
1925.833333	3.110557
1925.916667	3.271236
1926.000000	3.259293
1926.083333	3.319184
1926.166667	3.540387
1926.250000	3.171807
1926.333333	2.899940
1926.416667	2.490515
1926.500000	2.410655
1926.583333	2.538752
1926.666667	2.731578
1926.750000	2.443538
1926.833333	2.189126
1926.916667	1.872863
1927.000000	1.237061
1927.083333	0.298264
1927.166667	-0.342153
1927.250000	-0.527168
1927.333333	-0.638182
1927.416667	-0.814083
1927.500000	-1.250736
1927.583333	-1.617975
1927.666667	-1.642561
1927.750000	-1.962123
1927.833333	-2.388999
1927.916667	-2.449652
1928.000000	-1.958882
1928.083333	-0.796223
1928.166667	0.098385
1928.250000	0.182010
1928.333333	-0.200000
1928.416667	-0.477232
1928.500000	-0.277401
1928.583333	0.121274
1928.666667	0.717511
1928.750000	1.204287
1928.833333	0.921059
1928.916667	0.500920
1929.000000	0.481828
1929.083333	0.844746
1929.166667	1.204065
1929.250000	1.324434
1929.333333	1.099637
1929.416667	0.388673
1929.500000	0.298223
1929.583333	1.210850
1929.666667	2.004680
1929.750000	2.564179
1929.833333	2.957907
1929.916667	2.551574
1930.000000	2.156410
1930.083333	1.880499
1930.166667	1.846343
1930.250000	1.713557
1930.333333	1.492531
1930.416667	1.543767
1930.500000	1.863809
1930.583333	2.211700
1930.666667	2.082545
1930.750000	1.634720
1930.833333	1.335625
1930.916667	1.153892
1931.000000	0.920723
1931.083333	0.866799
1931.166667	1.095972
1931.250000	1.547381
1931.333333	2.133289
1931.416667	2.215613
1931.500000	1.790641
1931.583333	1.141438
1931.666667	0.444425
1931.750000	0.493765
1931.833333	0.813537
1931.916667	1.140415
1932.000000	1.577595
1932.083333	1.744301
1932.166667	1.467179
1932.250000	0.962246
1932.333333	0.772780
1932.416667	1.151424
1932.500000	1.751573
1932.583333	2.210714
1932.666667	2.295781
1932.750000	2.162293
1932.833333	1.984986
1932.916667	1.904848
1933.000000	1.474441
1933.083333	0.580972
1933.166667	-0.055977
1933.250000	-0.269938
1933.333333	-0.016863
1933.416667	0.433428
1933.500000	0.642460
1933.583333	0.441207
1933.666667	0.105898
1933.750000	-0.105537
1933.833333	-0.140816
1933.916667	0.092895
1934.000000	0.089708
1934.083333	-0.460558
1934.166667	-1.278813
1934.250000	-1.760272
1934.333333	-1.409916
1934.416667	-0.716565
1934.500000	-0.490488
1934.583333	-0.706754
1934.666667	-0.761728
1934.750000	-0.688610
1934.833333	-0.765045
1934.916667	-0.860814
1935.000000	-0.698880
1935.083333	-0.311313
1935.166667	-0.401241
1935.250000	-1.029380
1935.333333	-1.260135
1935.416667	-1.022364
1935.500000	-1.152120
1935.583333	-1.554065
1935.666667	-1.468673
1935.750000	-0.998735
1935.833333	-0.299710
1935.916667	0.028557
1936.000000	-0.127741
1936.083333	-0.020220
1936.166667	0.108535
1936.250000	-0.234058
1936.333333	-0.483103
1936.416667	-0.114802
1936.500000	0.532327
1936.583333	1.055936
1936.666667	1.123314
1936.750000	0.527149
1936.833333	0.028148
1936.916667	0.136886
1937.000000	0.267632
1937.083333	-0.036719
1937.166667	-0.183579
1937.250000	-0.019404
1937.333333	0.100607
1937.416667	0.414911
1937.500000	0.648657
1937.583333	0.583433
1937.666667	0.840954
1937.750000	1.381133
1937.833333	1.671191
1937.916667	1.760060
1938.000000	1.774966
1938.083333	1.415734
1938.166667	0.867939
1938.250000	1.139990
1938.333333	1.657494
1938.416667	1.851781
1938.500000	1.742045
1938.583333	1.709116
1938.666667	2.176726
1938.750000	2.357591
1938.833333	2.062016
1938.916667	1.856862
1939.000000	1.836302
1939.083333	1.376733
1939.166667	0.446888
1939.250000	-0.314719
1939.333333	-0.805019
1939.416667	-1.050117
1939.500000	-1.192739
1939.583333	-1.425623
1939.666667	-1.280749
1939.750000	-0.615445
1939.833333	-0.085490
1939.916667	-0.072730
1940.000000	-0.221436
1940.083333	-0.484658
1940.166667	-0.902402
1940.250000	-1.605038
1940.333333	-2.167107
1940.416667	-1.863848
1940.500000	-1.426081
1940.583333	-1.511668
1940.666667	-1.418141
1940.750000	-0.941880
1940.833333	-0.664865
1940.916667	-0.491056
1941.000000	-0.043263
1941.083333	0.727688
1941.166667	1.141995
1941.250000	0.671414
1941.333333	0.154162
1941.416667	0.042327
1941.500000	0.189514
1941.583333	0.618613
1941.666667	0.829010
1941.750000	0.362907
1941.833333	-0.101031
1941.916667	-0.175135
1942.000000	-0.113616
1942.083333	0.222703
1942.166667	0.729928
1942.250000	0.682729
1942.333333	0.548628
1942.416667	0.576608
1942.500000	0.452531
1942.583333	0.037096
1942.666667	-0.845795
1942.750000	-1.410599
1942.833333	-0.855046
1942.916667	0.244421
1943.000000	0.954446
1943.083333	0.896822
1943.166667	0.481851
1943.250000	0.252626
1943.333333	-0.004545
1943.416667	-0.312275
1943.500000	-0.152739
1943.583333	0.217116
1943.666667	-0.137327
1943.750000	-0.622143
1943.833333	-0.891397
1943.916667	-1.460535
1944.000000	-1.684978
1944.083333	-1.532467
1944.166667	-1.383594
1944.250000	-1.190804
1944.333333	-1.164636
1944.416667	-1.268443
1944.500000	-1.399082
1944.583333	-1.685970
1944.666667	-1.984628
1944.750000	-1.997867
1944.833333	-1.678967
1944.916667	-1.445063
1945.000000	-1.798786
1945.083333	-2.268802
1945.166667	-2.620885
1945.250000	-2.727106
1945.333333	-2.904829
1945.416667	-3.057542
1945.500000	-2.773964
1945.583333	-2.783052
1945.666667	-2.751912
1945.750000	-2.106995
1945.833333	-1.871778
1945.916667	-2.407320
1946.000000	-2.748349
1946.083333	-2.383270
1946.166667	-1.353477
1946.250000	-1.076122
1946.333333	-1.428597
1946.416667	-1.398583
1946.500000	-0.982111
1946.583333	-0.775807
1946.666667	-0.819441
1946.750000	-1.031162
1946.833333	-1.377612
1946.916667	-1.883367
1947.000000	-2.363456
1947.083333	-2.048916
1947.166667	-0.789111
1947.250000	0.064003
1947.333333	-0.199637
1947.416667	-0.424668
1947.500000	-0.030360
1947.583333	0.604463
1947.666667	0.956430
1947.750000	0.972690
1947.833333	1.332853
1947.916667	1.780239
1948.000000	1.873141
1948.083333	1.700035
1948.166667	1.297928
1948.250000	0.912793
1948.333333	0.597698
1948.416667	0.792014
1948.500000	1.590801
1948.583333	1.879388
1948.666667	1.626710
1948.750000	0.730364
1948.833333	-0.129354
1948.916667	-0.168474
1949.000000	0.013690
1949.083333	-0.102810
1949.166667	-0.168080
1949.250000	0.035894
1949.333333	0.425728
1949.416667	0.727904
1949.500000	0.536191
1949.583333	0.153134
1949.666667	0.581048
1949.750000	1.128453
1949.833333	0.708893
1949.916667	0.377850
1950.000000	0.433153
1950.083333	0.344511
1950.166667	0.185597
1950.250000	-0.112236
1950.333333	-0.418762
1950.416667	-0.589615
1950.500000	-0.604579
1950.583333	-0.492257
1950.666667	-0.406743
1950.750000	-0.494627
1950.833333	-0.987161
1950.916667	-1.419857
1951.000000	-1.438126
1951.083333	-1.233076
1951.166667	-1.060667
1951.250000	-0.823942
1951.333333	-0.512244
1951.416667	-0.486217
1951.500000	-0.389377
1951.583333	0.265600
1951.666667	0.773218
1951.750000	0.593643
1951.833333	0.025504
1951.916667	-0.342324
1952.000000	-0.135449
1952.083333	0.511210
1952.166667	1.205260
1952.250000	1.432544
1952.333333	1.382516
1952.416667	1.070311
1952.500000	0.437089
1952.583333	0.263887
1952.666667	0.167808
1952.750000	0.029858
1952.833333	0.354834
1952.916667	0.795337
1953.000000	0.852831
1953.083333	0.451243
1953.166667	0.000000
1953.250000	-0.146141
1953.333333	0.219228
1953.416667	0.993056
1953.500000	1.142513
1953.583333	0.570350
1953.666667	0.341451
1953.750000	0.177293
1953.833333	-0.228430
1953.916667	-0.466496
1954.000000	-0.930882
1954.083333	-1.520445
1954.166667	-1.700513
1954.250000	-1.651137
1954.333333	-1.325332
1954.416667	-1.236364
1954.500000	-1.657270
1954.583333	-1.301798
1954.666667	-0.373387
1954.750000	-0.142368
1954.833333	-0.528984
1954.916667	-0.935870
1955.000000	-1.052816
1955.083333	-0.874076
1955.166667	-0.612941
1955.250000	-0.288512
1955.333333	-0.242821
1955.416667	-0.464520
1955.500000	-0.776053
1955.583333	-1.335256
1955.666667	-1.223540
1955.750000	-0.284218
1955.833333	0.270796
1955.916667	-0.022634
1956.000000	-0.318145
1956.083333	-0.206462
1956.166667	-0.220859
1956.250000	-0.432232
1956.333333	-0.312743
1956.416667	0.460778
1956.500000	1.035496
1956.583333	0.493396
1956.666667	0.226833
1956.750000	0.758531
1956.833333	0.754832
1956.916667	0.216377
1957.000000	0.057702
1957.083333	0.086542
1957.166667	0.165943
1957.250000	0.660383
1957.333333	1.442356
1957.416667	1.744192
1957.500000	1.108245
1957.583333	0.200703
1957.666667	-0.055916
1957.750000	0.105689
1957.833333	0.635681
1957.916667	0.791368
1958.000000	0.302687
1958.083333	-0.170003
1958.166667	-0.397854
1958.250000	-0.325472
1958.333333	-0.361065
1958.416667	-0.658563
1958.500000	-0.534019
1958.583333	0.028189
1958.666667	0.576568
1958.750000	0.978036
1958.833333	0.978336
1958.916667	0.890020
1959.000000	1.142944
1959.083333	1.210985
1959.166667	0.720566
1959.250000	0.185336
1959.333333	-0.149612
1959.416667	-0.054489
1959.500000	0.564960
1959.583333	0.963680
1959.666667	0.693337
1959.750000	0.544395
1959.833333	0.991763
1959.916667	1.661803
1960.000000	2.278325
1960.083333	2.141108
1960.166667	1.376093
1960.250000	0.942552
1960.333333	0.735382
1960.416667	0.120260
1960.500000	-0.474447
1960.583333	-0.306833
1960.666667	0.206399
1960.750000	0.404252
1960.833333	0.207186
1960.916667	0.045062
1961.000000	0.201954
1961.083333	0.436496
1961.166667	0.825169
1961.250000	0.898636
1961.333333	0.384237
1961.416667	0.088036
1961.500000	0.265497
1961.583333	0.515685
1961.666667	0.486696
1961.750000	0.466607
1961.833333	0.652315
1961.916667	0.805024
1962.000000	0.790607
1962.083333	0.494417
1962.166667	0.356051
1962.250000	0.432411
1962.333333	0.388169
1962.416667	0.270156
1962.500000	0.092720
1962.583333	0.024107
1962.666667	-0.137466
1962.750000	-0.453854
1962.833333	-0.704812
1962.916667	-0.657300
1963.000000	-0.755831
1963.083333	-1.202708
1963.166667	-1.304168
1963.250000	-0.796516
1963.333333	-0.201171
1963.416667	0.026062
1963.500000	-0.089498
1963.583333	-0.432929
1963.666667	-0.738861
1963.750000	-0.525544
1963.833333	0.214310
1963.916667	0.668372
1964.000000	0.690165
1964.083333	0.735393
1964.166667	1.054222
1964.250000	1.041454
1964.333333	0.824382
1964.416667	0.959417
1964.500000	0.739154
1964.583333	-0.084082
1964.666667	-0.306456
1964.750000	0.489231
1964.833333	1.009459
1964.916667	0.580043
1965.000000	0.164734
1965.083333	0.042940
1965.166667	-0.323335
1965.250000	-0.916690
1965.333333	-1.306271
1965.416667	-1.431610
1965.500000	-1.260710
1965.583333	-1.144255
1965.666667	-1.115456
1965.750000	-1.109854
1965.833333	-1.352023
1965.916667	-1.702132
1966.000000	-1.495526
1966.083333	-0.763463
1966.166667	-0.510369
1966.250000	-0.983939
1966.333333	-1.198799
1966.416667	-1.005915
1966.500000	-1.047443
1966.583333	-0.876597
1966.666667	-0.331542
1966.750000	-0.381122
1966.833333	-1.056340
1966.916667	-1.733090
1967.000000	-2.335884
1967.083333	-2.742767
1967.166667	-2.822390
1967.250000	-2.804839
1967.333333	-2.511363
1967.416667	-1.671371
1967.500000	-1.534543
1967.583333	-1.866693
1967.666667	-1.889634
1967.750000	-1.966499
1967.833333	-2.230451
1967.916667	-2.476458
1968.000000	-2.390862
1968.083333	-1.878129
1968.166667	-1.058939
1968.250000	-0.029859
1968.333333	0.690334
1968.416667	0.906231
1968.500000	0.517573
1968.583333	-0.169693
1968.666667	-0.631422
1968.750000	-0.775071
1968.833333	-0.333292
1968.916667	0.124361
1969.000000	0.053605
1969.083333	-0.411147
1969.166667	-0.950851
1969.250000	-1.188039
1969.333333	-0.806141
1969.416667	-0.235598
1969.500000	0.053831
1969.583333	0.289971
1969.666667	0.544092
1969.750000	0.497001
1969.833333	0.414227
1969.916667	0.411690
1970.000000	0.207657
1970.083333	-0.207568
1970.166667	-0.574919
1970.250000	-0.846652
1970.333333	-1.331929
1970.416667	-1.698355
1970.500000	-1.248305
1970.583333	-0.738856
1970.666667	-0.679975
1970.750000	-0.735617
1970.833333	-0.892821
1970.916667	-0.922953
1971.000000	-0.634087
1971.083333	-0.668651
1971.166667	-0.878579
1971.250000	-0.801507
1971.333333	-0.606509
1971.416667	-0.628692
1971.500000	-1.078906
1971.583333	-1.368768
1971.666667	-0.982923
1971.750000	-0.601713
1971.833333	-0.397128
1971.916667	-0.006387
1972.000000	0.415675
1972.083333	0.675043
1972.166667	0.859914
1972.250000	0.961374
1972.333333	1.000469
1972.416667	0.857285
1972.500000	0.607055
1972.583333	0.561080
1972.666667	0.522103
1972.750000	0.610988
1972.833333	1.152020
1972.916667	1.743117
1973.000000	1.880457
1973.083333	1.625938
1973.166667	0.982028
1973.250000	0.524475
1973.333333	0.246809
1973.416667	-0.271505
1973.500000	-0.785467
1973.583333	-1.086955
1973.666667	-1.148386
1973.750000	-1.139279
1973.833333	-1.348837
1973.916667	-1.761717
1974.000000	-1.898209
1974.083333	-1.567483
1974.166667	-1.308770
1974.250000	-1.386266
1974.333333	-1.303988
1974.416667	-1.354389
1974.500000	-1.952072
1974.583333	-2.415026
1974.666667	-2.476908
1974.750000	-2.524414
1974.833333	-2.502547
1974.916667	-2.131530
1975.000000	-1.624053
1975.083333	-1.185047
1975.166667	-0.778617
1975.250000	-0.399809
1975.333333	-0.127073
1975.416667	-0.049323
1975.500000	0.061129
1975.583333	0.178082
1975.666667	0.149909
1975.750000	0.007195
1975.833333	0.068720
1975.916667	0.394605
1976.000000	0.341523
1976.083333	0.298625
1976.166667	0.841958
1976.250000	1.445084
1976.333333	1.762642
1976.416667	2.045311
1976.500000	2.356028
1976.583333	2.403358
1976.666667	1.884298
1976.750000	1.198140
1976.833333	0.837118
1976.916667	1.208650
1977.000000	1.510538
1977.083333	1.071775
1977.166667	0.185570
1977.250000	-0.173618
1977.333333	-0.012375
1977.416667	0.114717
1977.500000	0.196198
1977.583333	-0.014461
1977.666667	-0.697667
1977.750000	-1.278087
1977.833333	-1.521651
1977.916667	-1.583510
1978.000000	-1.336727
1978.083333	-0.829433
1978.166667	-0.271648
1978.250000	0.209536
1978.333333	0.319386
1978.416667	0.153031
1978.500000	0.400126
1978.583333	1.221720
1978.666667	1.425866
1978.750000	0.619217
1978.833333	0.225089
1978.916667	0.554963
1979.000000	0.890840
1979.083333	1.138563
1979.166667	1.114785
1979.250000	0.804398
1979.333333	0.870484
1979.416667	1.245189
1979.500000	1.060529
1979.583333	0.190548
1979.666667	-0.616517
1979.750000	-0.920000
1979.833333	-0.885361
1979.916667	-0.723098
1980.000000	-0.154866
1980.083333	0.818997
1980.166667	1.319220
1980.250000	0.742282
1980.333333	-0.017096
1980.416667	-0.385346
1980.500000	-0.363737
1980.583333	-0.161514
1980.666667	0.014955
1980.750000	0.199648
1980.833333	0.404919
1980.916667	0.528551
1981.000000	0.555358
1981.083333	0.666407
1981.166667	0.725936
1981.250000	0.352685
1981.333333	-0.292558
1981.416667	-0.644441
1981.500000	-0.408815
1981.583333	-0.051427
1981.666667	0.165147
1981.750000	0.336648
1981.833333	0.650318
1981.916667	1.093238
1982.000000	1.151676
1982.083333	0.760583
1982.166667	0.441506
1982.250000	0.308608
1982.333333	0.401838
1982.416667	0.716872
1982.500000	0.739999
1982.583333	0.757318
1982.666667	1.256985
1982.750000	1.214172
1982.833333	0.726097
1982.916667	0.967583
1983.000000	1.563835
1983.083333	1.790488
1983.166667	1.924100
1983.250000	2.316124
1983.333333	2.486074
1983.416667	2.320005
1983.500000	1.798483
1983.583333	1.322074
1983.666667	0.997316
1983.750000	0.682492
1983.833333	0.459950
1983.916667	0.448503
1984.000000	0.589845
1984.083333	0.494087
1984.166667	-0.199918
1984.250000	-0.651275
1984.333333	-0.173999
1984.416667	0.544621
1984.500000	1.049874
1984.583333	1.018127
1984.666667	0.768985
1984.750000	1.142539
1984.833333	1.451591
1984.916667	1.351459
1985.000000	1.448886
1985.083333	1.294259
1985.166667	0.618034
1985.250000	0.297102
1985.333333	0.639190
1985.416667	1.288305
1985.500000	1.599055
1985.583333	1.645378
1985.666667	1.668293
1985.750000	1.416160
1985.833333	1.020431
1985.916667	0.920650
1986.000000	1.265678
1986.083333	1.787182
1986.166667	2.211526
1986.250000	2.499261
1986.333333	2.774565
1986.416667	2.577219
1986.500000	2.479015
1986.583333	2.350812
1986.666667	1.921298
1986.750000	1.798095
1986.833333	2.082673
1986.916667	2.195736
1987.000000	1.838416
1987.083333	1.271521
1987.166667	1.070694
1987.250000	1.037117
1987.333333	0.815156
1987.416667	0.847584
1987.500000	1.213419
1987.583333	1.209051
1987.666667	0.675209
1987.750000	0.489653
1987.833333	1.044395
1987.916667	1.535744
1988.000000	1.640004
1988.083333	1.217572
1988.166667	0.599554
1988.250000	0.669772
1988.333333	0.893823
1988.416667	0.509601
1988.500000	0.040917
1988.583333	-0.198380
1988.666667	-0.463393
1988.750000	-0.841331
1988.833333	-1.148882
1988.916667	-1.283191
1989.000000	-1.374747
1989.083333	-1.358491
1989.166667	-1.138948
1989.250000	-0.725000
1989.333333	-0.107944
1989.416667	0.343365
1989.500000	0.075812
1989.583333	-0.481909
1989.666667	-0.843936
1989.750000	-0.835027
1989.833333	-0.500842
1989.916667	-0.059972
1990.000000	0.250731
1990.083333	0.526954
1990.166667	0.951236
1990.250000	1.301972
1990.333333	1.225330
1990.416667	0.435484
1990.500000	-0.412802
1990.583333	-0.898024
1990.666667	-1.190098
1990.750000	-1.361794
1990.833333	-1.853434
1990.916667	-2.524353
1991.000000	-2.626312
1991.083333	-2.041527
1991.166667	-1.208129
1991.250000	-0.658911
1991.333333	-0.614145
1991.416667	-0.714155
1991.500000	-0.843648
1991.583333	-1.098722
1991.666667	-1.088652
1991.750000	-0.867274
1991.833333	-0.790771
1991.916667	-0.679166
1992.000000	-0.228957
1992.083333	0.174488
1992.166667	0.060824
1992.250000	-0.333751
1992.333333	-0.473193
1992.416667	-0.344655
1992.500000	-0.291034
1992.583333	-0.187647
1992.666667	0.018082
1992.750000	-0.079863
1992.833333	-0.261800
1992.916667	-0.139473
1993.000000	0.308724
1993.083333	0.970823
1993.166667	1.494295
1993.250000	1.878204
1993.333333	1.970836
1993.416667	1.987491
1993.500000	2.283204
1993.583333	2.270642
1993.666667	1.898961
1993.750000	1.633749
1993.833333	1.226382
1993.916667	0.901939
1994.000000	1.051864
1994.083333	1.280640
1994.166667	1.416764
1994.250000	1.427340
1994.333333	1.196384
1994.416667	0.767660
1994.500000	0.791476
1994.583333	1.235379
1994.666667	1.192414
1994.750000	0.581471
1994.833333	0.036248
1994.916667	-0.520330
1995.000000	-0.592729
1995.083333	-0.019869
1995.166667	0.555733
1995.250000	1.023950
1995.333333	1.053328
1995.416667	0.645700
1995.500000	0.179983
1995.583333	0.097519
1995.666667	0.532516
1995.750000	0.914653
1995.833333	0.907685
1995.916667	0.894067
1996.000000	0.881872
1996.083333	1.070424
1996.166667	1.186498
1996.250000	0.303723
1996.333333	-1.019189
1996.416667	-1.640753
1996.500000	-1.462400
1996.583333	-0.966022
1996.666667	-0.599797
1996.750000	-0.293052
1996.833333	-0.220478
1996.916667	-0.499801
1997.000000	-0.692990
1997.083333	-0.423103
1997.166667	0.085907
1997.250000	0.344331
1997.333333	0.249906
1997.416667	0.181368
1997.500000	0.160855
1997.583333	-0.029245
1997.666667	-0.212145
1997.750000	-0.121893
1997.833333	0.277977
1997.916667	0.911341
1998.000000	1.597438
1998.083333	2.089448
1998.166667	2.023288
1998.250000	1.626928
1998.333333	1.332794
1998.416667	0.857314
1998.500000	0.568499
1998.583333	1.138128
1998.666667	2.047081
1998.750000	2.476977
1998.833333	2.518033
1998.916667	2.366296
1999.000000	1.871981
1999.083333	1.575698
1999.166667	1.413052
1999.250000	1.231081
1999.333333	0.953680
1999.416667	0.257418
1999.500000	-0.298571
1999.583333	-0.135672
1999.666667	0.287839
1999.750000	0.346942
1999.833333	0.029451
1999.916667	-0.323878
2000.000000	-0.429834
2000.083333	-0.049386
2000.166667	0.242833
2000.250000	-0.085812
2000.333333	-0.639103
2000.416667	-1.032647
2000.500000	-0.963395
2000.583333	-0.365959
2000.666667	0.134658
2000.750000	0.154068
2000.833333	-0.262793
2000.916667	-0.728895
2001.000000	-0.828130
2001.083333	-0.609592
2001.166667	-0.563797
2001.250000	-0.889180
2001.333333	-1.176470
2001.416667	-1.365715
2001.500000	-1.315124
2001.583333	-1.161565
2001.666667	-1.278433
2001.750000	-1.268486
2001.833333	-1.026262
2001.916667	-0.965292
2002.000000	-0.939483
2002.083333	-0.754523
2002.166667	-1.111740
2002.250000	-1.629096
2002.333333	-1.364012
2002.416667	-0.655080
2002.500000	-0.129081
2002.583333	0.000000
2002.666667	0.165664
2002.750000	0.225360
2002.833333	-0.303033
2002.916667	-0.738249
2003.000000	-0.954131
2003.083333	-1.035002
2003.166667	-0.768401
2003.250000	-0.757293
2003.333333	-1.188584
2003.416667	-1.422496
2003.500000	-1.107763
2003.583333	-0.749604
2003.666667	-1.103160
2003.750000	-1.536920
2003.833333	-1.227471
2003.916667	-0.672080
2004.000000	-0.539796
2004.083333	-0.764455
2004.166667	-0.865470
2004.250000	-0.440000
2004.333333	0.211207
2004.416667	0.330845
2004.500000	-0.060892
2004.583333	-0.389971
2004.666667	-0.481278
2004.750000	-0.552537
2004.833333	-0.903983
2004.916667	-1.124299
2005.000000	-0.567610
2005.083333	-0.146532
2005.166667	-0.347642
2005.250000	-0.266637
2005.333333	0.177128
2005.416667	0.295843
2005.500000	0.092242
2005.583333	-0.124675
2005.666667	-0.342900
2005.750000	-0.626209
2005.833333	-0.864269
2005.916667	-0.980748
2006.000000	-1.026252
2006.083333	-0.958733
2006.166667	-0.781903
2006.250000	-0.812305
2006.333333	-1.002964
2006.416667	-0.980836
2006.500000	-0.965756
2006.583333	-1.237565
2006.666667	-1.480041
2006.750000	-1.367308
2006.833333	-1.152874
2006.916667	-1.559967
2007.000000	-2.086377
2007.083333	-1.744309
2007.166667	-1.238484
2007.250000	-1.078871
2007.333333	-0.856416
2007.416667	-0.850872
2007.500000	-1.102156
2007.583333	-1.127231
2007.666667	-1.006572
2007.750000	-1.389118
2007.833333	-1.823929
2007.916667	-1.708113
2008.000000	-1.816977
2008.083333	-2.464561
2008.166667	-2.653262
2008.250000	-2.092894
2008.333333	-1.552486
2008.416667	-1.377010
2008.500000	-1.291455
2008.583333	-1.198418
2008.666667	-1.338987
2008.750000	-1.535018
2008.833333	-1.424345
2008.916667	-1.074387
2009.000000	-1.056680
2009.083333	-1.027398
2009.166667	-0.288644
2009.250000	0.314547
2009.333333	0.375358
2009.416667	0.118433
2009.500000	-0.295341
2009.583333	-0.230738
2009.666667	-0.093921
2009.750000	-0.587920
2009.833333	-1.190561
2009.916667	-1.345601
2010.000000	-1.172089
2010.083333	-0.968634
2010.166667	-1.043940
2010.250000	-1.213739
2010.333333	-1.168249
2010.416667	-0.734171
2010.500000	-0.212544
2010.583333	-0.093900
2010.666667	-0.229385
2010.750000	-0.100199
2010.833333	0.210368
2010.916667	0.371491
2011.000000	0.665957
2011.083333	1.070776
2011.166667	0.812694
2011.250000	0.444550
2011.333333	0.454841
2011.416667	0.696472
2011.500000	1.245048
2011.583333	1.552609
2011.666667	1.376845
2011.750000	0.846640
2011.833333	0.479960
2011.916667	0.481176
2012.000000	0.340043
2012.083333	-0.046057
2012.166667	-0.288805
2012.250000	-0.163788
2012.333333	0.241173
2012.416667	0.795961
2012.500000	1.401692
2012.583333	1.170326
2012.666667	0.304594
2012.750000	-0.082871
2012.833333	0.315884
2012.916667	1.024975
2013.000000	1.232262
2013.083333	0.907824
2013.166667	0.703497
2013.250000	0.695933
2013.333333	0.891379
2013.416667	1.219424
2013.500000	1.195976
2013.583333	0.833117
2013.666667	0.661117
2013.750000	0.706928
2013.833333	0.587726
2013.916667	0.464089
2014.000000	0.631638
2014.083333	0.831614
2014.166667	0.822384
2014.250000	0.659874
2014.333333	0.551729
2014.416667	0.749623
2014.500000	1.125005
2014.583333	1.402108
2014.666667	1.390612
2014.750000	0.819407
2014.833333	0.311958
2014.916667	0.278028
2015.000000	0.119953
2015.083333	0.088559
2015.166667	0.457359
2015.250000	0.441277
2015.333333	0.083678
2015.416667	0.404836
2015.500000	1.049284
2015.583333	1.474664
2015.666667	2.128891
2015.750000	2.481256
2015.833333	2.478208
2015.916667	2.411870
2016.000000	2.337954
2016.083333	2.297022
2016.166667	2.116633
2016.250000	1.882292
2016.333333	1.862051
2016.416667	1.544383
2016.500000	1.241304
2016.583333	1.301705
2016.666667	1.185380
2016.750000	0.628457
2016.833333	0.195121
2016.916667	-0.387142
2017.000000	-0.803279
2017.083333	-0.625149
2017.166667	-0.296672
2017.250000	-0.428898
2017.333333	-0.734586
2017.416667	-0.539309
2017.500000	-0.091283
2017.583333	0.380246
2017.666667	1.139033
2017.750000	1.765076
2017.833333	1.939540
2017.916667	1.777715
2018.000000	1.535138
2018.083333	1.495632
2018.166667	1.682282
2018.250000	1.488781
2018.333333	0.646383
2018.416667	0.406602
2018.500000	1.109674
2018.583333	1.548349
2018.666667	1.122876
2018.750000	0.024197
2018.833333	-0.869531
2018.916667	-1.211139
2019.000000	-1.094279
2019.083333	-0.845746
2019.166667	-0.971004
2019.250000	-1.075121
2019.333333	-0.686415
2019.416667	-0.298425
2019.500000	-0.004229
2019.583333	0.180626
2019.666667	0.002698
2019.750000	-0.434493
2019.833333	-0.960838
2019.916667	-1.347708
2020.000000	-1.643116
2020.083333	-1.648553
2020.166667	-1.230438
2020.250000	-0.924357
2020.333333	-0.986206
2020.416667	-1.104579
2020.500000	-1.042662
2020.583333	-0.510751
2020.666667	-0.069309
2020.750000	-0.030708
2020.833333	-0.030492
2020.916667	-0.231158
2021.000000	-0.736599
2021.083333	-0.951725
2021.166667	-0.863512
2021.250000	-0.622862
2021.333333	-0.479475
2021.416667	-0.420395
2021.500000	-0.188453
2021.583333	0.018310
2021.666667	-0.177727
2021.750000	-0.467019
2021.833333	-0.306309
2021.916667	-0.075058
2022.000000	-0.067340
2022.083333	0.256752
