1880.000000	0.408114
1880.083333	0.407746
1880.166667	0.407376
1880.250000	0.407003
1880.333333	0.406629
1880.416667	0.406253
1880.500000	0.405875
1880.583333	0.405495
1880.666667	0.379763
1880.750000	0.379519
1880.833333	0.379280
1880.916667	0.379045
1881.000000	0.378815
1881.083333	0.378590
1881.166667	0.378369
1881.250000	0.378154
1881.333333	0.377942
1881.416667	0.377736
1881.500000	0.377534
1881.583333	0.377337
1881.666667	0.376076
1881.750000	0.375484
1881.833333	0.374891
1881.916667	0.374299
1882.000000	0.373706
1882.083333	0.373113
1882.166667	0.372520
1882.250000	0.371927
1882.333333	0.371334
1882.416667	0.370742
1882.500000	0.370149
1882.583333	0.369558
1882.666667	0.388233
1882.750000	0.387609
1882.833333	0.386984
1882.916667	0.386356
1883.000000	0.385727
1883.083333	0.385096
1883.166667	0.384464
1883.250000	0.383830
1883.333333	0.383195
1883.416667	0.382558
1883.500000	0.381921
1883.583333	0.381282
1883.666667	0.324901
1883.750000	0.324968
1883.833333	0.325042
1883.916667	0.325124
1884.000000	0.325213
1884.083333	0.325310
1884.166667	0.325414
1884.250000	0.325524
1884.333333	0.325643
1884.416667	0.325768
1884.500000	0.325901
1884.583333	0.326040
1884.666667	0.327848
1884.750000	0.327634
1884.833333	0.327428
1884.916667	0.327228
1885.000000	0.327036
1885.083333	0.326851
1885.166667	0.326674
1885.250000	0.326503
1885.333333	0.326341
1885.416667	0.326185
1885.500000	0.326037
1885.583333	0.325896
1885.666667	0.401367
1885.750000	0.400883
1885.833333	0.400394
1885.916667	0.399901
1886.000000	0.399405
1886.083333	0.398904
1886.166667	0.398400
1886.250000	0.397892
1886.333333	0.397380
1886.416667	0.396865
1886.500000	0.396346
1886.583333	0.395823
1886.666667	0.373851
1886.750000	0.373816
1886.833333	0.373785
1886.916667	0.373760
1887.000000	0.373741
1887.083333	0.373727
1887.166667	0.373718
1887.250000	0.373715
1887.333333	0.373718
1887.416667	0.373726
1887.500000	0.373739
1887.583333	0.373758
1887.666667	0.406637
1887.750000	0.406141
1887.833333	0.405640
1887.916667	0.405133
1888.000000	0.404621
1888.083333	0.404103
1888.166667	0.403580
1888.250000	0.403052
1888.333333	0.402519
1888.416667	0.401981
1888.500000	0.401438
1888.583333	0.400890
1888.666667	0.399590
1888.750000	0.399058
1888.833333	0.398519
1888.916667	0.397974
1889.000000	0.397422
1889.083333	0.396863
1889.166667	0.396297
1889.250000	0.395724
1889.333333	0.395145
1889.416667	0.394559
1889.500000	0.393966
1889.583333	0.393366
1889.666667	0.348275
1889.750000	0.347743
1889.833333	0.347215
1889.916667	0.346691
1890.000000	0.346172
1890.083333	0.345658
1890.166667	0.345149
1890.250000	0.344644
1890.333333	0.344145
1890.416667	0.343651
1890.500000	0.343161
1890.583333	0.342677
1890.666667	0.420519
1890.750000	0.420501
1890.833333	0.420482
1890.916667	0.420462
1891.000000	0.420441
1891.083333	0.420419
1891.166667	0.420395
1891.250000	0.420370
1891.333333	0.420343
1891.416667	0.420316
1891.500000	0.420286
1891.583333	0.420256
1891.666667	0.360425
1891.750000	0.361526
1891.833333	0.362620
1891.916667	0.363705
1892.000000	0.364782
1892.083333	0.365850
1892.166667	0.366911
1892.250000	0.367962
1892.333333	0.369006
1892.416667	0.370040
1892.500000	0.371066
1892.583333	0.372083
1892.666667	0.334258
1892.750000	0.333895
1892.833333	0.333538
1892.916667	0.333188
1893.000000	0.332845
1893.083333	0.332508
1893.166667	0.332177
1893.250000	0.331853
1893.333333	0.331536
1893.416667	0.331226
1893.500000	0.330922
1893.583333	0.330625
1893.666667	0.374470
1893.750000	0.374382
1893.833333	0.374299
1893.916667	0.374222
1894.000000	0.374151
1894.083333	0.374084
1894.166667	0.374024
1894.250000	0.373968
1894.333333	0.373918
1894.416667	0.373874
1894.500000	0.373835
1894.583333	0.373802
1894.666667	0.117944
1894.750000	0.119979
1894.833333	0.122007
1894.916667	0.124029
1895.000000	0.126043
1895.083333	0.128050
1895.166667	0.130050
1895.250000	0.132042
1895.333333	0.134027
1895.416667	0.136004
1895.500000	0.137974
1895.583333	0.139936
1895.666667	0.331618
1895.750000	0.331736
1895.833333	0.331847
1895.916667	0.331949
1896.000000	0.332044
1896.083333	0.332131
1896.166667	0.332210
1896.250000	0.332281
1896.333333	0.332345
1896.416667	0.332401
1896.500000	0.332449
1896.583333	0.332489
1896.666667	0.420441
1896.750000	0.420419
1896.833333	0.420395
1896.916667	0.420370
1897.000000	0.420344
1897.083333	0.420316
1897.166667	0.420287
1897.250000	0.420257
1897.333333	0.420225
1897.416667	0.420192
1897.500000	0.420157
1897.583333	0.420121
1897.666667	0.418446
1897.750000	0.418354
1897.833333	0.418260
1897.916667	0.418164
1898.000000	0.418064
1898.083333	0.417962
1898.166667	0.417858
1898.250000	0.417750
1898.333333	0.417640
1898.416667	0.417527
1898.500000	0.417411
1898.583333	0.417292
1898.666667	0.331117
1898.750000	0.330964
1898.833333	0.330803
1898.916667	0.330634
1899.000000	0.330458
1899.083333	0.330274
1899.166667	0.330082
1899.250000	0.329883
1899.333333	0.329676
1899.416667	0.329461
1899.500000	0.329239
1899.583333	0.329009
1899.666667	-0.112888
1899.750000	-0.112761
1899.833333	-0.112623
1899.916667	-0.112472
1900.000000	-0.112310
1900.083333	-0.112136
1900.166667	-0.111949
1900.250000	-0.111751
1900.333333	-0.111541
1900.416667	-0.111319
1900.500000	-0.111085
1900.583333	-0.110838
1900.666667	0.420602
1900.750000	0.420591
1900.833333	0.420580
1900.916667	0.420567
1901.000000	0.420553
1901.083333	0.420538
1901.166667	0.420521
1901.250000	0.420504
1901.333333	0.420485
1901.416667	0.420465
1901.500000	0.420444
1901.583333	0.420422
1901.666667	-0.026032
1901.750000	-0.024615
1901.833333	-0.023188
1901.916667	-0.021751
1902.000000	-0.020304
1902.083333	-0.018847
1902.166667	-0.017381
1902.250000	-0.015904
1902.333333	-0.014418
1902.416667	-0.012922
1902.500000	-0.011417
1902.583333	-0.009902
1902.666667	-0.078086
1902.750000	-0.078963
1902.833333	-0.079830
1902.916667	-0.080686
1903.000000	-0.081532
1903.083333	-0.082368
1903.166667	-0.083193
1903.250000	-0.084008
1903.333333	-0.084812
1903.416667	-0.085605
1903.500000	-0.086388
1903.583333	-0.087161
1903.666667	-0.011347
1903.750000	-0.012736
1903.833333	-0.014117
1903.916667	-0.015492
1904.000000	-0.016859
1904.083333	-0.018219
1904.166667	-0.019572
1904.250000	-0.020917
1904.333333	-0.022255
1904.416667	-0.023585
1904.500000	-0.024908
1904.583333	-0.026223
1904.666667	-0.028930
1904.750000	-0.030221
1904.833333	-0.031504
1904.916667	-0.032779
1905.000000	-0.034045
1905.083333	-0.035304
1905.166667	-0.036554
1905.250000	-0.037796
1905.333333	-0.039030
1905.416667	-0.040255
1905.500000	-0.041471
1905.583333	-0.042680
1905.666667	-0.297344
1905.750000	-0.296748
1905.833333	-0.296142
1905.916667	-0.295527
1906.000000	-0.294902
1906.083333	-0.294266
1906.166667	-0.293621
1906.250000	-0.292966
1906.333333	-0.292301
1906.416667	-0.291626
1906.500000	-0.290940
1906.583333	-0.290245
1906.666667	0.299209
1906.750000	0.299982
1906.833333	0.300746
1906.916667	0.301500
1907.000000	0.302244
1907.083333	0.302978
1907.166667	0.303702
1907.250000	0.304416
1907.333333	0.305120
1907.416667	0.305814
1907.500000	0.306499
1907.583333	0.307174
1907.666667	-0.113185
1907.750000	-0.113265
1907.833333	-0.113334
1907.916667	-0.113390
1908.000000	-0.113435
1908.083333	-0.113468
1908.166667	-0.113489
1908.250000	-0.113498
1908.333333	-0.113495
1908.416667	-0.113481
1908.500000	-0.113454
1908.583333	-0.113416
1908.666667	0.007808
1908.750000	0.006334
1908.833333	0.004866
1908.916667	0.003403
1909.000000	0.001947
1909.083333	0.000497
1909.166667	-0.000947
1909.250000	-0.002385
1909.333333	-0.003816
1909.416667	-0.005241
1909.500000	-0.006659
1909.583333	-0.008070
1909.666667	-0.237658
1909.750000	-0.239000
1909.833333	-0.240342
1909.916667	-0.241684
1910.000000	-0.243026
1910.083333	-0.244369
1910.166667	-0.245711
1910.250000	-0.247053
1910.333333	-0.248395
1910.416667	-0.249737
1910.500000	-0.251078
1910.583333	-0.252418
1910.666667	0.035247
1910.750000	0.036797
1910.833333	0.038336
1910.916667	0.039864
1911.000000	0.041383
1911.083333	0.042890
1911.166667	0.044387
1911.250000	0.045873
1911.333333	0.047349
1911.416667	0.048814
1911.500000	0.050268
1911.583333	0.051711
1911.666667	0.292868
1911.750000	0.293720
1911.833333	0.294563
1911.916667	0.295395
1912.000000	0.296217
1912.083333	0.297028
1912.166667	0.297830
1912.250000	0.298621
1912.333333	0.299403
1912.416667	0.300174
1912.500000	0.300935
1912.583333	0.301686
1912.666667	-0.180156
1912.750000	-0.178460
1912.833333	-0.176753
1912.916667	-0.175036
1913.000000	-0.173310
1913.083333	-0.171574
1913.166667	-0.169827
1913.250000	-0.168072
1913.333333	-0.166306
1913.416667	-0.164531
1913.500000	-0.162746
1913.583333	-0.160952
1913.666667	-0.374165
1913.750000	-0.373327
1913.833333	-0.372483
1913.916667	-0.371633
1914.000000	-0.370776
1914.083333	-0.369915
1914.166667	-0.369047
1914.250000	-0.368174
1914.333333	-0.367296
1914.416667	-0.366412
1914.500000	-0.365523
1914.583333	-0.364629
1914.666667	-0.330054
1914.750000	-0.331176
1914.833333	-0.332298
1914.916667	-0.333419
1915.000000	-0.334539
1915.083333	-0.335659
1915.166667	-0.336778
1915.250000	-0.337895
1915.333333	-0.339011
1915.416667	-0.340125
1915.500000	-0.341238
1915.583333	-0.342350
1915.666667	-0.396735
1915.750000	-0.397049
1915.833333	-0.397365
1915.916667	-0.397684
1916.000000	-0.398005
1916.083333	-0.398328
1916.166667	-0.398654
1916.250000	-0.398981
1916.333333	-0.399310
1916.416667	-0.399641
1916.500000	-0.399974
1916.583333	-0.400308
1916.666667	-0.408016
1916.750000	-0.407695
1916.833333	-0.407373
1916.916667	-0.407050
1917.000000	-0.406726
1917.083333	-0.406401
1917.166667	-0.406076
1917.250000	-0.405750
1917.333333	-0.405424
1917.416667	-0.405097
1917.500000	-0.404770
1917.583333	-0.404443
1917.666667	-0.373527
1917.750000	-0.373059
1917.833333	-0.372583
1917.916667	-0.372100
1918.000000	-0.371609
1918.083333	-0.371111
1918.166667	-0.370605
1918.250000	-0.370091
1918.333333	-0.369570
1918.416667	-0.369040
1918.500000	-0.368503
1918.583333	-0.367958
1918.666667	-0.419889
1918.750000	-0.419789
1918.833333	-0.419690
1918.916667	-0.419590
1919.000000	-0.419489
1919.083333	-0.419389
1919.166667	-0.419288
1919.250000	-0.419188
1919.333333	-0.419087
1919.416667	-0.418987
1919.500000	-0.418887
1919.583333	-0.418787
1919.666667	-0.229696
1919.750000	-0.229544
1919.833333	-0.229404
1919.916667	-0.229275
1920.000000	-0.229158
1920.083333	-0.229052
1920.166667	-0.228958
1920.250000	-0.228875
1920.333333	-0.228804
1920.416667	-0.228744
1920.500000	-0.228696
1920.583333	-0.228660
1920.666667	-0.245476
1920.750000	-0.244889
1920.833333	-0.244312
1920.916667	-0.243744
1921.000000	-0.243186
1921.083333	-0.242637
1921.166667	-0.242097
1921.250000	-0.241568
1921.333333	-0.241048
1921.416667	-0.240538
1921.500000	-0.240038
1921.583333	-0.239548
1921.666667	-0.004669
1921.750000	-0.005079
1921.833333	-0.005504
1921.916667	-0.005943
1922.000000	-0.006396
1922.083333	-0.006864
1922.166667	-0.007345
1922.250000	-0.007841
1922.333333	-0.008351
1922.416667	-0.008876
1922.500000	-0.009414
1922.583333	-0.009967
1922.666667	0.000602
1922.750000	0.000703
1922.833333	0.000789
1922.916667	0.000861
1923.000000	0.000919
1923.083333	0.000963
1923.166667	0.000993
1923.250000	0.001009
1923.333333	0.001010
1923.416667	0.000997
1923.500000	0.000970
1923.583333	0.000928
1923.666667	-0.377277
1923.750000	-0.376872
1923.833333	-0.376461
1923.916667	-0.376042
1924.000000	-0.375616
1924.083333	-0.375183
1924.166667	-0.374742
1924.250000	-0.374294
1924.333333	-0.373839
1924.416667	-0.373376
1924.500000	-0.372906
1924.583333	-0.372428
1924.666667	-0.144797
1924.750000	-0.143215
1924.833333	-0.141635
1924.916667	-0.140058
1925.000000	-0.138484
1925.083333	-0.136913
1925.166667	-0.135346
1925.250000	-0.133783
1925.333333	-0.132223
1925.416667	-0.130667
1925.500000	-0.129115
1925.583333	-0.127567
1925.666667	-0.042336
1925.750000	-0.041301
1925.833333	-0.040277
1925.916667	-0.039264
1926.000000	-0.038262
1926.083333	-0.037272
1926.166667	-0.036293
1926.250000	-0.035325
1926.333333	-0.034369
1926.416667	-0.033424
1926.500000	-0.032490
1926.583333	-0.031569
1926.666667	-0.264291
1926.750000	-0.262868
1926.833333	-0.261438
1926.916667	-0.260002
1927.000000	-0.258560
1927.083333	-0.257112
1927.166667	-0.255657
1927.250000	-0.254197
1927.333333	-0.252731
1927.416667	-0.251259
1927.500000	-0.249781
1927.583333	-0.248298
1927.666667	0.184471
1927.750000	0.183369
1927.833333	0.182254
1927.916667	0.181126
1928.000000	0.179985
1928.083333	0.178830
1928.166667	0.177661
1928.250000	0.176480
1928.333333	0.175285
1928.416667	0.174076
1928.500000	0.172855
1928.583333	0.171620
1928.666667	0.203688
1928.750000	0.202853
1928.833333	0.202004
1928.916667	0.201142
1929.000000	0.200267
1929.083333	0.199378
1929.166667	0.198477
1929.250000	0.197562
1929.333333	0.196633
1929.416667	0.195691
1929.500000	0.194736
1929.583333	0.193768
1929.666667	-0.178784
1929.750000	-0.177170
1929.833333	-0.175557
1929.916667	-0.173945
1930.000000	-0.172332
1930.083333	-0.170720
1930.166667	-0.169109
1930.250000	-0.167498
1930.333333	-0.165888
1930.416667	-0.164279
1930.500000	-0.162672
1930.583333	-0.161065
1930.666667	-0.296941
1930.750000	-0.295698
1930.833333	-0.294447
1930.916667	-0.293187
1931.000000	-0.291920
1931.083333	-0.290645
1931.166667	-0.289361
1931.250000	-0.288070
1931.333333	-0.286772
1931.416667	-0.285465
1931.500000	-0.284151
1931.583333	-0.282829
1931.666667	0.141428
1931.750000	0.139895
1931.833333	0.138350
1931.916667	0.136792
1932.000000	0.135221
1932.083333	0.133638
1932.166667	0.132042
1932.250000	0.130434
1932.333333	0.128813
1932.416667	0.127180
1932.500000	0.125535
1932.583333	0.123878
1932.666667	0.380444
1932.750000	0.380173
1932.833333	0.379896
1932.916667	0.379611
1933.000000	0.379318
1933.083333	0.379018
1933.166667	0.378711
1933.250000	0.378396
1933.333333	0.378073
1933.416667	0.377743
1933.500000	0.377404
1933.583333	0.377058
1933.666667	0.322936
1933.750000	0.321790
1933.833333	0.320631
1933.916667	0.319460
1934.000000	0.318275
1934.083333	0.317078
1934.166667	0.315869
1934.250000	0.314646
1934.333333	0.313410
1934.416667	0.312162
1934.500000	0.310901
1934.583333	0.309627
1934.666667	0.383862
1934.750000	0.383705
1934.833333	0.383542
1934.916667	0.383372
1935.000000	0.383195
1935.083333	0.383011
1935.166667	0.382821
1935.250000	0.382624
1935.333333	0.382420
1935.416667	0.382209
1935.500000	0.381992
1935.583333	0.381767
1935.666667	0.407406
1935.750000	0.406848
1935.833333	0.406277
1935.916667	0.405694
1936.000000	0.405099
1936.083333	0.404491
1936.166667	0.403870
1936.250000	0.403237
1936.333333	0.402591
1936.416667	0.401932
1936.500000	0.401260
1936.583333	0.400575
1936.666667	0.422333
1936.750000	0.422306
1936.833333	0.422264
1936.916667	0.422208
1937.000000	0.422137
1937.083333	0.422052
1937.166667	0.421953
1937.250000	0.421839
1937.333333	0.421710
1937.416667	0.421567
1937.500000	0.421409
1937.583333	0.421237
1937.666667	0.422288
1937.750000	0.422265
1937.833333	0.422240
1937.916667	0.422210
1938.000000	0.422178
1938.083333	0.422143
1938.166667	0.422104
1938.250000	0.422063
1938.333333	0.422019
1938.416667	0.421973
1938.500000	0.421924
1938.583333	0.421872
1938.666667	0.150669
1938.750000	0.148770
1938.833333	0.146876
1938.916667	0.144987
1939.000000	0.143104
1939.083333	0.141226
1939.166667	0.139354
1939.250000	0.137489
1939.333333	0.135629
1939.416667	0.133776
1939.500000	0.131929
1939.583333	0.130089
1939.666667	0.229548
1939.750000	0.229044
1939.833333	0.228553
1939.916667	0.228074
1940.000000	0.227609
1940.083333	0.227156
1940.166667	0.226716
1940.250000	0.226289
1940.333333	0.225875
1940.416667	0.225474
1940.500000	0.225086
1940.583333	0.224711
1940.666667	0.220292
1940.750000	0.220163
1940.833333	0.220047
1940.916667	0.219945
1941.000000	0.219857
1941.083333	0.219781
1941.166667	0.219720
1941.250000	0.219671
1941.333333	0.219636
1941.416667	0.219615
1941.500000	0.219607
1941.583333	0.219612
1941.666667	0.234548
1941.750000	0.235154
1941.833333	0.235771
1941.916667	0.236399
1942.000000	0.237037
1942.083333	0.237687
1942.166667	0.238346
1942.250000	0.239016
1942.333333	0.239697
1942.416667	0.240388
1942.500000	0.241088
1942.583333	0.241799
1942.666667	0.219609
1942.750000	0.219625
1942.833333	0.219653
1942.916667	0.219696
1943.000000	0.219751
1943.083333	0.219820
1943.166667	0.219902
1943.250000	0.219997
1943.333333	0.220105
1943.416667	0.220227
1943.500000	0.220362
1943.583333	0.220510
1943.666667	0.359025
1943.750000	0.358296
1943.833333	0.357568
1943.916667	0.356843
1944.000000	0.356120
1944.083333	0.355399
1944.166667	0.354681
1944.250000	0.353965
1944.333333	0.353252
1944.416667	0.352542
1944.500000	0.351834
1944.583333	0.351130
1944.666667	0.422248
1944.750000	0.422276
1944.833333	0.422299
1944.916667	0.422317
1945.000000	0.422331
1945.083333	0.422341
1945.166667	0.422346
1945.250000	0.422348
1945.333333	0.422345
1945.416667	0.422339
1945.500000	0.422328
1945.583333	0.422314
1945.666667	0.242868
1945.750000	0.243603
1945.833333	0.244348
1945.916667	0.245103
1946.000000	0.245867
1946.083333	0.246641
1946.166667	0.247424
1946.250000	0.248216
1946.333333	0.249017
1946.416667	0.249827
1946.500000	0.250646
1946.583333	0.251474
1946.666667	0.395626
1946.750000	0.394776
1946.833333	0.393915
1946.916667	0.393043
1947.000000	0.392159
1947.083333	0.391265
1947.166667	0.390360
1947.250000	0.389444
1947.333333	0.388518
1947.416667	0.387581
1947.500000	0.386635
1947.583333	0.385678
1947.666667	0.344676
1947.750000	0.345378
1947.833333	0.346086
1947.916667	0.346798
1948.000000	0.347516
1948.083333	0.348239
1948.166667	0.348967
1948.250000	0.349699
1948.333333	0.350436
1948.416667	0.351177
1948.500000	0.351922
1948.583333	0.352672
1948.666667	0.341943
1948.750000	0.342787
1948.833333	0.343622
1948.916667	0.344447
1949.000000	0.345263
1949.083333	0.346070
1949.166667	0.346867
1949.250000	0.347655
1949.333333	0.348434
1949.416667	0.349203
1949.500000	0.349963
1949.583333	0.350714
1949.666667	0.115145
1949.750000	0.113375
1949.833333	0.111612
1949.916667	0.109858
1950.000000	0.108112
1950.083333	0.106375
1950.166667	0.104647
1950.250000	0.102927
1950.333333	0.101217
1950.416667	0.099516
1950.500000	0.097824
1950.583333	0.096142
1950.666667	0.038521
1950.750000	0.037316
1950.833333	0.036124
1950.916667	0.034946
1951.000000	0.033782
1951.083333	0.032631
1951.166667	0.031494
1951.250000	0.030371
1951.333333	0.029262
1951.416667	0.028167
1951.500000	0.027086
1951.583333	0.026019
1951.666667	0.420298
1951.750000	0.420382
1951.833333	0.420465
1951.916667	0.420548
1952.000000	0.420631
1952.083333	0.420713
1952.166667	0.420794
1952.250000	0.420874
1952.333333	0.420954
1952.416667	0.421032
1952.500000	0.421109
1952.583333	0.421185
1952.666667	0.383113
1952.750000	0.382926
1952.833333	0.382733
1952.916667	0.382533
1953.000000	0.382326
1953.083333	0.382112
1953.166667	0.381891
1953.250000	0.381663
1953.333333	0.381428
1953.416667	0.381186
1953.500000	0.380937
1953.583333	0.380680
1953.666667	0.419293
1953.750000	0.419374
1953.833333	0.419456
1953.916667	0.419538
1954.000000	0.419620
1954.083333	0.419704
1954.166667	0.419787
1954.250000	0.419871
1954.333333	0.419955
1954.416667	0.420039
1954.500000	0.420124
1954.583333	0.420208
1954.666667	0.370886
1954.750000	0.371795
1954.833333	0.372697
1954.916667	0.373592
1955.000000	0.374481
1955.083333	0.375362
1955.166667	0.376235
1955.250000	0.377102
1955.333333	0.377961
1955.416667	0.378812
1955.500000	0.379656
1955.583333	0.380492
1955.666667	0.264772
1955.750000	0.263772
1955.833333	0.262780
1955.916667	0.261796
1956.000000	0.260822
1956.083333	0.259856
1956.166667	0.258900
1956.250000	0.257953
1956.333333	0.257015
1956.416667	0.256087
1956.500000	0.255168
1956.583333	0.254259
1956.666667	0.320892
1956.750000	0.319291
1956.833333	0.317680
1956.916667	0.316058
1957.000000	0.314425
1957.083333	0.312782
1957.166667	0.311129
1957.250000	0.309465
1957.333333	0.307791
1957.416667	0.306108
1957.500000	0.304414
1957.583333	0.302711
1957.666667	0.417726
1957.750000	0.417771
1957.833333	0.417817
1957.916667	0.417866
1958.000000	0.417917
1958.083333	0.417970
1958.166667	0.418024
1958.250000	0.418081
1958.333333	0.418139
1958.416667	0.418199
1958.500000	0.418261
1958.583333	0.418324
1958.666667	0.421483
1958.750000	0.421416
1958.833333	0.421348
1958.916667	0.421278
1959.000000	0.421207
1959.083333	0.421134
1959.166667	0.421061
1959.250000	0.420986
1959.333333	0.420910
1959.416667	0.420833
1959.500000	0.420755
1959.583333	0.420676
1959.666667	0.422148
1959.750000	0.422099
1959.833333	0.422045
1959.916667	0.421984
1960.000000	0.421917
1960.083333	0.421844
1960.166667	0.421764
1960.250000	0.421678
1960.333333	0.421585
1960.416667	0.421486
1960.500000	0.421379
1960.583333	0.421266
1960.666667	0.388326
1960.750000	0.387420
1960.833333	0.386501
1960.916667	0.385568
1961.000000	0.384621
1961.083333	0.383660
1961.166667	0.382686
1961.250000	0.381697
1961.333333	0.380695
1961.416667	0.379679
1961.500000	0.378650
1961.583333	0.377606
1961.666667	0.269680
1961.750000	0.267820
1961.833333	0.265954
1961.916667	0.264082
1962.000000	0.262203
1962.083333	0.260320
1962.166667	0.258430
1962.250000	0.256535
1962.333333	0.254635
1962.416667	0.252729
1962.500000	0.250819
1962.583333	0.248904
1962.666667	0.407375
1962.750000	0.406816
1962.833333	0.406245
1962.916667	0.405661
1963.000000	0.405065
1963.083333	0.404456
1963.166667	0.403835
1963.250000	0.403201
1963.333333	0.402554
1963.416667	0.401894
1963.500000	0.401222
1963.583333	0.400536
1963.666667	0.009678
1963.750000	0.010462
1963.833333	0.011260
1963.916667	0.012071
1964.000000	0.012895
1964.083333	0.013732
1964.166667	0.014582
1964.250000	0.015446
1964.333333	0.016322
1964.416667	0.017211
1964.500000	0.018113
1964.583333	0.019027
1964.666667	0.293631
1964.750000	0.294901
1964.833333	0.296162
1964.916667	0.297414
1965.000000	0.298657
1965.083333	0.299891
1965.166667	0.301117
1965.250000	0.302333
1965.333333	0.303540
1965.416667	0.304738
1965.500000	0.305927
1965.583333	0.307107
1965.666667	0.368988
1965.750000	0.369473
1965.833333	0.369950
1965.916667	0.370419
1966.000000	0.370880
1966.083333	0.371333
1966.166667	0.371778
1966.250000	0.372216
1966.333333	0.372645
1966.416667	0.373067
1966.500000	0.373482
1966.583333	0.373888
1966.666667	0.031222
1966.750000	0.032299
1966.833333	0.033387
1966.916667	0.034487
1967.000000	0.035598
1967.083333	0.036720
1967.166667	0.037854
1967.250000	0.039000
1967.333333	0.040156
1967.416667	0.041323
1967.500000	0.042502
1967.583333	0.043691
1967.666667	0.130239
1967.750000	0.131716
1967.833333	0.133185
1967.916667	0.134644
1968.000000	0.136093
1968.083333	0.137534
1968.166667	0.138965
1968.250000	0.140386
1968.333333	0.141798
1968.416667	0.143200
1968.500000	0.144593
1968.583333	0.145975
1968.666667	-0.377014
1968.750000	-0.377433
1968.833333	-0.377844
1968.916667	-0.378247
1969.000000	-0.378642
1969.083333	-0.379029
1969.166667	-0.379409
1969.250000	-0.379781
1969.333333	-0.380145
1969.416667	-0.380501
1969.500000	-0.380850
1969.583333	-0.381192
1969.666667	-0.262655
1969.750000	-0.261224
1969.833333	-0.259787
1969.916667	-0.258344
1970.000000	-0.256895
1970.083333	-0.255439
1970.166667	-0.253978
1970.250000	-0.252511
1970.333333	-0.251038
1970.416667	-0.249560
1970.500000	-0.248076
1970.583333	-0.246587
1970.666667	-0.144593
1970.750000	-0.143011
1970.833333	-0.141431
1970.916667	-0.139855
1971.000000	-0.138281
1971.083333	-0.136711
1971.166667	-0.135145
1971.250000	-0.133582
1971.333333	-0.132022
1971.416667	-0.130467
1971.500000	-0.128916
1971.583333	-0.127368
1971.666667	-0.259037
1971.750000	-0.258281
1971.833333	-0.257532
1971.916667	-0.256791
1972.000000	-0.256058
1972.083333	-0.255332
1972.166667	-0.254615
1972.250000	-0.253906
1972.333333	-0.253205
1972.416667	-0.252513
1972.500000	-0.251828
1972.583333	-0.251153
1972.666667	-0.387125
1972.750000	-0.386396
1972.833333	-0.385659
1972.916667	-0.384916
1973.000000	-0.384166
1973.083333	-0.383409
1973.166667	-0.382645
1973.250000	-0.381874
1973.333333	-0.381096
1973.416667	-0.380312
1973.500000	-0.379521
1973.583333	-0.378724
1973.666667	-0.240600
1973.750000	-0.242440
1973.833333	-0.244277
1973.916667	-0.246110
1974.000000	-0.247940
1974.083333	-0.249767
1974.166667	-0.251589
1974.250000	-0.253408
1974.333333	-0.255222
1974.416667	-0.257033
1974.500000	-0.258838
1974.583333	-0.260639
1974.666667	-0.417009
1974.750000	-0.416744
1974.833333	-0.416472
1974.916667	-0.416193
1975.000000	-0.415906
1975.083333	-0.415612
1975.166667	-0.415311
1975.250000	-0.415002
1975.333333	-0.414685
1975.416667	-0.414361
1975.500000	-0.414030
1975.583333	-0.413690
1975.666667	-0.421773
1975.750000	-0.421648
1975.833333	-0.421512
1975.916667	-0.421363
1976.000000	-0.421203
1976.083333	-0.421031
1976.166667	-0.420847
1976.250000	-0.420651
1976.333333	-0.420444
1976.416667	-0.420225
1976.500000	-0.419995
1976.583333	-0.419754
1976.666667	-0.418647
1976.750000	-0.418349
1976.833333	-0.418040
1976.916667	-0.417720
1977.000000	-0.417389
1977.083333	-0.417048
1977.166667	-0.416696
1977.250000	-0.416334
1977.333333	-0.415962
1977.416667	-0.415579
1977.500000	-0.415186
1977.583333	-0.414783
1977.666667	-0.373242
1977.750000	-0.372397
1977.833333	-0.371546
1977.916667	-0.370690
1978.000000	-0.369827
1978.083333	-0.368959
1978.166667	-0.368086
1978.250000	-0.367207
1978.333333	-0.366322
1978.416667	-0.365433
1978.500000	-0.364538
1978.583333	-0.363638
1978.666667	-0.404811
1978.750000	-0.405307
1978.833333	-0.405797
1978.916667	-0.406281
1979.000000	-0.406758
1979.083333	-0.407228
1979.166667	-0.407692
1979.250000	-0.408150
1979.333333	-0.408601
1979.416667	-0.409045
1979.500000	-0.409483
1979.583333	-0.409914
1979.666667	-0.321343
1979.750000	-0.320864
1979.833333	-0.320393
1979.916667	-0.319930
1980.000000	-0.319475
1980.083333	-0.319027
1980.166667	-0.318588
1980.250000	-0.318157
1980.333333	-0.317733
1980.416667	-0.317318
1980.500000	-0.316912
1980.583333	-0.316513
1980.666667	-0.370154
1980.750000	-0.369050
1980.833333	-0.367935
1980.916667	-0.366810
1981.000000	-0.365674
1981.083333	-0.364529
1981.166667	-0.363374
1981.250000	-0.362209
1981.333333	-0.361034
1981.416667	-0.359849
1981.500000	-0.358655
1981.583333	-0.357452
1981.666667	-0.362228
1981.750000	-0.362942
1981.833333	-0.363656
1981.916667	-0.364370
1982.000000	-0.365083
1982.083333	-0.365797
1982.166667	-0.366511
1982.250000	-0.367224
1982.333333	-0.367936
1982.416667	-0.368648
1982.500000	-0.369359
1982.583333	-0.370069
1982.666667	-0.419678
1982.750000	-0.419870
1982.833333	-0.420057
1982.916667	-0.420237
1983.000000	-0.420411
1983.083333	-0.420578
1983.166667	-0.420738
1983.250000	-0.420891
1983.333333	-0.421038
1983.416667	-0.421177
1983.500000	-0.421309
1983.583333	-0.421434
1983.666667	-0.388506
1983.750000	-0.388319
1983.833333	-0.388136
1983.916667	-0.387957
1984.000000	-0.387783
1984.083333	-0.387614
1984.166667	-0.387449
1984.250000	-0.387289
1984.333333	-0.387134
1984.416667	-0.386984
1984.500000	-0.386838
1984.583333	-0.386698
1984.666667	-0.180024
1984.750000	-0.177999
1984.833333	-0.175970
1984.916667	-0.173938
1985.000000	-0.171903
1985.083333	-0.169865
1985.166667	-0.167824
1985.250000	-0.165780
1985.333333	-0.163734
1985.416667	-0.161686
1985.500000	-0.159635
1985.583333	-0.157582
1985.666667	-0.412371
1985.750000	-0.412687
1985.833333	-0.413000
1985.916667	-0.413310
1986.000000	-0.413617
1986.083333	-0.413920
1986.166667	-0.414221
1986.250000	-0.414518
1986.333333	-0.414812
1986.416667	-0.415102
1986.500000	-0.415388
1986.583333	-0.415671
1986.666667	-0.105371
1986.750000	-0.105052
1986.833333	-0.104746
1986.916667	-0.104452
1987.000000	-0.104171
1987.083333	-0.103904
1987.166667	-0.103649
1987.250000	-0.103407
1987.333333	-0.103178
1987.416667	-0.102962
1987.500000	-0.102758
1987.583333	-0.102568
1987.666667	-0.370979
1987.750000	-0.371745
1987.833333	-0.372503
1987.916667	-0.373253
1988.000000	-0.373996
1988.083333	-0.374730
1988.166667	-0.375457
1988.250000	-0.376176
1988.333333	-0.376888
1988.416667	-0.377591
1988.500000	-0.378287
1988.583333	-0.378975
1988.666667	-0.093769
1988.750000	-0.093075
1988.833333	-0.092368
1988.916667	-0.091650
1989.000000	-0.090920
1989.083333	-0.090178
1989.166667	-0.089423
1989.250000	-0.088657
1989.333333	-0.087879
1989.416667	-0.087090
1989.500000	-0.086288
1989.583333	-0.085474
1989.666667	0.306923
1989.750000	0.307592
1989.833333	0.308252
1989.916667	0.308901
1990.000000	0.309541
1990.083333	0.310172
1990.166667	0.310793
1990.250000	0.311404
1990.333333	0.312006
1990.416667	0.312599
1990.500000	0.313182
1990.583333	0.313756
1990.666667	-0.113236
1990.750000	-0.113309
1990.833333	-0.113370
1990.916667	-0.113419
1991.000000	-0.113457
1991.083333	-0.113482
1991.166667	-0.113496
1991.250000	-0.113498
1991.333333	-0.113488
1991.416667	-0.113466
1991.500000	-0.113432
1991.583333	-0.113387
1991.666667	0.080584
1991.750000	0.078943
1991.833333	0.077303
1991.916667	0.075664
1992.000000	0.074027
1992.083333	0.072392
1992.166667	0.070758
1992.250000	0.069126
1992.333333	0.067496
1992.416667	0.065868
1992.500000	0.064242
1992.583333	0.062618
1992.666667	0.139051
1992.750000	0.139602
1992.833333	0.140165
1992.916667	0.140738
1993.000000	0.141323
1993.083333	0.141918
1993.166667	0.142523
1993.250000	0.143140
1993.333333	0.143767
1993.416667	0.144404
1993.500000	0.145053
1993.583333	0.145712
1993.666667	0.243509
1993.750000	0.242292
1993.833333	0.241077
1993.916667	0.239864
1994.000000	0.238652
1994.083333	0.237442
1994.166667	0.236234
1994.250000	0.235028
1994.333333	0.233824
1994.416667	0.232622
1994.500000	0.231422
1994.583333	0.230224
1994.666667	0.413064
1994.750000	0.412738
1994.833333	0.412409
1994.916667	0.412076
1995.000000	0.411739
1995.083333	0.411399
1995.166667	0.411056
1995.250000	0.410709
1995.333333	0.410360
1995.416667	0.410008
1995.500000	0.409652
1995.583333	0.409295
1995.666667	0.420646
1995.750000	0.420647
1995.833333	0.420647
1995.916667	0.420647
1996.000000	0.420645
1996.083333	0.420642
1996.166667	0.420638
1996.250000	0.420633
1996.333333	0.420627
1996.416667	0.420620
1996.500000	0.420612
1996.583333	0.420602
1996.666667	0.218192
1996.750000	0.217027
1996.833333	0.215867
1996.916667	0.214709
1997.000000	0.213556
1997.083333	0.212406
1997.166667	0.211261
1997.250000	0.210119
1997.333333	0.208982
1997.416667	0.207849
1997.500000	0.206720
1997.583333	0.205596
1997.666667	0.405217
1997.750000	0.405569
1997.833333	0.405919
1997.916667	0.406268
1998.000000	0.406615
1998.083333	0.406960
1998.166667	0.407304
1998.250000	0.407645
1998.333333	0.407984
1998.416667	0.408321
1998.500000	0.408656
1998.583333	0.408989
1998.666667	0.381021
1998.750000	0.380381
1998.833333	0.379740
1998.916667	0.379099
1999.000000	0.378458
1999.083333	0.377816
1999.166667	0.377173
1999.250000	0.376531
1999.333333	0.375888
1999.416667	0.375246
1999.500000	0.374603
1999.583333	0.373961
1999.666667	0.346120
1999.750000	0.347313
1999.833333	0.348498
1999.916667	0.349677
2000.000000	0.350849
2000.083333	0.352014
2000.166667	0.353171
2000.250000	0.354322
2000.333333	0.355465
2000.416667	0.356600
2000.500000	0.357728
2000.583333	0.358848
2000.666667	0.158036
2000.750000	0.158872
2000.833333	0.159718
2000.916667	0.160573
2001.000000	0.161438
2001.083333	0.162312
2001.166667	0.163196
2001.250000	0.164089
2001.333333	0.164991
2001.416667	0.165903
2001.500000	0.166824
2001.583333	0.167754
2001.666667	0.421988
2001.750000	0.421917
2001.833333	0.421839
2001.916667	0.421754
2002.000000	0.421663
2002.083333	0.421566
2002.166667	0.421462
2002.250000	0.421352
2002.333333	0.421235
2002.416667	0.421111
2002.500000	0.420981
2002.583333	0.420844
2002.666667	0.298165
2002.750000	0.299262
2002.833333	0.300360
2002.916667	0.301461
2003.000000	0.302563
2003.083333	0.303667
2003.166667	0.304772
2003.250000	0.305879
2003.333333	0.306987
2003.416667	0.308096
2003.500000	0.309206
2003.583333	0.310317
2003.666667	0.422112
2003.750000	0.422163
2003.833333	0.422208
2003.916667	0.422247
2004.000000	0.422279
2004.083333	0.422305
2004.166667	0.422325
2004.250000	0.422339
2004.333333	0.422346
2004.416667	0.422347
2004.500000	0.422342
2004.583333	0.422331
2004.666667	0.383792
2004.750000	0.383148
2004.833333	0.382498
2004.916667	0.381841
2005.000000	0.381176
2005.083333	0.380504
2005.166667	0.379826
2005.250000	0.379140
2005.333333	0.378447
2005.416667	0.377747
2005.500000	0.377041
2005.583333	0.376327
2005.666667	0.417395
2005.750000	0.417275
2005.833333	0.417153
2005.916667	0.417027
2006.000000	0.416899
2006.083333	0.416767
2006.166667	0.416632
2006.250000	0.416493
2006.333333	0.416352
2006.416667	0.416207
2006.500000	0.416058
2006.583333	0.415906
2006.666667	0.387355
2006.750000	0.387683
2006.833333	0.388013
2006.916667	0.388345
2007.000000	0.388680
2007.083333	0.389017
2007.166667	0.389356
2007.250000	0.389697
2007.333333	0.390040
2007.416667	0.390385
2007.500000	0.390731
2007.583333	0.391079
2007.666667	0.345288
2007.750000	0.346360
2007.833333	0.347429
2007.916667	0.348494
2008.000000	0.349556
2008.083333	0.350614
2008.166667	0.351669
2008.250000	0.352719
2008.333333	0.353765
2008.416667	0.354808
2008.500000	0.355846
2008.583333	0.356879
2008.666667	0.377858
2008.750000	0.377268
2008.833333	0.376676
2008.916667	0.376085
2009.000000	0.375493
2009.083333	0.374900
2009.166667	0.374307
2009.250000	0.373714
2009.333333	0.373121
2009.416667	0.372528
2009.500000	0.371935
2009.583333	0.371343
2009.666667	0.391025
2009.750000	0.390472
2009.833333	0.389917
2009.916667	0.389360
2010.000000	0.388800
2010.083333	0.388238
2010.166667	0.387673
2010.250000	0.387106
2010.333333	0.386538
2010.416667	0.385967
2010.500000	0.385394
2010.583333	0.384820
2010.666667	0.377161
2010.750000	0.376403
2010.833333	0.375638
2010.916667	0.374868
2011.000000	0.374093
2011.083333	0.373311
2011.166667	0.372524
2011.250000	0.371731
2011.333333	0.370932
2011.416667	0.370128
2011.500000	0.369318
2011.583333	0.368503
2011.666667	0.422129
2011.750000	0.422098
2011.833333	0.422065
2011.916667	0.422031
2012.000000	0.421996
2012.083333	0.421959
2012.166667	0.421921
2012.250000	0.421881
2012.333333	0.421840
2012.416667	0.421799
2012.500000	0.421756
2012.583333	0.421712
2012.666667	0.400643
2012.750000	0.400125
2012.833333	0.399600
2012.916667	0.399068
2013.000000	0.398530
2013.083333	0.397984
2013.166667	0.397432
2013.250000	0.396873
2013.333333	0.396308
2013.416667	0.395735
2013.500000	0.395156
2013.583333	0.394570
2013.666667	0.402764
2013.750000	0.402275
2013.833333	0.401779
2013.916667	0.401276
2014.000000	0.400766
2014.083333	0.400250
2014.166667	0.399727
2014.250000	0.399197
2014.333333	0.398660
2014.416667	0.398116
2014.500000	0.397565
2014.583333	0.397008
2014.666667	0.421520
2014.750000	0.421565
2014.833333	0.421610
2014.916667	0.421654
2015.000000	0.421697
2015.083333	0.421740
2015.166667	0.421781
2015.250000	0.421822
2015.333333	0.421861
2015.416667	0.421900
2015.500000	0.421937
2015.583333	0.421973
2015.666667	0.420676
2015.750000	0.420490
2015.833333	0.420295
2015.916667	0.420091
2016.000000	0.419877
2016.083333	0.419655
2016.166667	0.419423
2016.250000	0.419182
2016.333333	0.418933
2016.416667	0.418674
2016.500000	0.418407
2016.583333	0.418131
2016.666667	0.403465
2016.750000	0.402985
2016.833333	0.402499
2016.916667	0.402006
2017.000000	0.401507
2017.083333	0.401000
2017.166667	0.400487
2017.250000	0.399967
2017.333333	0.399440
2017.416667	0.398906
2017.500000	0.398365
2017.583333	0.397818
2017.666667	0.422335
2017.750000	0.422325
2017.833333	0.422313
2017.916667	0.422299
2018.000000	0.422282
2018.083333	0.422264
2018.166667	0.422243
2018.250000	0.422220
2018.333333	0.422195
2018.416667	0.422168
2018.500000	0.422140
2018.583333	0.422109
2018.666667	0.419464
2018.750000	0.419484
2018.833333	0.419505
2018.916667	0.419528
2019.000000	0.419552
2019.083333	0.419577
2019.166667	0.419604
2019.250000	0.419631
2019.333333	0.419660
2019.416667	0.419690
2019.500000	0.419721
2019.583333	0.419753
2019.666667	0.387451
2019.750000	0.387110
2019.833333	0.386773
2019.916667	0.386439
2020.000000	0.386107
2020.083333	0.385779
2020.166667	0.385454
2020.250000	0.385133
2020.333333	0.384815
2020.416667	0.384500
2020.500000	0.384188
2020.583333	0.383881
2020.666667	0.420712
2020.750000	0.420529
2020.833333	0.420336
2020.916667	0.420133
2021.000000	0.419922
2021.083333	0.419701
2021.166667	0.419471
2021.250000	0.419232
2021.333333	0.418985
2021.416667	0.418728
2021.500000	0.418463
2021.583333	0.418189
2021.666667	0.397541
2021.750000	0.398182
2021.833333	0.398813
2021.916667	0.399434
2022.000000	0.400045
2022.083333	0.400646
2022.166667	0.401237
2022.250000	0.401818
2022.333333	0.402389
2022.416667	0.402950
2022.500000	0.403502
2022.583333	0.404043
