1950.000000	0.967301
1950.083333	1.258359
1950.166667	0.918166
1950.250000	0.691653
1950.333333	0.939505
1950.416667	0.089746
1950.500000	0.583781
1950.583333	0.478100
1950.666667	0.181977
1950.750000	0.375986
1950.833333	0.863339
1950.916667	0.475841
1951.000000	0.555115
1951.083333	0.742481
1951.166667	0.505524
1951.250000	0.222576
1951.333333	0.051598
1951.416667	-0.531946
1951.500000	-0.771231
1951.583333	-0.129753
1951.666667	-0.726286
1951.750000	0.085378
1951.833333	0.329190
1951.916667	0.862573
1952.000000	1.397892
1952.083333	0.562880
1952.166667	0.928609
1952.250000	0.619693
1952.333333	0.872704
1952.416667	1.067565
1952.500000	0.561084
1952.583333	-0.154665
1952.666667	0.062284
1952.750000	-0.395483
1952.833333	-0.116870
1952.916667	0.238499
1953.000000	-0.301500
1953.083333	0.019997
1953.166667	0.226960
1953.250000	-0.042738
1953.333333	-0.175871
1953.416667	0.110107
1953.500000	0.230600
1953.583333	0.418261
1953.666667	0.191731
1953.750000	0.258359
1953.833333	0.357140
1953.916667	-0.079214
1954.000000	-0.135260
1954.083333	-0.071050
1954.166667	-0.243949
1954.250000	-0.097184
1954.333333	-0.514612
1954.416667	-0.590118
1954.500000	-0.435438
1954.583333	-0.047249
1954.666667	0.393250
1954.750000	-0.116139
1954.833333	-0.712201
1954.916667	-0.460329
1955.000000	-0.376654
1955.083333	-0.108304
1955.166667	-0.018723
1955.250000	0.380220
1955.333333	0.322121
1955.416667	0.556050
1955.500000	0.433691
1955.583333	0.675125
1955.666667	0.463251
1955.750000	1.000860
1955.833333	0.718708
1955.916667	0.652519
1956.000000	0.728164
1956.083333	0.789242
1956.166667	1.004638
1956.250000	0.710949
1956.333333	0.325373
1956.416667	0.820197
1956.500000	0.218798
1956.583333	0.143333
1956.666667	0.309032
1956.750000	0.908722
1956.833333	0.859773
1956.916667	0.372731
1957.000000	0.832714
1957.083333	0.979099
1957.166667	0.586465
1957.250000	0.469992
1957.333333	0.463493
1957.416667	0.005192
1957.500000	0.297959
1957.583333	0.326135
1957.666667	-0.802014
1957.750000	-0.582078
1957.833333	-0.811561
1957.916667	-0.175650
1958.000000	-0.229093
1958.083333	-0.410251
1958.166667	-0.225553
1958.250000	-0.447638
1958.333333	-0.509820
1958.416667	-0.540484
1958.500000	-0.577605
1958.583333	-1.068302
1958.666667	-0.459299
1958.750000	0.173890
1958.833333	-0.305755
1958.916667	-0.744006
1959.000000	-0.539275
1959.083333	-0.102053
1959.166667	0.031118
1959.250000	-0.216825
1959.333333	-0.354079
1959.416667	-0.352814
1959.500000	-0.173298
1959.583333	0.303327
1959.666667	0.882374
1959.750000	-0.224798
1959.833333	-0.729356
1959.916667	-1.007697
1960.000000	-0.663313
1960.083333	-0.774398
1960.166667	-0.652402
1960.250000	-0.618931
1960.333333	-0.702832
1960.416667	-0.669270
1960.500000	-0.046211
1960.583333	-0.379672
1960.666667	0.027102
1960.750000	-0.486893
1960.833333	-0.467595
1960.916667	-0.648292
1961.000000	-1.059241
1961.083333	-0.979991
1961.166667	-0.950366
1961.250000	-1.002066
1961.333333	-0.566601
1961.416667	-0.029993
1961.500000	0.128108
1961.583333	0.042605
1961.666667	0.141645
1961.750000	1.038684
1961.833333	0.509854
1961.916667	1.127966
1962.000000	0.409386
1962.083333	0.261139
1962.166667	0.202782
1962.250000	-0.138656
1962.333333	0.236683
1962.416667	0.324418
1962.500000	0.606498
1962.583333	0.867826
1962.666667	1.378146
1962.750000	0.942183
1962.833333	-0.016089
1962.916667	-0.053680
1963.000000	0.021971
1963.083333	0.059623
1963.166667	0.369564
1963.250000	0.659202
1963.333333	1.333035
1963.416667	1.193630
1963.500000	1.541345
1963.583333	1.161398
1963.666667	0.482483
1963.750000	1.006814
1963.833333	0.978025
1963.916667	0.017597
1964.000000	0.054951
1964.083333	0.064841
1964.166667	0.216316
1964.250000	0.278705
1964.333333	0.919262
1964.416667	0.717556
1964.500000	1.248954
1964.583333	1.463291
1964.666667	0.697797
1964.750000	0.416741
1964.833333	0.602590
1964.916667	0.599447
1965.000000	0.627550
1965.083333	0.265777
1965.166667	0.222946
1965.250000	0.453423
1965.333333	0.221957
1965.416667	-0.273984
1965.500000	0.045801
1965.583333	-0.076067
1965.666667	-0.620361
1965.750000	-0.811007
1965.833333	-0.060839
1965.916667	0.112122
1966.000000	0.553552
1966.083333	0.037012
1966.166667	0.035855
1966.250000	0.069709
1966.333333	-0.033122
1966.416667	0.100488
1966.500000	-0.449345
1966.583333	-0.673103
1966.666667	-0.726269
1966.750000	-0.327377
1966.833333	0.180782
1966.916667	0.273470
1967.000000	0.144123
1967.083333	0.100976
1967.166667	0.321832
1967.250000	0.847212
1967.333333	0.898989
1967.416667	0.713540
1967.500000	0.547166
1967.583333	0.974786
1967.666667	0.414689
1967.750000	0.349622
1967.833333	0.606832
1967.916667	0.743632
1968.000000	0.375611
1968.083333	0.290049
1968.166667	-0.119374
1968.250000	-0.071605
1968.333333	-0.245015
1968.416667	-0.279151
1968.500000	-0.482106
1968.583333	-0.348570
1968.666667	-0.165746
1968.750000	0.031818
1968.833333	-0.330614
1968.916667	-0.425918
1969.000000	-0.063077
1969.083333	0.205495
1969.166667	0.093399
1969.250000	0.220404
1969.333333	-0.002573
1969.416667	-0.790813
1969.500000	-0.513835
1969.583333	0.333830
1969.666667	0.620365
1969.750000	-0.564652
1969.833333	-0.560763
1969.916667	-0.955158
1970.000000	-0.936959
1970.083333	-0.935748
1970.166667	-0.872938
1970.250000	-0.251976
1970.333333	-0.149786
1970.416667	-0.229228
1970.500000	0.148318
1970.583333	0.321453
1970.666667	0.344280
1970.750000	0.488908
1970.833333	0.738776
1970.916667	1.278817
1971.000000	0.657998
1971.083333	0.561846
1971.166667	0.337989
1971.250000	0.251088
1971.333333	-0.009094
1971.416667	0.129167
1971.500000	0.941701
1971.583333	0.148658
1971.666667	0.330304
1971.750000	0.308929
1971.833333	0.709999
1971.916667	0.858677
1972.000000	0.638086
1972.083333	0.387447
1972.166667	0.196481
1972.250000	0.288404
1972.333333	0.352253
1972.416667	0.173540
1972.500000	-0.089118
1972.583333	-0.416875
1972.666667	-0.020716
1972.750000	-0.137373
1972.833333	0.137494
1972.916667	-0.167576
1973.000000	-0.552176
1973.083333	-0.471477
1973.166667	-0.141464
1973.250000	-0.469333
1973.333333	-0.285546
1973.416667	-0.130028
1973.500000	-0.372976
1973.583333	-0.287731
1973.666667	-0.573860
1973.750000	-0.260241
1973.833333	0.578079
1973.916667	0.663968
1974.000000	0.374529
1974.083333	0.536000
1974.166667	0.359011
1974.250000	0.006954
1974.333333	0.044212
1974.416667	0.073414
1974.500000	0.153746
1974.583333	-0.287185
1974.666667	-0.793096
1974.750000	-0.578881
1974.833333	-0.457881
1974.916667	-0.099870
1975.000000	-0.048573
1975.083333	0.007215
1975.166667	-0.049210
1975.250000	-0.028083
1975.333333	0.063368
1975.416667	-0.452942
1975.500000	-0.692101
1975.583333	-0.603367
1975.666667	-0.625275
1975.750000	0.233655
1975.833333	0.364388
1975.916667	0.156030
1976.000000	-0.158892
1976.083333	-0.263088
1976.166667	-0.092391
1976.250000	-0.129635
1976.333333	-0.225157
1976.416667	0.279455
1976.500000	-0.510840
1976.583333	-0.865772
1976.666667	-0.657560
1976.750000	-0.790181
1976.833333	-0.891949
1976.916667	-0.699944
1977.000000	-0.902054
1977.083333	-1.005786
1977.166667	-0.798883
1977.250000	-0.604543
1977.333333	-0.123940
1977.416667	-0.417837
1977.500000	-0.306607
1977.583333	-0.865264
1977.666667	0.073321
1977.750000	0.307725
1977.833333	-0.508115
1977.916667	-0.521643
1978.000000	-0.673656
1978.083333	-0.737333
1978.166667	-1.055141
1978.250000	-0.649771
1978.333333	-0.996122
1978.416667	-0.563221
1978.500000	-0.388341
1978.583333	-0.528085
1978.666667	0.192424
1978.750000	-0.134750
1978.833333	-0.111585
1978.916667	-0.125068
1979.000000	-0.217424
1979.083333	-0.131957
1979.166667	-0.189666
1979.250000	-0.119806
1979.333333	-0.737114
1979.416667	-0.507309
1979.500000	-0.078862
1979.583333	-0.611009
1979.666667	-0.571991
1979.750000	-1.173012
1979.833333	-0.604853
1979.916667	-0.448092
1980.000000	-0.273670
1980.083333	-0.583583
1980.166667	-0.478372
1980.250000	-0.710393
1980.333333	-0.964618
1980.416667	-0.052862
1980.500000	0.204962
1980.583333	0.035045
1980.666667	-0.052780
1980.750000	-1.155158
1980.833333	-0.964623
1980.916667	-0.955997
1981.000000	-0.858192
1981.083333	-1.042529
1981.166667	-1.014238
1981.250000	-0.813504
1981.333333	-1.086120
1981.416667	-1.139527
1981.500000	-0.950936
1981.583333	-1.018513
1981.666667	-0.891981
1981.750000	0.431051
1981.833333	0.289599
1981.916667	0.129323
1982.000000	-0.107460
1982.083333	0.151775
1982.166667	0.131949
1982.250000	0.397957
1982.333333	0.368436
1982.416667	-0.219108
1982.500000	-0.835728
1982.583333	-0.710764
1982.666667	-0.819668
1982.750000	-0.513282
1982.833333	0.308088
1982.916667	-0.073400
1983.000000	-0.536833
1983.083333	-0.886884
1983.166667	-1.201532
1983.250000	-1.294012
1983.333333	-0.973545
1983.416667	-0.995646
1983.500000	-1.251349
1983.583333	-0.712342
1983.666667	0.461082
1983.750000	0.636904
1983.833333	0.366610
1983.916667	-0.214793
1984.000000	-0.262679
1984.083333	-0.205821
1984.166667	-0.568052
1984.250000	-0.517780
1984.333333	-0.728639
1984.416667	-0.302144
1984.500000	-0.560768
1984.583333	-0.709725
1984.666667	0.208855
1984.750000	-0.114252
1984.833333	0.087032
1984.916667	-0.058364
1985.000000	-0.553737
1985.083333	-0.563851
1985.166667	-0.274889
1985.250000	-0.418459
1985.333333	-0.088111
1985.416667	-0.291331
1985.500000	-0.224201
1985.583333	-0.234930
1985.666667	0.686878
1985.750000	0.791166
1985.833333	1.049484
1985.916667	0.190329
1986.000000	-0.454568
1986.083333	-0.773992
1986.166667	-0.882134
1986.250000	-0.569259
1986.333333	-0.400032
1986.416667	-0.465673
1986.500000	-0.549153
1986.583333	-0.471267
1986.666667	-0.562818
1986.750000	-0.263764
1986.833333	-0.335743
1986.916667	-0.466585
1987.000000	-0.946718
1987.083333	-1.173987
1987.166667	-1.147109
1987.250000	-1.322920
1987.333333	-1.098227
1987.416667	-0.806360
1987.500000	-1.412861
1987.583333	-1.309746
1987.666667	-0.868542
1987.750000	-0.681433
1987.833333	-0.293287
1987.916667	-0.553223
1988.000000	-0.776153
1988.083333	-0.956923
1988.166667	-1.002516
1988.250000	-0.850465
1988.333333	-0.807437
1988.416667	-0.032288
1988.500000	-0.061366
1988.583333	-0.125289
1988.666667	-0.421098
1988.750000	-0.213488
1988.833333	0.336560
1988.916667	0.182947
1989.000000	0.224317
1989.083333	0.025396
1989.166667	-0.000807
1989.250000	-0.137209
1989.333333	0.253694
1989.416667	0.158250
1989.500000	0.392016
1989.583333	-0.019464
1989.666667	-0.092424
1989.750000	0.088407
1989.833333	0.580057
1989.916667	0.283843
1990.000000	0.158651
1990.083333	0.036554
1990.166667	-0.035040
1990.250000	-0.250258
1990.333333	0.030110
1990.416667	0.465010
1990.500000	0.637806
1990.583333	0.304528
1990.666667	0.604287
1990.750000	0.849482
1990.833333	1.244886
1990.916667	1.089881
1991.000000	1.046336
1991.083333	0.673956
1991.166667	0.645156
1991.250000	0.668214
1991.333333	0.327508
1991.416667	0.901999
1991.500000	0.811808
1991.583333	0.473686
1991.666667	-0.001440
1991.750000	-0.463039
1991.833333	-0.330032
1991.916667	-0.423575
1992.000000	-0.780048
1992.083333	-0.686329
1992.166667	-0.499483
1992.250000	-0.575690
1992.333333	-0.631913
1992.416667	-0.536123
1992.500000	-0.541851
1992.583333	-0.398716
1992.666667	-0.044119
1992.750000	-0.081712
1992.833333	-0.283665
1992.916667	-0.262465
1993.000000	-0.010400
1993.083333	-0.255610
1993.166667	-0.519290
1993.250000	-0.672367
1993.333333	-0.852692
1993.416667	-0.797679
1993.500000	-0.692181
1993.583333	-1.026178
1993.666667	-0.892715
1993.750000	-0.423765
1993.833333	-0.074719
1993.916667	0.038218
1994.000000	-0.431480
1994.083333	-0.247208
1994.166667	-0.184715
1994.250000	-0.387111
1994.333333	-0.480607
1994.416667	-0.096740
1994.500000	0.111191
1994.583333	0.392281
1994.666667	0.613599
1994.750000	0.420635
1994.833333	0.882950
1994.916667	1.306140
1995.000000	0.172452
1995.083333	-0.250163
1995.166667	-0.272251
1995.250000	-0.259186
1995.333333	-0.616466
1995.416667	-0.525633
1995.500000	-0.755260
1995.583333	-0.060730
1995.666667	-0.200710
1995.750000	0.066963
1995.833333	0.253565
1995.916667	0.321162
1996.000000	0.032657
1996.083333	-0.081163
1996.166667	-0.144881
1996.250000	-0.294604
1996.333333	-0.514616
1996.416667	-0.114372
1996.500000	0.149422
1996.583333	0.142233
1996.666667	0.033887
1996.750000	0.001175
1996.833333	0.006127
1996.916667	0.187995
1997.000000	-0.170722
1997.083333	-0.169582
1997.166667	-0.250243
1997.250000	-0.714842
1997.333333	-0.749279
1997.416667	-0.827534
1997.500000	-0.323403
1997.583333	-0.502005
1997.666667	-0.084348
1997.750000	-0.240132
1997.833333	-0.365968
1997.916667	-0.292307
1998.000000	-0.621396
1998.083333	-0.919413
1998.166667	-1.003939
1998.250000	-0.618798
1998.333333	-0.042712
1998.416667	0.182456
1998.500000	0.237268
1998.583333	-0.303248
1998.666667	-0.056975
1998.750000	1.018536
1998.833333	0.622689
1998.916667	0.449730
1999.000000	0.130922
1999.083333	0.108707
1999.166667	-0.063201
1999.250000	0.059538
1999.333333	0.056976
1999.416667	0.291383
1999.500000	0.100268
1999.583333	0.126050
1999.666667	0.119956
1999.750000	0.599400
1999.833333	0.656186
1999.916667	0.780183
2000.000000	0.797547
2000.083333	0.509026
2000.166667	0.192565
2000.250000	0.102235
2000.333333	0.183092
2000.416667	0.144287
2000.500000	0.074339
2000.583333	0.418566
2000.666667	0.596452
2000.750000	0.429625
2000.833333	0.545981
2000.916667	0.134110
2001.000000	-0.295048
2001.083333	-0.225903
2001.166667	-0.294125
2001.250000	0.037909
2001.333333	-0.149871
2001.416667	0.287623
2001.500000	0.822493
2001.583333	1.025508
2001.666667	0.723808
2001.750000	0.756188
2001.833333	0.705637
2001.916667	0.577578
2002.000000	-0.130955
2002.083333	0.061136
2002.166667	-0.198916
2002.250000	-0.109584
2002.333333	0.311324
2002.416667	-0.014271
2002.500000	0.013071
2002.583333	-0.214015
2002.666667	0.014385
2002.750000	-0.108522
2002.833333	-0.539454
2002.916667	-0.892486
2003.000000	-1.076019
2003.083333	-1.025353
2003.166667	-0.883470
2003.250000	-0.667265
2003.333333	-0.211980
2003.416667	-0.132299
2003.500000	-0.015995
2003.583333	-0.243782
2003.666667	0.405188
2003.750000	-0.073830
2003.833333	0.284660
2003.916667	0.258171
2004.000000	0.089061
2004.083333	-0.245472
2004.166667	-0.330582
2004.250000	-0.385371
2004.333333	-0.493837
2004.416667	-0.332230
2004.500000	0.031327
2004.583333	0.230758
2004.666667	0.905449
2004.750000	0.888803
2004.833333	0.858526
2004.916667	0.396183
2005.000000	0.000305
2005.083333	-0.206117
2005.166667	-0.618141
2005.250000	-0.475318
2005.333333	-0.572461
2005.416667	-0.171011
2005.500000	0.163396
2005.583333	0.039983
2005.666667	0.829103
2005.750000	0.975066
2005.833333	1.031324
2005.916667	0.327188
2006.000000	-0.225073
2006.083333	-0.423302
2006.166667	-0.103037
2006.250000	0.490151
2006.333333	0.435093
2006.416667	0.432919
2006.500000	0.378714
2006.583333	0.352651
2006.666667	0.569176
2006.750000	0.436387
2006.833333	0.562926
2006.916667	0.074394
2007.000000	-0.243411
2007.083333	-0.414136
2007.166667	-0.085524
2007.250000	-0.426682
2007.333333	-0.394032
2007.416667	-0.446353
2007.500000	-0.043762
2007.583333	0.362667
2007.666667	0.707120
2007.750000	1.717546
2007.833333	0.914844
2007.916667	0.380442
2008.000000	0.322101
2008.083333	0.260997
2008.166667	-0.106464
2008.250000	0.275130
2008.333333	-0.108248
2008.416667	0.147732
2008.500000	0.396012
2008.583333	0.450340
2008.666667	0.075635
2008.750000	0.828606
2008.833333	0.743823
2008.916667	0.225455
2009.000000	0.357905
2009.083333	0.266760
2009.166667	0.612282
2009.250000	0.669522
2009.333333	0.155306
2009.416667	0.275517
2009.500000	0.033341
2009.583333	-0.502395
2009.666667	-0.464206
2009.750000	-0.181322
2009.833333	-0.024105
2009.916667	-0.430412
2010.000000	-0.663279
2010.083333	-0.628688
2010.166667	-0.858331
2010.250000	-0.525464
2010.333333	-0.429315
2010.416667	-0.138935
2010.500000	0.207112
2010.583333	0.081464
2010.666667	0.686514
2010.750000	0.061023
2010.833333	0.210823
2010.916667	0.493858
2011.000000	0.560633
2011.083333	0.329168
2011.166667	0.306657
2011.250000	0.299483
2011.333333	0.448185
2011.416667	0.921348
2011.500000	1.602766
2011.583333	1.699327
2011.666667	0.639912
2011.750000	0.842635
2011.833333	1.555768
2011.916667	1.380751
2012.000000	0.773498
2012.083333	0.393683
2012.166667	0.445315
2012.250000	0.200356
2012.333333	0.304873
2012.416667	0.486600
2012.500000	0.895624
2012.583333	0.553647
2012.666667	0.560341
2012.750000	-0.259406
2012.833333	0.390696
2012.916667	1.011381
2013.000000	0.527646
2013.083333	0.483821
2013.166667	0.229558
2013.250000	0.198143
2013.333333	0.109912
2013.416667	0.413001
2013.500000	0.871245
2013.583333	0.380588
2013.666667	0.507029
2013.750000	1.114697
2013.833333	0.939254
2013.916667	0.869590
2014.000000	0.493175
2014.083333	0.097520
2014.166667	-0.491021
2014.250000	-0.373830
2014.333333	-0.373910
2014.416667	0.520604
2014.500000	0.089711
2014.583333	-0.037514
2014.666667	0.516019
2014.750000	0.503491
2014.833333	0.129737
2014.916667	-0.281288
2015.000000	-0.385602
2015.083333	-0.608941
2015.166667	-0.601331
2015.250000	-0.439368
2015.333333	-0.299196
2015.416667	0.028283
2015.500000	-0.283093
2015.583333	0.347192
2015.666667	0.608409
2015.750000	0.946236
2015.833333	0.916822
2015.916667	0.286031
2016.000000	-0.634670
2016.083333	-1.071375
2016.166667	-1.483412
2016.250000	-1.400133
2016.333333	-1.336489
2016.416667	-0.371721
2016.500000	0.506205
2016.583333	0.241062
2016.666667	0.273103
2016.750000	0.629433
2016.833333	0.096069
2016.916667	0.096828
2017.000000	0.064534
2017.083333	-0.168131
2017.166667	-0.174211
2017.250000	-0.305738
2017.333333	-0.437769
2017.416667	-0.201650
2017.500000	0.205021
2017.583333	-0.179547
2017.666667	0.020492
2017.750000	0.589490
2017.833333	1.129169
2017.916667	0.740098
2018.000000	0.190426
2018.083333	0.348556
2018.166667	0.565596
2018.250000	0.280231
2018.333333	0.080106
2018.416667	0.337035
2018.500000	0.227375
2018.583333	0.015376
2018.666667	0.803577
2018.750000	0.845445
2018.833333	0.759473
2018.916667	0.250297
2019.000000	0.207988
2019.083333	0.328452
2019.166667	0.069062
2019.250000	-0.035392
2019.333333	-0.180020
2019.416667	-0.347795
2019.500000	-0.076481
2019.583333	0.606278
2019.666667	1.107046
2019.750000	1.425214
2019.833333	0.813322
2019.916667	0.303891
2020.000000	0.590687
2020.083333	0.562667
2020.166667	0.661401
2020.250000	0.682461
2020.333333	0.733011
2020.416667	0.775075
2020.500000	0.909891
2020.583333	1.163578
2020.666667	1.115940
2020.750000	0.737350
2020.833333	1.148001
2020.916667	0.827568
2021.000000	0.289933
2021.083333	0.246535
2021.166667	0.270875
2021.250000	0.474871
2021.333333	0.529682
2021.416667	0.814328
2021.500000	0.620359
2021.583333	0.578367
2021.666667	1.431810
2021.750000	2.123637
2021.833333	2.007626
2021.916667	1.443219
2022.000000	1.251779
2022.083333	0.956355
2022.166667	0.669798
2022.250000	0.704984
2022.333333	0.914127
2022.416667	1.213938
2022.500000	2.265209
2022.583333	1.778544
2022.666667	1.512390
2022.750000	1.681829
2022.833333	1.899592
2022.916667	1.865756
2023.000000	0.929176
