1856.000000	-0.120816
1856.083333	-0.157969
1856.166667	-0.089398
1856.250000	-0.182333
1856.333333	-0.107389
1856.416667	-0.043801
1856.500000	-0.019226
1856.583333	0.020808
1856.666667	0.048551
1856.750000	-0.121995
1856.833333	-0.124266
1856.916667	-0.040060
1857.000000	-0.096334
1857.083333	-0.360238
1857.166667	-0.350336
1857.250000	-0.290819
1857.333333	-0.378058
1857.416667	-0.182894
1857.500000	-0.119915
1857.583333	-0.241387
1857.666667	-0.185939
1857.750000	-0.377710
1857.833333	-0.420789
1857.916667	-0.503982
1858.000000	-0.473053
1858.083333	-0.587450
1858.166667	-0.337133
1858.250000	-0.030826
1858.333333	-0.176070
1858.416667	-0.279632
1858.500000	-0.425847
1858.583333	-0.322944
1858.666667	-0.144973
1858.750000	-0.048699
1858.833333	0.154236
1858.916667	-0.056225
1859.000000	-0.320924
1859.083333	-0.367220
1859.166667	-0.129556
1859.250000	0.008791
1859.333333	-0.022824
1859.416667	-0.229902
1859.500000	-0.344366
1859.583333	-0.110398
1859.666667	-0.125918
1859.750000	-0.092425
1859.833333	-0.159083
1859.916667	-0.089060
1860.000000	-0.092943
1860.083333	-0.360200
1860.166667	-0.211233
1860.250000	-0.339236
1860.333333	-0.063722
1860.416667	0.035722
1860.500000	-0.050084
1860.583333	-0.230964
1860.666667	-0.319758
1860.750000	-0.153875
1860.833333	-0.231894
1860.916667	-0.112730
1861.000000	-0.253916
1861.083333	-0.405414
1861.166667	-0.304966
1861.250000	-0.056897
1861.333333	-0.094448
1861.416667	-0.051119
1861.500000	0.039273
1861.583333	-0.053395
1861.666667	-0.003701
1861.750000	0.001161
1861.833333	0.004010
1861.916667	-0.074571
1862.000000	-0.219329
1862.083333	-0.320264
1862.166667	-0.210358
1862.250000	-0.279232
1862.333333	-0.348244
1862.416667	-0.230452
1862.500000	-0.479808
1862.583333	-0.449349
1862.666667	-0.451470
1862.750000	-0.433337
1862.833333	-0.581283
1862.916667	-0.614554
1863.000000	-0.448339
1863.083333	-0.296681
1863.166667	-0.244188
1863.250000	-0.227317
1863.333333	-0.247877
1863.416667	-0.312870
1863.500000	-0.564299
1863.583333	-0.473520
1863.666667	-0.379733
1863.750000	-0.486306
1863.833333	-0.455891
1863.916667	-0.402895
1864.000000	-0.513256
1864.083333	-0.664648
1864.166667	-0.480424
1864.250000	-0.332135
1864.333333	-0.146532
1864.416667	-0.106590
1864.500000	0.038351
1864.583333	0.111126
1864.666667	-0.017572
1864.750000	-0.083798
1864.833333	-0.038615
1864.916667	-0.098597
1865.000000	-0.060955
1865.083333	-0.005350
1865.166667	-0.130515
1865.250000	-0.154504
1865.333333	-0.203767
1865.416667	0.021341
1865.500000	-0.040612
1865.583333	-0.149200
1865.666667	0.082800
1865.750000	0.054899
1865.833333	0.020009
1865.916667	-0.017270
1866.000000	-0.187163
1866.083333	-0.056321
1866.166667	-0.070139
1866.250000	-0.124376
1866.333333	-0.047756
1866.416667	0.070894
1866.500000	-0.006930
1866.583333	0.020772
1866.666667	-0.086807
1866.750000	-0.056479
1866.833333	0.053646
1866.916667	0.043686
1867.000000	0.112690
1867.083333	0.134370
1867.166667	0.237158
1867.250000	0.150894
1867.333333	0.007151
1867.416667	-0.096966
1867.500000	-0.095511
1867.583333	-0.121462
1867.666667	-0.255549
1867.750000	-0.285624
1867.833333	-0.151396
1867.916667	-0.293322
1868.000000	-0.196149
1868.083333	-0.092477
1868.166667	-0.036050
1868.250000	-0.034360
1868.333333	-0.087684
1868.416667	0.049685
1868.500000	0.150474
1868.583333	-0.088130
1868.666667	-0.092036
1868.750000	-0.415465
1868.833333	-0.318543
1868.916667	-0.112242
1869.000000	-0.326882
1869.083333	-0.184028
1869.166667	-0.230614
1869.250000	-0.013904
1869.333333	0.032913
1869.416667	-0.004533
1869.500000	0.013030
1869.583333	-0.091424
1869.666667	-0.099560
1869.750000	-0.195402
1869.833333	-0.255476
1869.916667	-0.335534
1870.000000	-0.399289
1870.083333	-0.211329
1870.166667	-0.252011
1870.250000	-0.344661
1870.333333	-0.226386
1870.416667	-0.230099
1870.500000	-0.198371
1870.583333	-0.118347
1870.666667	-0.081447
1870.750000	-0.025206
1870.833333	-0.081796
1870.916667	-0.129341
1871.000000	-0.378854
1871.083333	-0.329594
1871.166667	-0.087929
1871.250000	-0.051304
1871.333333	-0.090326
1871.416667	-0.116117
1871.500000	-0.074009
1871.583333	-0.169577
1871.666667	-0.284998
1871.750000	-0.332182
1871.833333	-0.199898
1871.916667	-0.093349
1872.000000	-0.232603
1872.083333	-0.223452
1872.166667	-0.307967
1872.250000	-0.320778
1872.333333	-0.100893
1872.416667	-0.018388
1872.500000	0.041906
1872.583333	0.153417
1872.666667	0.205936
1872.750000	-0.157084
1872.833333	-0.252284
1872.916667	-0.356872
1873.000000	-0.183875
1873.083333	-0.224980
1873.166667	-0.155273
1873.250000	-0.135859
1873.333333	-0.272277
1873.416667	-0.275190
1873.500000	-0.138685
1873.583333	-0.183908
1873.666667	-0.040528
1873.750000	-0.065761
1873.833333	-0.086165
1873.916667	-0.036258
1874.000000	-0.169019
1874.083333	-0.343552
1874.166667	-0.380870
1874.250000	-0.382102
1874.333333	-0.234606
1874.416667	-0.069719
1874.500000	-0.120684
1874.583333	-0.291443
1874.666667	-0.121805
1874.750000	-0.317639
1874.833333	-0.304428
1874.916667	-0.549507
1875.000000	-0.371165
1875.083333	-0.117039
1875.166667	-0.151258
1875.250000	-0.209248
1875.333333	0.003854
1875.416667	-0.047428
1875.500000	-0.181235
1875.583333	-0.108440
1875.666667	0.002980
1875.750000	-0.094214
1875.833333	-0.211947
1875.916667	-0.218185
1876.000000	-0.387022
1876.083333	-0.245965
1876.166667	-0.248798
1876.250000	-0.289494
1876.333333	-0.309251
1876.416667	-0.252617
1876.500000	-0.122983
1876.583333	-0.064092
1876.666667	-0.099994
1876.750000	-0.302258
1876.833333	-0.296708
1876.916667	-0.234780
1877.000000	-0.237483
1877.083333	-0.091758
1877.166667	-0.032984
1877.250000	-0.079700
1877.333333	0.038324
1877.416667	0.145547
1877.500000	0.094999
1877.583333	0.188960
1877.666667	0.093076
1877.750000	0.052388
1877.833333	0.096738
1877.916667	0.093559
1878.000000	0.019621
1878.083333	0.158431
1878.166667	0.203298
1878.250000	0.510726
1878.333333	0.352176
1878.416667	0.436588
1878.500000	0.211408
1878.583333	0.402740
1878.666667	0.330394
1878.750000	0.088021
1878.833333	0.145364
1878.916667	0.260740
1879.000000	0.106648
1879.083333	0.161863
1879.166667	-0.191016
1879.250000	-0.190812
1879.333333	-0.025155
1879.416667	-0.041049
1879.500000	-0.157280
1879.583333	-0.260807
1879.666667	-0.302691
1879.750000	-0.194327
1879.833333	-0.136118
1879.916667	-0.048385
1880.000000	-0.082587
1880.083333	-0.104201
1880.166667	-0.083741
1880.250000	-0.283426
1880.333333	-0.414742
1880.416667	-0.327047
1880.500000	-0.203232
1880.583333	-0.213419
1880.666667	-0.033416
1880.750000	-0.048710
1880.833333	-0.123315
1880.916667	-0.287450
1881.000000	-0.063954
1881.083333	-0.069243
1881.166667	0.052120
1881.250000	0.093322
1881.333333	0.012085
1881.416667	-0.023307
1881.500000	-0.135137
1881.583333	-0.124564
1881.666667	-0.158604
1881.750000	-0.200571
1881.833333	-0.395647
1881.916667	-0.233193
1882.000000	-0.252164
1882.083333	-0.241640
1882.166667	-0.173660
1882.250000	-0.267658
1882.333333	-0.286144
1882.416667	-0.204106
1882.500000	-0.182205
1882.583333	-0.180803
1882.666667	-0.240084
1882.750000	-0.245977
1882.833333	-0.203946
1882.916667	-0.219576
1883.000000	-0.281202
1883.083333	-0.380531
1883.166667	-0.389877
1883.250000	-0.214693
1883.333333	-0.184425
1883.416667	-0.220375
1883.500000	-0.276290
1883.583333	-0.217628
1883.666667	-0.334268
1883.750000	-0.369862
1883.833333	-0.264293
1883.916667	-0.126371
1884.000000	-0.177045
1884.083333	-0.334114
1884.166667	-0.351586
1884.250000	-0.275668
1884.333333	-0.246480
1884.416667	-0.088352
1884.500000	-0.210124
1884.583333	-0.191086
1884.666667	-0.315895
1884.750000	-0.351400
1884.833333	-0.550971
1884.916667	-0.332488
1885.000000	-0.309333
1885.083333	-0.164496
1885.166667	-0.267330
1885.250000	-0.471832
1885.333333	-0.360402
1885.416667	-0.325593
1885.500000	-0.177167
1885.583333	-0.026320
1885.666667	-0.145253
1885.750000	-0.142081
1885.833333	-0.187276
1885.916667	-0.111958
1886.000000	-0.011246
1886.083333	-0.070887
1886.166667	0.037411
1886.250000	0.089962
1886.333333	0.109858
1886.416667	0.082610
1886.500000	0.105262
1886.583333	-0.053568
1886.666667	-0.091629
1886.750000	-0.171228
1886.833333	-0.187226
1886.916667	-0.137808
1887.000000	-0.239754
1887.083333	-0.226967
1887.166667	-0.146252
1887.250000	-0.193452
1887.333333	-0.125253
1887.416667	0.072724
1887.500000	0.182129
1887.583333	0.040355
1887.666667	-0.032481
1887.750000	0.042339
1887.833333	0.018540
1887.916667	0.000765
1888.000000	0.043289
1888.083333	-0.069069
1888.166667	0.040262
1888.250000	-0.120521
1888.333333	-0.078668
1888.416667	0.025494
1888.500000	-0.028235
1888.583333	-0.077627
1888.666667	-0.035058
1888.750000	0.086035
1888.833333	-0.005575
1888.916667	-0.003697
1889.000000	0.064947
1889.083333	0.048676
1889.166667	0.157793
1889.250000	0.128736
1889.333333	0.147594
1889.416667	0.074847
1889.500000	-0.014041
1889.583333	-0.045927
1889.666667	-0.028340
1889.750000	-0.089140
1889.833333	-0.003453
1889.916667	-0.130965
1890.000000	-0.158625
1890.083333	-0.223784
1890.166667	-0.271691
1890.250000	-0.331410
1890.333333	-0.318806
1890.416667	-0.279703
1890.500000	-0.449466
1890.583333	-0.460322
1890.666667	-0.410897
1890.750000	-0.273551
1890.833333	-0.444458
1890.916667	-0.451844
1891.000000	-0.516928
1891.083333	-0.320135
1891.166667	-0.153278
1891.250000	-0.055039
1891.333333	0.003153
1891.416667	-0.031593
1891.500000	0.059050
1891.583333	-0.082121
1891.666667	-0.128841
1891.750000	-0.076814
1891.833333	-0.347000
1891.916667	-0.103052
1892.000000	-0.092146
1892.083333	-0.047586
1892.166667	-0.051848
1892.250000	-0.142237
1892.333333	-0.284793
1892.416667	-0.287615
1892.500000	-0.323352
1892.583333	-0.180052
1892.666667	-0.298402
1892.750000	-0.314809
1892.833333	-0.386989
1892.916667	-0.245173
1893.000000	-0.235817
1893.083333	-0.237686
1893.166667	-0.217554
1893.250000	-0.338854
1893.333333	-0.224030
1893.416667	0.008920
1893.500000	0.059229
1893.583333	0.076975
1893.666667	-0.030032
1893.750000	-0.160172
1893.833333	-0.082809
1893.916667	-0.284942
1894.000000	-0.294215
1894.083333	-0.313124
1894.166667	-0.320829
1894.250000	-0.408548
1894.333333	-0.474691
1894.416667	-0.433991
1894.500000	-0.355263
1894.583333	-0.389537
1894.666667	-0.351486
1894.750000	-0.386231
1894.833333	-0.385879
1894.916667	-0.277454
1895.000000	-0.210446
1895.083333	-0.174799
1895.166667	-0.375187
1895.250000	-0.380975
1895.333333	-0.304637
1895.416667	-0.227333
1895.500000	-0.186041
1895.583333	-0.195093
1895.666667	0.018154
1895.750000	0.028496
1895.833333	-0.114002
1895.916667	-0.039453
1896.000000	-0.091785
1896.083333	-0.044431
1896.166667	-0.143865
1896.250000	-0.051789
1896.333333	0.139157
1896.416667	0.076635
1896.500000	-0.018869
1896.583333	-0.104034
1896.666667	0.099197
1896.750000	-0.021846
1896.833333	-0.117505
1896.916667	-0.108459
1897.000000	-0.075418
1897.083333	-0.001167
1897.166667	0.186753
1897.250000	0.165363
1897.333333	0.088466
1897.416667	0.024343
1897.500000	0.075232
1897.583333	-0.049824
1897.666667	-0.078968
1897.750000	-0.024931
1897.833333	-0.100340
1897.916667	-0.151007
1898.000000	-0.218418
1898.083333	-0.145995
1898.166667	-0.116140
1898.250000	-0.125433
1898.333333	-0.112060
1898.416667	-0.036054
1898.500000	-0.030695
1898.583333	-0.033673
1898.666667	0.005029
1898.750000	-0.123698
1898.833333	-0.205878
1898.916667	-0.106751
1899.000000	-0.198737
1899.083333	-0.194690
1899.166667	-0.152416
1899.250000	-0.014919
1899.333333	0.093184
1899.416667	0.104751
1899.500000	0.006996
1899.583333	0.217284
1899.666667	0.078847
1899.750000	0.069136
1899.833333	0.083895
1899.916667	0.164791
1900.000000	0.044370
1900.083333	0.014303
1900.166667	-0.119568
1900.250000	0.002794
1900.333333	-0.191879
1900.416667	-0.171298
1900.500000	-0.057422
1900.583333	-0.151291
1900.666667	-0.070936
1900.750000	-0.006497
1900.833333	-0.083682
1900.916667	-0.010491
1901.000000	-0.095549
1901.083333	0.032603
1901.166667	0.031756
1901.250000	0.069795
1901.333333	-0.009545
1901.416667	0.110300
1901.500000	0.034014
1901.583333	0.047911
1901.666667	-0.130104
1901.750000	-0.225244
1901.833333	-0.202817
1901.916667	-0.194430
1902.000000	-0.261437
1902.083333	-0.190875
1902.166667	-0.171213
1902.250000	-0.272567
1902.333333	-0.229783
1902.416667	-0.405190
1902.500000	-0.434249
1902.583333	-0.329535
1902.666667	-0.151649
1902.750000	-0.139182
1902.833333	-0.255357
1902.916667	-0.226461
1903.000000	-0.192740
1903.083333	-0.109501
1903.166667	-0.242861
1903.250000	-0.216257
1903.333333	-0.312628
1903.416667	-0.384192
1903.500000	-0.341288
1903.583333	-0.584413
1903.666667	-0.603792
1903.750000	-0.514667
1903.833333	-0.399945
1903.916667	-0.475530
1904.000000	-0.567423
1904.083333	-0.600420
1904.166667	-0.599479
1904.250000	-0.622576
1904.333333	-0.552081
1904.416667	-0.566275
1904.500000	-0.449900
1904.583333	-0.423435
1904.666667	-0.577198
1904.750000	-0.512326
1904.833333	-0.325184
1904.916667	-0.314244
1905.000000	-0.357639
1905.083333	-0.358621
1905.166667	-0.532889
1905.250000	-0.331636
1905.333333	-0.260096
1905.416667	-0.352338
1905.500000	-0.230984
1905.583333	-0.336460
1905.666667	-0.549131
1905.750000	-0.472250
1905.833333	-0.510081
1905.916667	-0.403845
1906.000000	-0.197944
1906.083333	-0.156023
1906.166667	-0.146471
1906.250000	-0.168106
1906.333333	-0.280636
1906.416667	-0.114654
1906.500000	-0.155819
1906.583333	-0.181675
1906.666667	-0.243277
1906.750000	-0.245588
1906.833333	-0.182352
1906.916667	-0.360556
1907.000000	-0.370435
1907.083333	-0.533614
1907.166667	-0.440258
1907.250000	-0.376499
1907.333333	-0.353111
1907.416667	-0.430098
1907.500000	-0.427902
1907.583333	-0.387885
1907.666667	-0.257039
1907.750000	-0.355265
1907.833333	-0.391710
1907.916667	-0.349584
1908.000000	-0.388480
1908.083333	-0.443322
1908.166667	-0.500881
1908.250000	-0.482168
1908.333333	-0.368978
1908.416667	-0.254358
1908.500000	-0.156358
1908.583333	-0.152345
1908.666667	-0.244145
1908.750000	-0.183134
1908.833333	-0.217700
1908.916667	-0.246289
1909.000000	-0.276206
1909.083333	-0.316129
1909.166667	-0.241195
1909.250000	-0.241108
1909.333333	-0.072887
1909.416667	-0.278636
1909.500000	-0.303036
1909.583333	-0.155586
1909.666667	-0.196461
1909.750000	-0.212670
1909.833333	-0.363202
1909.916667	-0.271188
1910.000000	-0.340321
1910.083333	-0.301099
1910.166667	-0.319982
1910.250000	-0.338764
1910.333333	-0.375407
1910.416667	-0.395806
1910.500000	-0.318179
1910.583333	-0.325300
1910.666667	-0.151166
1910.750000	-0.249076
1910.833333	-0.137486
1910.916667	-0.311003
1911.000000	-0.399020
1911.083333	-0.436210
1911.166667	-0.558724
1911.250000	-0.539932
1911.333333	-0.490704
1911.416667	-0.429025
1911.500000	-0.295966
1911.583333	-0.211287
1911.666667	-0.211504
1911.750000	-0.283736
1911.833333	-0.387954
1911.916667	-0.275091
1912.000000	-0.289803
1912.083333	-0.283573
1912.166667	-0.267081
1912.250000	-0.251957
1912.333333	-0.183583
1912.416667	-0.256047
1912.500000	-0.372316
1912.583333	-0.532164
1912.666667	-0.379307
1912.750000	-0.401563
1912.833333	-0.306028
1912.916667	-0.365724
1913.000000	-0.409418
1913.083333	-0.331678
1913.166667	-0.321823
1913.250000	-0.490456
1913.333333	-0.448737
1913.416667	-0.576343
1913.500000	-0.463460
1913.583333	-0.463150
1913.666667	-0.470281
1913.750000	-0.405549
1913.833333	-0.458971
1913.916667	-0.332183
1914.000000	-0.271847
1914.083333	-0.414436
1914.166667	-0.480069
1914.250000	-0.440850
1914.333333	-0.326226
1914.416667	-0.477030
1914.500000	-0.568711
1914.583333	-0.479405
1914.666667	-0.292487
1914.750000	-0.229499
1914.833333	-0.295452
1914.916667	-0.341689
1915.000000	-0.287427
1915.083333	-0.253326
1915.166667	-0.068816
1915.250000	-0.054876
1915.333333	0.120441
1915.416667	0.175387
1915.500000	0.195545
1915.583333	0.114284
1915.666667	0.111735
1915.750000	-0.093634
1915.833333	-0.152944
1915.916667	-0.099771
1916.000000	-0.166397
1916.083333	-0.215554
1916.166667	-0.244062
1916.250000	-0.250570
1916.333333	-0.104890
1916.416667	-0.116042
1916.500000	-0.206957
1916.583333	-0.079240
1916.666667	-0.109009
1916.750000	-0.135631
1916.833333	-0.328707
1916.916667	-0.341327
1917.000000	-0.461576
1917.083333	-0.481484
1917.166667	-0.539811
1917.250000	-0.406077
1917.333333	-0.319472
1917.416667	-0.212928
1917.500000	-0.274975
1917.583333	-0.252805
1917.666667	-0.347877
1917.750000	-0.396880
1917.833333	-0.401775
1917.916667	-0.339884
1918.000000	-0.177945
1918.083333	-0.281137
1918.166667	-0.255677
1918.250000	-0.301682
1918.333333	-0.352951
1918.416667	-0.471077
1918.500000	-0.390931
1918.583333	-0.429968
1918.666667	-0.366268
1918.750000	-0.305320
1918.833333	-0.311459
1918.916667	-0.263693
1919.000000	-0.253411
1919.083333	-0.097563
1919.166667	-0.256658
1919.250000	-0.186025
1919.333333	-0.282891
1919.416667	-0.279116
1919.500000	-0.389448
1919.583333	-0.260139
1919.666667	-0.267200
1919.750000	-0.254460
1919.833333	-0.334922
1919.916667	-0.425831
1920.000000	-0.593974
1920.083333	-0.503564
1920.166667	-0.480706
1920.250000	-0.407998
1920.333333	-0.316270
1920.416667	-0.329350
1920.500000	-0.345140
1920.583333	-0.374597
1920.666667	-0.326614
1920.750000	-0.273264
1920.833333	-0.440496
1920.916667	-0.297836
1921.000000	-0.272009
1921.083333	-0.266498
1921.166667	-0.340982
1921.250000	-0.251022
1921.333333	-0.253362
1921.416667	-0.271636
1921.500000	-0.071637
1921.583333	-0.267601
1921.666667	-0.198693
1921.750000	-0.015110
1921.833333	-0.267752
1921.916667	-0.190568
1922.000000	-0.309867
1922.083333	-0.377951
1922.166667	-0.449714
1922.250000	-0.525307
1922.333333	-0.384981
1922.416667	-0.357654
1922.500000	-0.427145
1922.583333	-0.379921
1922.666667	-0.481186
1922.750000	-0.369617
1922.833333	-0.462884
1922.916667	-0.421923
1923.000000	-0.470899
1923.083333	-0.569136
1923.166667	-0.494082
1923.250000	-0.565085
1923.333333	-0.358418
1923.416667	-0.420033
1923.500000	-0.372003
1923.583333	-0.457354
1923.666667	-0.426400
1923.750000	-0.281443
1923.833333	-0.233018
1923.916667	-0.086767
1924.000000	-0.127132
1924.083333	-0.231515
1924.166667	-0.054712
1924.250000	-0.043928
1924.333333	0.055921
1924.416667	-0.115579
1924.500000	-0.124026
1924.583333	-0.206584
1924.666667	-0.276338
1924.750000	-0.313360
1924.833333	-0.378720
1924.916667	-0.351244
1925.000000	-0.430532
1925.083333	-0.418321
1925.166667	-0.344731
1925.250000	-0.261977
1925.333333	-0.120905
1925.416667	-0.223623
1925.500000	-0.210340
1925.583333	-0.202735
1925.666667	-0.215646
1925.750000	-0.200681
1925.833333	-0.260249
1925.916667	0.037134
1926.000000	0.085133
1926.083333	0.165185
1926.166667	0.092289
1926.250000	0.110195
1926.333333	0.081904
1926.416667	0.020873
1926.500000	0.122681
1926.583333	0.026998
1926.666667	0.074309
1926.750000	0.195677
1926.833333	-0.053741
1926.916667	-0.012209
1927.000000	-0.002639
1927.083333	-0.049730
1927.166667	-0.027609
1927.250000	-0.024452
1927.333333	0.160297
1927.416667	0.129876
1927.500000	0.118190
1927.583333	0.107568
1927.666667	0.050808
1927.750000	0.157886
1927.833333	0.148629
1927.916667	0.010554
1928.000000	-0.063041
1928.083333	-0.181775
1928.166667	-0.152501
1928.250000	-0.141202
1928.333333	-0.028539
1928.416667	0.007536
1928.500000	0.075378
1928.583333	0.118466
1928.666667	0.072255
1928.750000	-0.022520
1928.833333	-0.128183
1928.916667	-0.135385
1929.000000	-0.127010
1929.083333	-0.143428
1929.166667	-0.119026
1929.250000	-0.079000
1929.333333	-0.194884
1929.416667	-0.241771
1929.500000	-0.175020
1929.583333	-0.205134
1929.666667	-0.066342
1929.750000	-0.092196
1929.833333	-0.165018
1929.916667	-0.220747
1930.000000	-0.189976
1930.083333	-0.299033
1930.166667	-0.198281
1930.250000	-0.309736
1930.333333	-0.241272
1930.416667	-0.168036
1930.500000	-0.033446
1930.583333	0.007974
1930.666667	0.250507
1930.750000	0.191107
1930.833333	0.152895
1930.916667	0.140261
1931.000000	0.076501
1931.083333	-0.005622
1931.166667	0.173738
1931.250000	0.182694
1931.333333	0.236239
1931.416667	0.284940
1931.500000	0.176128
1931.583333	0.111143
1931.666667	0.171070
1931.750000	0.264156
1931.833333	0.020852
1931.916667	0.106361
1932.000000	0.094483
1932.083333	0.104200
1932.166667	0.136712
1932.250000	0.108986
1932.333333	0.062067
1932.416667	0.093818
1932.500000	0.100690
1932.583333	0.275833
1932.666667	0.226176
1932.750000	0.104720
1932.833333	0.062564
1932.916667	0.049797
1933.000000	0.033758
1933.083333	0.124225
1933.166667	0.078503
1933.250000	0.217845
1933.333333	0.273589
1933.416667	0.193055
1933.500000	0.207591
1933.583333	0.245875
1933.666667	0.192758
1933.750000	0.281989
1933.833333	0.001011
1933.916667	-0.092276
1934.000000	-0.213619
1934.083333	-0.298241
1934.166667	-0.298614
1934.250000	-0.165712
1934.333333	-0.124924
1934.416667	0.041158
1934.500000	0.197141
1934.583333	0.055696
1934.666667	0.153349
1934.750000	0.108298
1934.833333	-0.047508
1934.916667	-0.008621
1935.000000	-0.030834
1935.083333	-0.210733
1935.166667	-0.192603
1935.250000	-0.011600
1935.333333	0.086174
1935.416667	0.076498
1935.500000	0.072851
1935.583333	-0.025224
1935.666667	-0.056455
1935.750000	-0.068482
1935.833333	-0.037623
1935.916667	0.076909
1936.000000	0.102029
1936.083333	0.082651
1936.166667	0.119421
1936.250000	0.175418
1936.333333	0.107822
1936.416667	0.074922
1936.500000	0.049481
1936.583333	0.073319
1936.666667	0.093728
1936.750000	0.039584
1936.833333	-0.028188
1936.916667	0.020414
1937.000000	0.063148
1937.083333	0.114199
1937.166667	0.128547
1937.250000	0.132316
1937.333333	0.170781
1937.416667	0.486128
1937.500000	0.568747
1937.583333	0.592766
1937.666667	0.507651
1937.750000	0.298549
1937.833333	0.340924
1937.916667	0.450090
1938.000000	0.254249
1938.083333	0.202870
1938.166667	0.237990
1938.250000	0.265414
1938.333333	0.179159
1938.416667	0.159540
1938.500000	0.212233
1938.583333	0.291275
1938.666667	0.268586
1938.750000	0.346841
1938.833333	0.331758
1938.916667	0.200919
1939.000000	0.143582
1939.083333	0.050071
1939.166667	-0.105846
1939.250000	0.031170
1939.333333	0.061555
1939.416667	0.182060
1939.500000	0.317749
1939.583333	0.329461
1939.666667	0.250102
1939.750000	-0.048786
1939.833333	-0.174676
1939.916667	-0.072012
1940.000000	0.084412
1940.083333	-0.169452
1940.166667	-0.138211
1940.250000	-0.012932
1940.333333	0.051481
1940.416667	0.029324
1940.500000	0.112177
1940.583333	0.115983
1940.666667	0.080656
1940.750000	0.026382
1940.833333	-0.079106
1940.916667	-0.094417
1941.000000	-0.000719
1941.083333	0.128446
1941.166667	0.132342
1941.250000	0.065980
1941.333333	0.008318
1941.416667	-0.089242
1941.500000	0.069899
1941.583333	0.213993
1941.666667	0.250915
1941.750000	0.407915
1941.833333	0.376978
1941.916667	0.309699
1942.000000	0.050202
1942.083333	0.107056
1942.166667	0.168947
1942.250000	0.185007
1942.333333	0.178801
1942.416667	0.209992
1942.500000	0.056688
1942.583333	0.132946
1942.666667	0.257441
1942.750000	0.215152
1942.833333	0.161394
1942.916667	0.100873
1943.000000	0.043251
1943.083333	-0.025853
1943.166667	-0.185629
1943.250000	-0.193360
1943.333333	-0.136521
1943.416667	-0.118784
1943.500000	-0.047199
1943.583333	-0.015039
1943.666667	0.022309
1943.750000	0.048340
1943.833333	0.080456
1943.916667	0.118324
1944.000000	0.196590
1944.083333	0.252655
1944.166667	0.345652
1944.250000	0.306977
1944.333333	0.326564
1944.416667	0.335291
1944.500000	0.378983
1944.583333	0.487042
1944.666667	0.387091
1944.750000	0.303817
1944.833333	0.209986
1944.916667	0.274786
1945.000000	0.277268
1945.083333	0.348703
1945.166667	0.364767
1945.250000	0.484434
1945.333333	0.390737
1945.416667	0.218566
1945.500000	0.092770
1945.583333	0.090227
1945.666667	0.098049
1945.750000	0.107869
1945.833333	0.219352
1945.916667	0.204341
1946.000000	0.321740
1946.083333	0.295827
1946.166667	0.151916
1946.250000	0.023495
1946.333333	0.017581
1946.416667	-0.185540
1946.500000	-0.209058
1946.583333	-0.161093
1946.666667	-0.063916
1946.750000	-0.014408
1946.833333	-0.042190
1946.916667	-0.018719
1947.000000	-0.144078
1947.083333	-0.116617
1947.166667	-0.039299
1947.250000	-0.065261
1947.333333	-0.104737
1947.416667	-0.118212
1947.500000	-0.080796
1947.583333	0.066047
1947.666667	0.023679
1947.750000	-0.009404
1947.833333	0.127730
1947.916667	0.038937
1948.000000	0.009370
1948.083333	-0.022463
1948.166667	0.062477
1948.250000	-0.082921
1948.333333	-0.039279
1948.416667	0.016194
1948.500000	-0.051303
1948.583333	0.002007
1948.666667	-0.061319
1948.750000	0.040736
1948.833333	0.141528
1948.916667	0.074942
1949.000000	0.080040
1949.083333	0.133543
1949.166667	-0.011032
1949.250000	0.118259
1949.333333	-0.028008
1949.416667	0.047888
1949.500000	0.177908
1949.583333	0.239441
1949.666667	0.181533
1949.750000	0.227156
1949.833333	0.188643
1949.916667	0.164632
1950.000000	0.170545
1950.083333	-0.000005
1950.166667	-0.010465
1950.250000	-0.035099
1950.333333	-0.035580
1950.416667	0.015895
1950.500000	0.016792
1950.583333	0.024543
1950.666667	-0.026188
1950.750000	-0.117716
1950.833333	0.076810
1950.916667	0.076810
1951.000000	0.078679
1951.083333	-0.032539
1951.166667	-0.016063
1951.250000	0.182467
1951.333333	0.163175
1951.416667	0.277082
1951.500000	0.420016
1951.583333	0.277155
1951.666667	0.242893
1951.750000	0.223849
1951.833333	0.134159
1951.916667	0.191737
1952.000000	0.131134
1952.083333	0.164786
1952.166667	0.226266
1952.250000	0.188410
1952.333333	0.172578
1952.416667	0.419253
1952.500000	0.393734
1952.583333	0.409777
1952.666667	0.330207
1952.750000	0.336041
1952.833333	0.229219
1952.916667	0.348028
1953.000000	0.274227
1953.083333	0.172507
1953.166667	0.084848
1953.250000	0.272973
1953.333333	0.325670
1953.416667	0.227174
1953.500000	0.296339
1953.583333	0.249449
1953.666667	0.298547
1953.750000	0.179984
1953.833333	0.275708
1953.916667	0.300941
1954.000000	0.208401
1954.083333	0.017609
1954.166667	0.042851
1954.250000	-0.067048
1954.333333	0.042617
1954.416667	0.067091
1954.500000	-0.150233
1954.583333	-0.107289
1954.666667	-0.074199
1954.750000	0.005864
1954.833333	0.072407
1954.916667	0.014603
1955.000000	0.126427
1955.083333	0.079684
1955.166667	0.067383
1955.250000	0.149605
1955.333333	0.275555
1955.416667	0.260918
1955.500000	0.338379
1955.583333	0.253496
1955.666667	0.248713
1955.750000	0.319864
1955.833333	0.399100
1955.916667	0.263399
1956.000000	0.218050
1956.083333	0.083716
1956.166667	-0.035744
1956.250000	0.032773
1956.333333	-0.077488
1956.416667	-0.265724
1956.500000	-0.072078
1956.583333	-0.103735
1956.666667	-0.060777
1956.750000	-0.021209
1956.833333	-0.060608
1956.916667	0.030209
1957.000000	-0.129419
1957.083333	-0.151105
1957.166667	-0.005225
1957.250000	-0.059256
1957.333333	-0.151793
1957.416667	0.003296
1957.500000	0.053856
1957.583333	0.195168
1957.666667	0.211788
1957.750000	0.167903
1957.833333	0.127645
1957.916667	0.108304
1958.000000	0.100338
1958.083333	0.288503
1958.166667	0.382855
1958.250000	0.389354
1958.333333	0.205079
1958.416667	0.132358
1958.500000	0.074014
1958.583333	0.088227
1958.666667	0.154836
1958.750000	0.057811
1958.833333	0.088013
1958.916667	0.155774
1959.000000	0.097189
1959.083333	0.105041
1959.166667	0.001301
1959.250000	0.013079
1959.333333	0.009472
1959.416667	0.010660
1959.500000	0.020225
1959.583333	0.051185
1959.666667	0.152075
1959.750000	0.121364
1959.833333	0.012181
1959.916667	0.072954
1960.000000	0.118327
1960.083333	0.209677
1960.166667	0.111720
1960.250000	0.104242
1960.333333	0.331180
1960.416667	0.317532
1960.500000	0.251377
1960.583333	0.304579
1960.666667	0.160775
1960.750000	0.227943
1960.833333	0.223133
1960.916667	0.127327
1961.000000	0.058619
1961.083333	0.094102
1961.166667	0.205251
1961.250000	0.280328
1961.333333	0.295018
1961.416667	0.107334
1961.500000	0.040255
1961.583333	0.076923
1961.666667	0.101627
1961.750000	0.111285
1961.833333	0.084856
1961.916667	0.258175
1962.000000	0.210559
1962.083333	0.181418
1962.166667	0.197230
1962.250000	0.138667
1962.333333	0.095749
1962.416667	0.009596
1962.500000	0.047482
1962.583333	-0.009658
1962.666667	0.069884
1962.750000	0.141014
1962.833333	0.121235
1962.916667	0.236460
1963.000000	0.236280
1963.083333	0.224111
1963.166667	0.201130
1963.250000	0.157717
1963.333333	-0.039196
1963.416667	0.002228
1963.500000	0.073797
1963.583333	0.016193
1963.666667	-0.163812
1963.750000	0.006538
1963.833333	0.095510
1963.916667	0.083603
1964.000000	0.068063
1964.083333	0.134398
1964.166667	0.169720
1964.250000	-0.074874
1964.333333	0.130122
1964.416667	0.102895
1964.500000	-0.052485
1964.583333	-0.187960
1964.666667	-0.187823
1964.750000	-0.255285
1964.833333	-0.164152
1964.916667	-0.166021
1965.000000	-0.261545
1965.083333	-0.213989
1965.166667	-0.033244
1965.250000	-0.075574
1965.333333	-0.043518
1965.416667	-0.104637
1965.500000	-0.161925
1965.583333	-0.177346
1965.666667	-0.199679
1965.750000	-0.200123
1965.833333	-0.238579
1965.916667	-0.111747
1966.000000	-0.027506
1966.083333	0.132260
1966.166667	0.108749
1966.250000	0.179113
1966.333333	0.102114
1966.416667	0.103574
1966.500000	0.036569
1966.583333	0.014777
1966.666667	0.082942
1966.750000	0.071058
1966.833333	0.080516
1966.916667	0.185030
1967.000000	0.183394
1967.083333	0.144841
1967.166667	0.036222
1967.250000	0.015654
1967.333333	-0.134483
1967.416667	-0.208056
1967.500000	-0.163373
1967.583333	-0.100829
1967.666667	-0.094676
1967.750000	-0.070529
1967.833333	-0.228420
1967.916667	-0.160628
1968.000000	-0.252535
1968.083333	-0.168871
1968.166667	-0.140971
1968.250000	-0.071720
1968.333333	-0.070832
1968.416667	-0.151334
1968.500000	-0.062509
1968.583333	-0.074315
1968.666667	-0.033944
1968.750000	0.069753
1968.833333	0.083097
1968.916667	0.034577
1969.000000	0.098449
1969.083333	0.271369
1969.166667	0.437250
1969.250000	0.332948
1969.333333	0.202579
1969.416667	0.087603
1969.500000	0.129678
1969.583333	-0.016939
1969.666667	-0.074999
1969.750000	-0.099542
1969.833333	-0.018111
1969.916667	0.049915
1970.000000	0.068696
1970.083333	0.074709
1970.166667	0.155614
1970.250000	0.111866
1970.333333	0.049187
1970.416667	-0.072103
1970.500000	-0.110650
1970.583333	-0.042427
1970.666667	-0.032528
1970.750000	-0.092508
1970.833333	-0.095622
1970.916667	-0.104631
1971.000000	-0.127518
1971.083333	-0.240336
1971.166667	-0.236047
1971.250000	-0.291505
1971.333333	-0.226405
1971.416667	-0.284515
1971.500000	-0.254474
1971.583333	-0.325185
1971.666667	-0.254398
1971.750000	-0.102201
1971.833333	-0.192176
1971.916667	-0.336419
1972.000000	-0.326136
1972.083333	-0.376109
1972.166667	-0.456570
1972.250000	-0.325761
1972.333333	-0.448634
1972.416667	-0.428811
1972.500000	-0.319755
1972.583333	-0.283220
1972.666667	-0.224771
1972.750000	-0.198309
1972.833333	-0.203354
1972.916667	-0.260347
1973.000000	-0.233516
1973.083333	-0.265376
1973.166667	-0.229678
1973.250000	-0.093785
1973.333333	0.034079
1973.416667	0.033259
1973.500000	0.086398
1973.583333	0.080084
1973.666667	0.078298
1973.750000	-0.044131
1973.833333	-0.055501
1973.916667	-0.083805
1974.000000	-0.143378
1974.083333	-0.169642
1974.166667	-0.301637
1974.250000	-0.433904
1974.333333	-0.393438
1974.416667	-0.314209
1974.500000	-0.324641
1974.583333	-0.287628
1974.666667	-0.391762
1974.750000	-0.427403
1974.833333	-0.330691
1974.916667	-0.243064
1975.000000	-0.153271
1975.083333	-0.253815
1975.166667	-0.255328
1975.250000	-0.295336
1975.333333	-0.330222
1975.416667	-0.162935
1975.500000	-0.090216
1975.583333	-0.010937
1975.666667	-0.234017
1975.750000	-0.220553
1975.833333	-0.211519
1975.916667	-0.188026
1976.000000	-0.229115
1976.083333	-0.350045
1976.166667	-0.414676
1976.250000	-0.365823
1976.333333	-0.413083
1976.416667	-0.358495
1976.500000	-0.197931
1976.583333	-0.039802
1976.666667	-0.040675
1976.750000	-0.195567
1976.833333	-0.356092
1976.916667	-0.359507
1977.000000	-0.347568
1977.083333	-0.267410
1977.166667	-0.075679
1977.250000	-0.103820
1977.333333	-0.080980
1977.416667	-0.065152
1977.500000	-0.087484
1977.583333	-0.101443
1977.666667	-0.128873
1977.750000	-0.132796
1977.833333	-0.042105
1977.916667	-0.070369
1978.000000	0.024571
1978.083333	-0.032103
1978.166667	-0.079963
1978.250000	-0.151281
1978.333333	-0.179520
1978.416667	-0.296460
1978.500000	-0.242920
1978.583333	-0.142194
1978.666667	-0.094675
1978.750000	-0.076148
1978.833333	-0.015457
1978.916667	-0.078794
1979.000000	-0.022690
1979.083333	0.004666
1979.166667	-0.079790
1979.250000	-0.119449
1979.333333	-0.023522
1979.416667	0.072074
1979.500000	0.006097
1979.583333	0.022047
1979.666667	0.073490
1979.750000	0.042177
1979.833333	0.023751
1979.916667	0.095571
1980.000000	0.119196
1980.083333	0.020916
1980.166667	-0.095936
1980.250000	0.146351
1980.333333	0.232408
1980.416667	0.122485
1980.500000	0.036469
1980.583333	0.125104
1980.666667	0.122427
1980.750000	0.007521
1980.833333	-0.100666
1980.916667	-0.168928
1981.000000	-0.086066
1981.083333	-0.121216
1981.166667	0.120610
1981.250000	-0.008184
1981.333333	-0.017152
1981.416667	0.030879
1981.500000	-0.022583
1981.583333	-0.006180
1981.666667	0.086513
1981.750000	-0.053043
1981.833333	0.050651
1981.916667	0.176723
1982.000000	0.084686
1982.083333	0.012891
1982.166667	0.006983
1982.250000	-0.065221
1982.333333	-0.055054
1982.416667	-0.059928
1982.500000	-0.108490
1982.583333	-0.197604
1982.666667	-0.177923
1982.750000	-0.233502
1982.833333	-0.284577
1982.916667	-0.255388
1983.000000	-0.152691
1983.083333	0.019468
1983.166667	0.248616
1983.250000	0.232961
1983.333333	0.076358
1983.416667	0.070427
1983.500000	0.122842
1983.583333	0.009471
1983.666667	-0.036481
1983.750000	-0.000480
1983.833333	0.055349
1983.916667	0.174267
1984.000000	0.055463
1984.083333	0.059574
1984.166667	0.062224
1984.250000	0.055213
1984.333333	0.012484
1984.416667	-0.151044
1984.500000	-0.043947
1984.583333	0.027588
1984.666667	0.017190
1984.750000	-0.143354
1984.833333	-0.211716
1984.916667	-0.100663
1985.000000	-0.162588
1985.083333	-0.135210
1985.166667	-0.205330
1985.250000	-0.205600
1985.333333	-0.190719
1985.416667	0.042534
1985.500000	0.045041
1985.583333	-0.083683
1985.666667	-0.031646
1985.750000	0.011669
1985.833333	-0.043632
1985.916667	-0.123539
1986.000000	-0.185930
1986.083333	-0.150792
1986.166667	-0.143854
1986.250000	-0.135237
1986.333333	-0.053194
1986.416667	-0.132441
1986.500000	-0.118494
1986.583333	-0.077222
1986.666667	-0.019265
1986.750000	-0.140517
1986.833333	-0.276407
1986.916667	-0.252718
1987.000000	-0.154079
1987.083333	-0.092964
1987.166667	0.153722
1987.250000	0.261561
1987.333333	0.299502
1987.416667	0.410401
1987.500000	0.470676
1987.583333	0.470235
1987.666667	0.402902
1987.750000	0.254694
1987.833333	0.152643
1987.916667	0.243272
1988.000000	0.177800
1988.083333	0.070276
1988.166667	0.216338
1988.250000	0.305416
1988.333333	0.362406
1988.416667	0.359036
1988.500000	0.284227
1988.583333	0.197667
1988.666667	0.099527
1988.750000	0.033337
1988.833333	0.063358
1988.916667	0.044928
1989.000000	-0.040135
1989.083333	-0.000083
1989.166667	-0.060890
1989.250000	-0.122232
1989.333333	0.055334
1989.416667	0.322798
1989.500000	0.433443
1989.583333	0.398745
1989.666667	0.133247
1989.750000	0.106710
1989.833333	0.023776
1989.916667	0.047853
1990.000000	-0.106131
1990.083333	0.003126
1990.166667	0.040505
1990.250000	0.106454
1990.333333	0.135547
1990.416667	0.116637
1990.500000	0.150121
1990.583333	0.267973
1990.666667	0.344943
1990.750000	0.307122
1990.833333	0.152857
1990.916667	0.150863
1991.000000	-0.001016
1991.083333	0.020007
1991.166667	0.074223
1991.250000	0.027683
1991.333333	-0.028536
1991.416667	-0.011788
1991.500000	-0.006887
1991.583333	0.007632
1991.666667	0.147938
1991.750000	-0.101773
1991.833333	-0.099544
1991.916667	-0.033644
1992.000000	-0.018294
1992.083333	0.026466
1992.166667	-0.007371
1992.250000	-0.090246
1992.333333	-0.088279
1992.416667	-0.088970
1992.500000	-0.122889
1992.583333	-0.233771
1992.666667	-0.218606
1992.750000	-0.180898
1992.833333	-0.224522
1992.916667	-0.140653
1993.000000	-0.110961
1993.083333	-0.057437
1993.166667	-0.081919
1993.250000	0.027207
1993.333333	0.053961
1993.416667	0.008284
1993.500000	-0.111981
1993.583333	-0.066415
1993.666667	0.026433
1993.750000	-0.094880
1993.833333	-0.151794
1993.916667	-0.099412
1994.000000	-0.121626
1994.083333	-0.164566
1994.166667	-0.093776
1994.250000	0.006419
1994.333333	-0.028811
1994.416667	-0.036526
1994.500000	-0.025128
1994.583333	-0.023740
1994.666667	-0.010981
1994.750000	0.106177
1994.833333	0.179003
1994.916667	0.121976
1995.000000	0.158466
1995.083333	0.195293
1995.166667	0.230222
1995.250000	0.300536
1995.333333	0.466008
1995.416667	0.561126
1995.500000	0.544890
1995.583333	0.433251
1995.666667	0.229475
1995.750000	0.319114
1995.833333	0.372338
1995.916667	0.251939
1996.000000	0.240365
1996.083333	0.201246
1996.166667	0.168648
1996.250000	0.301773
1996.333333	0.200092
1996.416667	0.154865
1996.500000	0.122443
1996.583333	0.224667
1996.666667	0.169519
1996.750000	0.023486
1996.833333	0.000994
1996.916667	0.022574
1997.000000	0.068910
1997.083333	0.115805
1997.166667	0.160526
1997.250000	0.174645
1997.333333	0.214877
1997.416667	0.184514
1997.500000	0.159460
1997.583333	0.139033
1997.666667	0.283674
1997.750000	0.412131
1997.833333	0.347901
1997.916667	0.421178
1998.000000	0.428191
1998.083333	0.575971
1998.166667	0.634312
1998.250000	0.566090
1998.333333	0.587413
1998.416667	0.610187
1998.500000	0.610163
1998.583333	0.643506
1998.666667	0.582362
1998.750000	0.526596
1998.833333	0.494981
1998.916667	0.445956
1999.000000	0.193220
1999.083333	0.170969
1999.166667	0.206111
1999.250000	0.220831
1999.333333	0.356186
1999.416667	0.393481
1999.500000	0.439334
1999.583333	0.521395
1999.666667	0.424681
1999.750000	0.225546
1999.833333	0.174621
1999.916667	0.254905
2000.000000	0.113537
2000.083333	0.173617
2000.166667	0.310433
2000.250000	0.258778
2000.333333	0.326455
2000.416667	0.193015
2000.500000	0.250026
2000.583333	0.335164
2000.666667	0.299622
2000.750000	0.146272
2000.833333	0.092457
2000.916667	0.046191
2001.000000	0.077548
2001.083333	0.143853
2001.166667	0.231432
2001.250000	0.208540
2001.333333	0.232959
2001.416667	0.426831
2001.500000	0.314032
2001.583333	0.347736
2001.666667	0.459159
2001.750000	0.482622
2001.833333	0.381353
2001.916667	0.432013
2002.000000	0.407987
2002.083333	0.376069
2002.166667	0.370162
2002.250000	0.193237
2002.333333	0.101431
2002.416667	0.056623
2002.500000	0.103892
2002.583333	0.261396
2002.666667	0.239338
2002.750000	0.307548
2002.833333	0.203059
2002.916667	0.230719
2003.000000	0.305402
2003.083333	0.196809
2003.166667	0.297166
2003.250000	0.309362
2003.333333	0.321994
2003.416667	0.393759
2003.500000	0.480157
2003.583333	0.669029
2003.666667	0.683332
2003.750000	0.658954
2003.833333	0.407362
2003.916667	0.446768
2004.000000	0.451076
2004.083333	0.406751
2004.166667	0.343660
2004.250000	0.278064
2004.333333	0.166372
2004.416667	0.329204
2004.500000	0.397289
2004.583333	0.517345
2004.666667	0.465401
2004.750000	0.436903
2004.833333	0.401565
2004.916667	0.400063
2005.000000	0.330694
2005.083333	0.308807
2005.166667	0.490019
2005.250000	0.515723
2005.333333	0.507555
2005.416667	0.523013
2005.500000	0.605442
2005.583333	0.605223
2005.666667	0.600302
2005.750000	0.455136
2005.833333	0.377479
2005.916667	0.422178
2006.000000	0.313245
2006.083333	0.266968
2006.166667	0.280458
2006.250000	0.447413
2006.333333	0.544356
2006.416667	0.577706
2006.500000	0.603726
2006.583333	0.611964
2006.666667	0.569424
2006.750000	0.554363
2006.833333	0.572072
2006.916667	0.465276
2007.000000	0.425743
2007.083333	0.439648
2007.166667	0.359261
2007.250000	0.400323
2007.333333	0.331495
2007.416667	0.307701
2007.500000	0.315568
2007.583333	0.256090
2007.666667	0.320186
2007.750000	0.390899
2007.833333	0.405478
2007.916667	0.317852
2008.000000	0.259211
2008.083333	0.345920
2008.166667	0.430515
2008.250000	0.303676
2008.333333	0.446127
2008.416667	0.472306
2008.500000	0.464885
2008.583333	0.420020
2008.666667	0.450019
2008.750000	0.353024
2008.833333	0.233283
2008.916667	0.223181
2009.000000	0.130041
2009.083333	0.009721
2009.166667	0.069295
2009.250000	0.090232
2009.333333	0.179448
2009.416667	0.386112
2009.500000	0.472974
2009.583333	0.403899
2009.666667	0.297881
2009.750000	0.413154
2009.833333	0.341173
2009.916667	0.368555
2010.000000	0.382074
2010.083333	0.495663
2010.166667	0.680953
2010.250000	0.810317
2010.333333	0.772682
2010.416667	0.743645
2010.500000	0.730154
2010.583333	0.728269
2010.666667	0.689551
2010.750000	0.601192
2010.833333	0.517258
2010.916667	0.550430
2011.000000	0.485382
2011.083333	0.399779
2011.166667	0.329103
2011.250000	0.382388
2011.333333	0.432306
2011.416667	0.425229
2011.500000	0.344995
2011.583333	0.379505
2011.666667	0.402476
2011.750000	0.383579
2011.833333	0.212487
2011.916667	0.205477
2012.000000	0.155329
2012.083333	0.116842
2012.166667	0.166821
2012.250000	0.224865
2012.333333	0.375458
2012.416667	0.525133
2012.500000	0.574375
2012.583333	0.670803
2012.666667	0.702471
2012.750000	0.579843
2012.833333	0.459547
2012.916667	0.406330
2013.000000	0.406260
2013.083333	0.338566
2013.166667	0.458291
2013.250000	0.442235
2013.333333	0.374505
2013.416667	0.224265
2013.500000	0.423402
2013.583333	0.438785
2013.666667	0.469320
2013.750000	0.600007
2013.833333	0.343645
2013.916667	0.247555
2014.000000	0.156845
2014.083333	0.115864
2014.166667	0.069042
2014.250000	0.146691
2014.333333	0.260759
2014.416667	0.279583
2014.500000	0.412412
2014.583333	0.526573
2014.666667	0.579107
2014.750000	0.582223
2014.833333	0.331838
2014.916667	0.276864
2015.000000	0.181162
2015.083333	0.151269
2015.166667	0.016120
2015.250000	0.112511
2015.333333	0.312802
2015.416667	0.256197
2015.500000	0.412937
2015.583333	0.433385
2015.666667	0.526478
2015.750000	0.588402
2015.833333	0.454463
2015.916667	0.514132
2016.000000	0.545562
2016.083333	0.443883
2016.166667	0.447324
2016.250000	0.416282
2016.333333	0.514615
2016.416667	0.601802
2016.500000	0.590687
2016.583333	0.661282
2016.666667	0.658200
2016.750000	0.599042
2016.833333	0.625991
2016.916667	0.575890
2017.000000	0.463835
2017.083333	0.406056
2017.166667	0.367352
2017.250000	0.541727
2017.333333	0.619223
2017.416667	0.634429
2017.500000	0.561913
2017.583333	0.581165
2017.666667	0.590498
2017.750000	0.695545
2017.833333	0.610825
2017.916667	0.557947
2018.000000	0.378416
2018.083333	0.205557
2018.166667	0.312599
2018.250000	0.266104
2018.333333	0.155586
2018.416667	0.168537
2018.500000	0.247846
2018.583333	0.349128
2018.666667	0.382690
2018.750000	0.375920
2018.833333	0.088619
2018.916667	0.207328
2019.000000	0.263669
2019.083333	0.326342
2019.166667	0.397532
2019.250000	0.410065
2019.333333	0.323181
2019.416667	0.353974
2019.500000	0.537835
2019.583333	0.518895
2019.666667	0.451287
2019.750000	0.396068
2019.833333	0.367150
2019.916667	0.442342
2020.000000	0.441286
2020.083333	0.660405
2020.166667	0.672906
2020.250000	0.641619
2020.333333	0.578921
2020.416667	0.593357
2020.500000	0.607456
2020.583333	0.689279
2020.666667	0.561622
2020.750000	0.562224
2020.833333	0.419211
2020.916667	0.483778
2021.000000	0.432748
2021.083333	0.417742
2021.166667	0.378271
2021.250000	0.374745
2021.333333	0.390533
2021.416667	0.433728
2021.500000	0.529700
2021.583333	0.560081
2021.666667	0.752579
2021.750000	0.815735
2021.833333	0.799324
2021.916667	0.522264
2022.000000	0.483424
2022.083333	0.418713
2022.166667	0.264526
2022.250000	0.387585
2022.333333	0.497808
2022.416667	0.531048
2022.500000	0.450456
2022.583333	0.658489
2022.666667	0.923820
2022.750000	0.733739
2022.833333	0.589932
2022.916667	0.526613
2023.000000	0.524644
