1950.000000	-0.343709
1950.083333	-0.226155
1950.166667	-0.068836
1950.250000	-0.195596
1950.333333	0.054814
1950.416667	-0.161797
1950.500000	-0.462298
1950.583333	-0.300358
1950.666667	-0.226901
1950.750000	-0.165551
1950.833333	0.043496
1950.916667	-0.188348
1951.000000	-0.002642
1951.083333	-0.044109
1951.166667	-0.189400
1951.250000	-0.108098
1951.333333	0.372423
1951.416667	0.015640
1951.500000	0.120481
1951.583333	-0.054536
1951.666667	0.173684
1951.750000	0.169543
1951.833333	0.163654
1951.916667	0.594454
1952.000000	0.401816
1952.083333	0.289856
1952.166667	0.428587
1952.250000	0.381157
1952.333333	0.123288
1952.416667	0.003775
1952.500000	-0.366787
1952.583333	-0.025519
1952.666667	-0.345823
1952.750000	-0.424657
1952.833333	-0.398360
1952.916667	0.023637
1953.000000	0.124050
1953.083333	0.061985
1953.166667	0.043037
1953.250000	0.106624
1953.333333	0.161572
1953.416667	0.284291
1953.500000	0.184284
1953.583333	0.104507
1953.666667	-0.113796
1953.750000	-0.099808
1953.833333	-0.007743
1953.916667	0.115452
1954.000000	-0.045644
1954.083333	-0.128147
1954.166667	-0.348700
1954.250000	-0.165713
1954.333333	-0.545446
1954.416667	-0.323540
1954.500000	-0.236586
1954.583333	-0.068986
1954.666667	-0.069198
1954.750000	0.188020
1954.833333	0.338415
1954.916667	-0.079621
1955.000000	0.108411
1955.083333	-0.435865
1955.166667	-0.545090
1955.250000	-0.668731
1955.333333	-0.634853
1955.416667	-0.476113
1955.500000	-0.364822
1955.583333	-0.762664
1955.666667	-0.921776
1955.750000	-0.945125
1955.833333	-0.521216
1955.916667	-0.210555
1956.000000	0.018358
1956.083333	-0.243871
1956.166667	0.000480
1956.250000	-0.125129
1956.333333	-0.287045
1956.416667	-0.411266
1956.500000	-0.567890
1956.583333	-0.410114
1956.666667	-0.301961
1956.750000	-0.249240
1956.833333	-0.166862
1956.916667	-0.001391
1957.000000	0.270951
1957.083333	0.116051
1957.166667	-0.119221
1957.250000	0.054845
1957.333333	0.168394
1957.416667	0.059442
1957.500000	0.141668
1957.583333	-0.009340
1957.666667	0.145137
1957.750000	0.006557
1957.833333	-0.120463
1957.916667	-0.116827
1958.000000	-0.170250
1958.083333	0.008041
1958.166667	-0.219292
1958.250000	-0.323000
1958.333333	-0.490675
1958.416667	-0.179516
1958.500000	-0.209103
1958.583333	-0.084906
1958.666667	0.139325
1958.750000	0.146492
1958.833333	0.025226
1958.916667	-0.320443
1959.000000	-0.275259
1959.083333	-0.424496
1959.166667	-0.141332
1959.250000	-0.004902
1959.333333	-0.038606
1959.416667	0.344468
1959.500000	0.254617
1959.583333	0.361466
1959.666667	0.457480
1959.750000	0.571857
1959.833333	0.241583
1959.916667	0.015777
1960.000000	0.025298
1960.083333	0.165189
1960.166667	0.079843
1960.250000	-0.079343
1960.333333	0.242605
1960.416667	0.460998
1960.500000	0.238476
1960.583333	0.387391
1960.666667	0.358669
1960.750000	0.159182
1960.833333	0.312266
1960.916667	0.356228
1961.000000	0.221809
1961.083333	0.469148
1961.166667	0.519363
1961.250000	0.225068
1961.333333	0.157512
1961.416667	-0.122538
1961.500000	-0.111081
1961.583333	0.070150
1961.666667	0.096422
1961.750000	0.507488
1961.833333	0.170928
1961.916667	0.288906
1962.000000	0.251566
1962.083333	0.274882
1962.166667	0.173132
1962.250000	0.361240
1962.333333	0.362306
1962.416667	0.305621
1962.500000	0.401873
1962.583333	0.099763
1962.666667	0.103337
1962.750000	-0.185368
1962.833333	0.025182
1962.916667	-0.011583
1963.000000	0.030561
1963.083333	0.200711
1963.166667	0.383840
1963.250000	0.426429
1963.333333	0.201025
1963.416667	0.176946
1963.500000	-0.129022
1963.583333	-0.015167
1963.666667	0.220803
1963.750000	0.239103
1963.833333	0.488684
1963.916667	0.143308
1964.000000	0.192866
1964.083333	0.358878
1964.166667	0.005817
1964.250000	-0.042242
1964.333333	-0.187754
1964.416667	-0.000424
1964.500000	-0.084576
1964.583333	-0.342945
1964.666667	-0.414374
1964.750000	-0.275965
1964.833333	-0.412566
1964.916667	-0.309502
1965.000000	-0.192985
1965.083333	-0.259022
1965.166667	-0.505816
1965.250000	-0.325004
1965.333333	-0.093193
1965.416667	-0.243633
1965.500000	-0.005949
1965.583333	0.270145
1965.666667	0.307124
1965.750000	-0.002729
1965.833333	-0.211820
1965.916667	-0.307360
1966.000000	0.012965
1966.083333	-0.089868
1966.166667	0.058687
1966.250000	-0.162076
1966.333333	-0.167019
1966.416667	0.337159
1966.500000	0.625873
1966.583333	0.293910
1966.666667	0.386710
1966.750000	0.402222
1966.833333	0.580450
1966.916667	0.421060
1967.000000	0.387230
1967.083333	0.793312
1967.166667	0.227721
1967.250000	0.416721
1967.333333	0.265680
1967.416667	0.547603
1967.500000	0.376734
1967.583333	0.562414
1967.666667	0.651158
1967.750000	0.783297
1967.833333	0.613479
1967.916667	0.254210
1968.000000	-0.073063
1968.083333	-0.043918
1968.166667	-0.131031
1968.250000	0.058661
1968.333333	0.155488
1968.416667	0.980560
1968.500000	0.899743
1968.583333	0.802207
1968.666667	0.750818
1968.750000	0.628774
1968.833333	0.732962
1968.916667	0.509168
1969.000000	0.199972
1969.083333	0.151746
1969.166667	0.111590
1969.250000	0.190095
1969.333333	0.138850
1969.416667	-0.100227
1969.500000	0.036740
1969.583333	0.093754
1969.666667	0.098505
1969.750000	-0.022087
1969.833333	0.105605
1969.916667	0.227858
1970.000000	0.252226
1970.083333	0.253750
1970.166667	0.152284
1970.250000	0.364566
1970.333333	0.344238
1970.416667	0.360013
1970.500000	-0.163030
1970.583333	0.029940
1970.666667	0.018366
1970.750000	0.092092
1970.833333	0.015575
1970.916667	-0.032307
1971.000000	-0.242609
1971.083333	0.014392
1971.166667	-0.030633
1971.250000	0.068806
1971.333333	0.258327
1971.416667	-0.129102
1971.500000	-0.182100
1971.583333	-0.276542
1971.666667	-0.470710
1971.750000	-0.264753
1971.833333	-0.252086
1971.916667	-0.154714
1972.000000	-0.104083
1972.083333	-0.169911
1972.166667	-0.096370
1972.250000	0.034090
1972.333333	0.159832
1972.416667	0.007182
1972.500000	0.005483
1972.583333	-0.091868
1972.666667	-0.206746
1972.750000	-0.362203
1972.833333	-0.567400
1972.916667	-0.658740
1973.000000	-0.722523
1973.083333	-0.524931
1973.166667	-0.106815
1973.250000	-0.181890
1973.333333	-0.213396
1973.416667	-0.308808
1973.500000	-0.226689
1973.583333	-0.400102
1973.666667	-0.352527
1973.750000	-0.388766
1973.833333	-0.041008
1973.916667	0.121221
1974.000000	-0.007447
1974.083333	0.286306
1974.166667	0.306835
1974.250000	0.272679
1974.333333	0.268955
1974.416667	0.111240
1974.500000	0.138036
1974.583333	0.427489
1974.666667	0.199397
1974.750000	0.291715
1974.833333	0.308055
1974.916667	0.351153
1975.000000	0.297363
1975.083333	0.192290
1975.166667	0.400128
1975.250000	0.209562
1975.333333	0.040391
1975.416667	-0.309403
1975.500000	-0.019844
1975.583333	-0.327870
1975.666667	-0.423162
1975.750000	-0.353958
1975.833333	-0.232780
1975.916667	0.029484
1976.000000	-0.104199
1976.083333	-0.279857
1976.166667	-0.042202
1976.250000	-0.155779
1976.333333	-0.113286
1976.416667	-0.164090
1976.500000	-0.088890
1976.583333	-0.481482
1976.666667	-0.433095
1976.750000	-0.345997
1976.833333	-0.474534
1976.916667	-0.373585
1977.000000	-0.245254
1977.083333	-0.077228
1977.166667	-0.108091
1977.250000	-0.264094
1977.333333	-0.110219
1977.416667	-0.224536
1977.500000	-0.291600
1977.583333	-0.188570
1977.666667	0.199239
1977.750000	0.106253
1977.833333	0.178669
1977.916667	0.023595
1978.000000	-0.143693
1978.083333	-0.165153
1978.166667	-0.260277
1978.250000	-0.022156
1978.333333	-0.272175
1978.416667	-0.447396
1978.500000	-0.284589
1978.583333	0.092848
1978.666667	-0.105602
1978.750000	-0.102708
1978.833333	-0.354927
1978.916667	-0.434749
1979.000000	-0.450695
1979.083333	-0.634722
1979.166667	-0.177642
1979.250000	-0.108474
1979.333333	-0.661285
1979.416667	-0.300132
1979.500000	-0.221870
1979.583333	0.085561
1979.666667	0.125296
1979.750000	0.003209
1979.833333	-0.202796
1979.916667	-0.189342
1980.000000	-0.095119
1980.083333	-0.402388
1980.166667	0.039759
1980.250000	-0.361010
1980.333333	-0.097413
1980.416667	-0.119672
1980.500000	-0.018925
1980.583333	-0.149170
1980.666667	-0.056788
1980.750000	-0.039852
1980.833333	-0.216431
1980.916667	0.069482
1981.000000	0.187062
1981.083333	-0.184484
1981.166667	-0.134721
1981.250000	-0.216272
1981.333333	0.072151
1981.416667	-0.039273
1981.500000	-0.380167
1981.583333	-0.413833
1981.666667	0.159684
1981.750000	0.083886
1981.833333	0.133644
1981.916667	0.198251
1982.000000	0.007152
1982.083333	-0.019255
1982.166667	-0.195529
1982.250000	-0.096676
1982.333333	0.029819
1982.416667	-0.185694
1982.500000	0.122440
1982.583333	0.113461
1982.666667	0.029758
1982.750000	-0.073304
1982.833333	-0.181863
1982.916667	-0.551938
1983.000000	-0.557911
1983.083333	-0.772390
1983.166667	-0.638378
1983.250000	-0.477194
1983.333333	-0.442559
1983.416667	-0.424815
1983.500000	-0.342294
1983.583333	-0.691415
1983.666667	-0.495265
1983.750000	-0.295423
1983.833333	-0.187730
1983.916667	0.141328
1984.000000	0.106425
1984.083333	0.459869
1984.166667	0.479216
1984.250000	0.391314
1984.333333	0.387438
1984.416667	0.250856
1984.500000	0.330451
1984.583333	0.054134
1984.666667	0.147181
1984.750000	0.139466
1984.833333	0.284456
1984.916667	0.077985
1985.000000	-0.112554
1985.083333	-0.144917
1985.166667	-0.242706
1985.250000	-0.388492
1985.333333	-0.551511
1985.416667	-0.622039
1985.500000	-0.506439
1985.583333	-0.267977
1985.666667	-0.025439
1985.750000	-0.072145
1985.833333	0.049676
1985.916667	-0.155821
1986.000000	-0.104543
1986.083333	0.003835
1986.166667	-0.037182
1986.250000	0.393816
1986.333333	0.140803
1986.416667	-0.010043
1986.500000	-0.004725
1986.583333	0.031667
1986.666667	0.152159
1986.750000	0.242523
1986.833333	0.053236
1986.916667	0.075687
1987.000000	-0.052334
1987.083333	-0.294964
1987.166667	-0.396415
1987.250000	-0.627646
1987.333333	-0.810686
1987.416667	-0.960389
1987.500000	-0.103907
1987.583333	0.435742
1987.666667	0.392669
1987.750000	-0.139827
1987.833333	0.109864
1987.916667	-0.046161
1988.000000	0.100850
1988.083333	0.317646
1988.166667	0.297337
1988.250000	0.266521
1988.333333	0.055541
1988.416667	0.201073
1988.500000	0.182819
1988.583333	0.186107
1988.666667	0.255453
1988.750000	0.455883
1988.833333	0.299691
1988.916667	0.474541
1989.000000	0.575092
1989.083333	0.498199
1989.166667	0.402979
1989.250000	0.316090
1989.333333	0.208220
1989.416667	0.121580
1989.500000	0.141687
1989.583333	0.075390
1989.666667	0.140495
1989.750000	0.055785
1989.833333	0.066133
1989.916667	-0.030087
1990.000000	0.043236
1990.083333	0.060466
1990.166667	-0.078526
1990.250000	-0.050889
1990.333333	-0.323273
1990.416667	-0.214761
1990.500000	-0.110244
1990.583333	0.086119
1990.666667	0.215854
1990.750000	0.373067
1990.833333	0.259194
1990.916667	0.230933
1991.000000	0.091321
1991.083333	0.078843
1991.166667	-0.042073
1991.250000	0.156338
1991.333333	0.121658
1991.416667	0.014975
1991.500000	0.240405
1991.583333	0.186622
1991.666667	0.137450
1991.750000	0.167246
1991.833333	0.193652
1991.916667	-0.064569
1992.000000	-0.384273
1992.083333	-0.489617
1992.166667	-0.457535
1992.250000	-0.527066
1992.333333	-0.631683
1992.416667	-0.353920
1992.500000	-0.028462
1992.583333	-0.098877
1992.666667	0.121064
1992.750000	0.075927
1992.833333	-0.312261
1992.916667	-0.255542
1993.000000	-0.422006
1993.083333	-0.347560
1993.166667	-0.454522
1993.250000	-0.089721
1993.333333	-0.154670
1993.416667	-0.187939
1993.500000	0.063870
1993.583333	0.071073
1993.666667	0.147313
1993.750000	0.047750
1993.833333	-0.184653
1993.916667	-0.149211
1994.000000	-0.192846
1994.083333	-0.033920
1994.166667	0.115059
1994.250000	-0.010455
1994.333333	-0.016129
1994.416667	-0.081471
1994.500000	0.002824
1994.583333	0.416149
1994.666667	0.245202
1994.750000	0.323448
1994.833333	0.133566
1994.916667	0.239010
1995.000000	0.068260
1995.083333	-0.001139
1995.166667	0.012897
1995.250000	0.010490
1995.333333	-0.275364
1995.416667	-0.000875
1995.500000	0.278957
1995.583333	0.114309
1995.666667	0.092568
1995.750000	0.230721
1995.833333	0.234417
1995.916667	0.494849
1996.000000	0.328922
1996.083333	0.263463
1996.166667	0.059876
1996.250000	0.196048
1996.333333	0.255630
1996.416667	0.390289
1996.500000	0.452036
1996.583333	0.433222
1996.666667	0.483096
1996.750000	0.494894
1996.833333	0.091195
1996.916667	-0.014803
1997.000000	-0.198871
1997.083333	0.082996
1997.166667	0.040525
1997.250000	-0.110854
1997.333333	-0.416977
1997.416667	-0.141587
1997.500000	0.225905
1997.583333	0.454088
1997.666667	0.296155
1997.750000	0.258072
1997.833333	-0.003561
1997.916667	-0.305602
1998.000000	-0.368306
1998.083333	-0.320570
1998.166667	-0.076030
1998.250000	-0.198648
1998.333333	-0.587454
1998.416667	-0.397694
1998.500000	-0.435521
1998.583333	-0.391605
1998.666667	-0.312827
1998.750000	-0.093281
1998.833333	0.271790
1998.916667	0.359793
1999.000000	0.343229
1999.083333	0.509094
1999.166667	0.487900
1999.250000	0.222213
1999.333333	0.125302
1999.416667	-0.141407
1999.500000	-0.044284
1999.583333	-0.073040
1999.666667	-0.120476
1999.750000	-0.087204
1999.833333	-0.039220
1999.916667	0.289752
2000.000000	0.501871
2000.083333	0.626082
2000.166667	0.509297
2000.250000	0.222979
2000.333333	0.366936
2000.416667	0.092121
2000.500000	0.000268
2000.583333	0.071279
2000.666667	0.167081
2000.750000	0.144521
2000.833333	0.492190
2000.916667	0.449550
2001.000000	0.513405
2001.083333	0.446606
2001.166667	0.361960
2001.250000	0.325311
2001.333333	0.263834
2001.416667	0.107545
2001.500000	0.187319
2001.583333	0.058185
2001.666667	0.113345
2001.750000	0.216897
2001.833333	0.260995
2001.916667	0.448589
2002.000000	0.257385
2002.083333	0.315768
2002.166667	0.216761
2002.250000	0.023206
2002.333333	0.215410
2002.416667	0.560958
2002.500000	0.418745
2002.583333	0.501441
2002.666667	0.174663
2002.750000	0.109449
2002.833333	0.067745
2002.916667	0.046521
2003.000000	-0.021790
2003.083333	-0.007523
2003.166667	0.195445
2003.250000	0.147154
2003.333333	0.095820
2003.416667	0.271389
2003.500000	0.350865
2003.583333	0.285274
2003.666667	0.425413
2003.750000	0.524152
2003.833333	0.386811
2003.916667	0.398118
2004.000000	0.437067
2004.083333	0.510509
2004.166667	0.350001
2004.250000	0.388412
2004.333333	0.078106
2004.416667	-0.168400
2004.500000	0.300880
2004.583333	0.593617
2004.666667	0.726232
2004.750000	0.460437
2004.833333	0.396345
2004.916667	0.337877
2005.000000	0.279187
2005.083333	0.346011
2005.166667	-0.001173
2005.250000	0.130412
2005.333333	0.368155
2005.416667	0.434172
2005.500000	0.415115
2005.583333	0.523496
2005.666667	0.423450
2005.750000	0.340830
2005.833333	0.512460
2005.916667	0.576458
2006.000000	0.491353
2006.083333	0.446039
2006.166667	0.293235
2006.250000	0.439173
2006.333333	0.141830
2006.416667	0.031920
2006.500000	0.116572
2006.583333	0.125684
2006.666667	0.120415
2006.750000	0.337658
2006.833333	0.397951
2006.916667	0.352645
2007.000000	0.300231
2007.083333	0.126897
2007.166667	0.330672
2007.250000	0.358499
2007.333333	0.231122
2007.416667	0.268818
2007.500000	0.322166
2007.583333	0.334949
2007.666667	0.394552
2007.750000	0.302722
2007.833333	0.289455
2007.916667	0.468358
2008.000000	0.418756
2008.083333	0.419786
2008.166667	0.463496
2008.250000	0.314534
2008.333333	0.309610
2008.416667	0.201791
2008.500000	0.185572
2008.583333	0.002518
2008.666667	-0.012238
2008.750000	0.116601
2008.833333	0.225950
2008.916667	0.228083
2009.000000	0.243512
2009.083333	0.146225
2009.166667	-0.010738
2009.250000	0.155565
2009.333333	0.280187
2009.416667	0.456114
2009.500000	0.663565
2009.583333	0.596404
2009.666667	0.337392
2009.750000	0.236876
2009.833333	0.021457
2009.916667	0.070554
2010.000000	0.062676
2010.083333	-0.034229
2010.166667	-0.257571
2010.250000	-0.185186
2010.333333	-0.016039
2010.416667	0.034755
2010.500000	0.133813
2010.583333	0.016443
2010.666667	0.058873
2010.750000	-0.066548
2010.833333	0.135348
2010.916667	0.331521
2011.000000	0.431449
2011.083333	0.371048
2011.166667	0.451213
2011.250000	0.602890
2011.333333	0.642773
2011.416667	0.427569
2011.500000	0.118469
2011.583333	0.029465
2011.666667	-0.002040
2011.750000	0.097683
2011.833333	0.242119
2011.916667	0.418049
2012.000000	0.517006
2012.083333	0.557875
2012.166667	0.328540
2012.250000	0.179865
2012.333333	0.196452
2012.416667	0.039228
2012.500000	-0.096610
2012.583333	-0.071637
2012.666667	-0.159970
2012.750000	0.077065
2012.833333	0.378438
2012.916667	0.562428
2013.000000	0.489540
2013.083333	0.436273
2013.166667	0.153604
2013.250000	0.119273
2013.333333	0.151426
2013.416667	0.254686
2013.500000	0.450329
2013.583333	0.472310
2013.666667	0.292726
2013.750000	0.196228
2013.833333	0.326219
2013.916667	0.395652
2014.000000	0.398848
2014.083333	0.257012
2014.166667	0.165638
2014.250000	0.263250
2014.333333	0.280467
2014.416667	0.482771
2014.500000	0.805721
2014.583333	1.037990
2014.666667	0.986191
2014.750000	1.013105
2014.833333	0.682316
2014.916667	0.462602
2015.000000	0.312475
2015.083333	0.300687
2015.166667	-0.021339
2015.250000	0.255482
2015.333333	0.328231
2015.416667	0.325416
2015.500000	0.769015
2015.583333	1.058167
2015.666667	1.038397
2015.750000	0.408497
2015.833333	0.481778
2015.916667	0.430583
2016.000000	0.328455
2016.083333	0.309166
2016.166667	0.073930
2016.250000	0.079288
2016.333333	0.111763
2016.416667	0.221056
2016.500000	0.397858
2016.583333	0.513501
2016.666667	0.758177
2016.750000	0.640615
2016.833333	0.502921
2016.916667	0.610161
2017.000000	0.709958
2017.083333	0.634480
2017.166667	0.679373
2017.250000	0.815451
2017.333333	0.468503
2017.416667	0.556861
2017.500000	0.637015
2017.583333	0.674813
2017.666667	0.741649
2017.750000	0.599192
2017.833333	0.524705
2017.916667	0.223082
2018.000000	0.311762
2018.083333	0.517417
2018.166667	0.458337
2018.250000	0.519140
2018.333333	0.305482
2018.416667	0.377937
2018.500000	0.284675
2018.583333	0.586304
2018.666667	0.749178
2018.750000	0.732826
2018.833333	0.694592
2018.916667	0.574735
2019.000000	0.536597
2019.083333	0.358276
2019.166667	0.199065
2019.250000	0.402502
2019.333333	0.446641
2019.416667	0.666463
2019.500000	1.009131
2019.583333	1.279704
2019.666667	1.052909
2019.750000	0.996198
2019.833333	1.112686
2019.916667	0.825020
2020.000000	0.810257
2020.083333	0.605318
2020.166667	0.586685
2020.250000	0.516428
2020.333333	0.458432
2020.416667	0.716359
2020.500000	0.723057
2020.583333	0.621933
2020.666667	0.810685
2020.750000	0.806478
2020.833333	0.760225
2020.916667	1.008702
2021.000000	0.858512
2021.083333	0.711673
2021.166667	0.551637
2021.250000	0.408290
2021.333333	0.268761
2021.416667	0.152035
2021.500000	0.225455
2021.583333	0.350537
2021.666667	0.330372
2021.750000	0.289651
2021.833333	0.809213
2021.916667	0.443963
2022.000000	0.587245
2022.083333	0.699625
2022.166667	0.828193
2022.250000	0.733344
2022.333333	0.702927
2022.416667	0.865704
2022.500000	0.647788
2022.583333	0.618167
2022.666667	0.705454
2022.750000	0.671565
2022.833333	0.757737
2022.916667	0.827586
2023.000000	0.685584
