1880.000000	3.356882
1880.083333	1.218784
1880.166667	-0.562117
1880.250000	0.444858
1880.333333	0.608476
1880.416667	-0.213539
1880.500000	-0.544468
1880.583333	-0.718664
1880.666667	-0.730804
1880.750000	-0.811425
1880.833333	1.189716
1880.916667	1.057168
1881.000000	0.569974
1881.083333	0.135298
1881.166667	-0.265621
1881.250000	0.201210
1881.333333	-0.477726
1881.416667	-0.924054
1881.500000	0.071840
1881.583333	0.647403
1881.666667	-0.270779
1881.750000	0.998069
1881.833333	0.806550
1881.916667	1.370845
1882.000000	-0.072404
1882.083333	-0.209978
1882.166667	-1.429380
1882.250000	-1.478480
1882.333333	-0.385301
1882.416667	-0.455863
1882.500000	-0.985098
1882.583333	-0.631263
1882.666667	-0.728928
1882.750000	-0.795120
1882.833333	-0.473637
1882.916667	-1.734993
1883.000000	-1.047410
1883.083333	-1.450427
1883.166667	-2.470096
1883.250000	-0.848689
1883.333333	0.323397
1883.416667	0.797998
1883.500000	0.218761
1883.583333	-0.399538
1883.666667	-0.142305
1883.750000	-0.739157
1883.833333	0.007547
1883.916667	1.166562
1884.000000	-0.234881
1884.083333	-0.930679
1884.166667	-1.340575
1884.250000	-0.360169
1884.333333	-0.804192
1884.416667	-1.123215
1884.500000	-1.515831
1884.583333	0.831935
1884.666667	-0.461593
1884.750000	0.205975
1884.833333	1.734198
1884.916667	1.968307
1885.000000	2.106006
1885.083333	2.288640
1885.166667	-0.028166
1885.250000	-0.747351
1885.333333	-0.301274
1885.416667	-0.745005
1885.500000	-0.141869
1885.583333	0.970636
1885.666667	1.359761
1885.750000	1.162014
1885.833333	0.807446
1885.916667	1.293005
1886.000000	0.835577
1886.083333	1.173681
1886.166667	0.961039
1886.250000	1.495206
1886.333333	2.593091
1886.416667	3.124332
1886.500000	3.172452
1886.583333	2.882439
1886.666667	0.265084
1886.750000	0.231330
1886.833333	0.692368
1886.916667	0.000427
1887.000000	0.154795
1887.083333	-0.552499
1887.166667	-1.336961
1887.250000	-1.345689
1887.333333	0.763323
1887.416667	0.924448
1887.500000	2.041096
1887.583333	2.655234
1887.666667	2.129906
1887.750000	2.180320
1887.833333	2.966010
1887.916667	1.492517
1888.000000	1.879083
1888.083333	0.919980
1888.166667	1.672721
1888.250000	1.268301
1888.333333	1.104981
1888.416667	1.906175
1888.500000	3.014450
1888.583333	2.381576
1888.666667	2.338792
1888.750000	1.793675
1888.833333	2.783673
1888.916667	2.391705
1889.000000	3.087180
1889.083333	2.563820
1889.166667	1.199942
1889.250000	1.401762
1889.333333	1.973577
1889.416667	4.343621
1889.500000	3.107393
1889.583333	2.152490
1889.666667	1.358993
1889.750000	2.011773
1889.833333	3.552872
1889.916667	2.646357
1890.000000	0.926883
1890.083333	-0.896786
1890.166667	-1.748796
1890.250000	-1.051806
1890.333333	0.521578
1890.416667	0.805831
1890.500000	-0.313814
1890.583333	0.014164
1890.666667	0.206771
1890.750000	-0.217151
1890.833333	-0.872693
1890.916667	-0.062615
1891.000000	-0.989771
1891.083333	-0.525960
1891.166667	-0.574477
1891.250000	-0.001664
1891.333333	0.616744
1891.416667	1.824762
1891.500000	0.680976
1891.583333	0.853593
1891.666667	0.033320
1891.750000	-0.995033
1891.833333	-1.318616
1891.916667	-2.066129
1892.000000	-2.399456
1892.083333	-2.665761
1892.166667	-2.257845
1892.250000	-2.199738
1892.333333	-0.064765
1892.416667	0.529116
1892.500000	1.057772
1892.583333	-0.280977
1892.666667	-1.123171
1892.750000	-0.267181
1892.833333	0.328068
1892.916667	-1.117164
1893.000000	-1.434961
1893.083333	-2.228823
1893.166667	-2.662751
1893.250000	-2.729917
1893.333333	-2.701603
1893.416667	-1.655854
1893.500000	-0.501752
1893.583333	-0.361062
1893.666667	-0.618591
1893.750000	-1.940445
1893.833333	-0.536849
1893.916667	-0.148461
1894.000000	-0.818153
1894.083333	-1.184908
1894.166667	-0.459574
1894.250000	-1.996355
1894.333333	-2.403224
1894.416667	-1.461217
1894.500000	-0.928756
1894.583333	-0.720680
1894.666667	-2.132212
1894.750000	-1.247636
1894.833333	-1.638824
1894.916667	-1.487504
1895.000000	-0.101228
1895.083333	-1.145321
1895.166667	-2.329486
1895.250000	-2.166553
1895.333333	-0.827382
1895.416667	-1.275547
1895.500000	-0.259009
1895.583333	0.325761
1895.666667	1.712369
1895.750000	1.606856
1895.833333	1.812662
1895.916667	1.109208
1896.000000	1.034966
1896.083333	1.428122
1896.166667	0.503328
1896.250000	-0.047338
1896.333333	0.685268
1896.416667	0.813412
1896.500000	-0.793775
1896.583333	0.813140
1896.666667	1.445954
1896.750000	0.628848
1896.833333	0.202603
1896.916667	1.453784
1897.000000	3.532019
1897.083333	2.213682
1897.166667	1.270459
1897.250000	1.383528
1897.333333	2.242137
1897.416667	3.199444
1897.500000	1.959585
1897.583333	0.002884
1897.666667	1.402336
1897.750000	2.419132
1897.833333	2.994411
1897.916667	3.552768
1898.000000	2.722320
1898.083333	2.044933
1898.166667	2.420234
1898.250000	2.283437
1898.333333	2.124619
1898.416667	0.751953
1898.500000	1.064769
1898.583333	1.969033
1898.666667	-0.432834
1898.750000	-0.698615
1898.833333	-0.339949
1898.916667	1.024669
1899.000000	0.628844
1899.083333	-0.620260
1899.166667	-1.606854
1899.250000	-0.338804
1899.333333	0.961683
1899.416667	-0.198272
1899.500000	0.378245
1899.583333	1.926134
1899.666667	1.373995
1899.750000	2.010815
1899.833333	1.052495
1899.916667	1.033250
1900.000000	0.709132
1900.083333	-0.170193
1900.166667	-1.587793
1900.250000	-1.119287
1900.333333	-0.093238
1900.416667	0.436161
1900.500000	-0.358691
1900.583333	-0.252002
1900.666667	-0.076475
1900.750000	0.521881
1900.833333	0.293592
1900.916667	0.979621
1901.000000	0.022257
1901.083333	-0.377231
1901.166667	0.025810
1901.250000	0.058094
1901.333333	0.734971
1901.416667	1.429972
1901.500000	0.971072
1901.583333	1.392428
1901.666667	-0.237486
1901.750000	-0.567444
1901.833333	-0.267402
1901.916667	-1.228541
1902.000000	-0.906966
1902.083333	-1.597210
1902.166667	-2.247164
1902.250000	-2.166978
1902.333333	-1.081207
1902.416667	-1.792812
1902.500000	-0.491652
1902.583333	-0.653417
1902.666667	-0.759489
1902.750000	-0.948544
1902.833333	-1.084753
1902.916667	-1.882200
1903.000000	0.104586
1903.083333	-0.042694
1903.166667	-0.123289
1903.250000	1.419801
1903.333333	1.604661
1903.416667	1.150446
1903.500000	-1.485756
1903.583333	-2.646575
1903.666667	-4.319430
1903.750000	-4.077139
1903.833333	-4.232159
1903.916667	-3.673290
1904.000000	-3.816836
1904.083333	-2.437429
1904.166667	-2.969016
1904.250000	-4.016715
1904.333333	-2.596842
1904.416667	-0.737389
1904.500000	0.038280
1904.583333	0.790588
1904.666667	-0.633119
1904.750000	-2.635230
1904.833333	-1.230272
1904.916667	-1.307431
1905.000000	-0.984904
1905.083333	-2.171768
1905.166667	-3.891298
1905.250000	-4.039225
1905.333333	-2.507347
1905.416667	-3.473167
1905.500000	-1.924742
1905.583333	-2.207140
1905.666667	-1.197627
1905.750000	-1.181446
1905.833333	-2.015569
1905.916667	-1.951279
1906.000000	-0.913058
1906.083333	-1.406285
1906.166667	-1.166308
1906.250000	-0.337616
1906.333333	0.759477
1906.416667	2.347570
1906.500000	1.709708
1906.583333	0.766883
1906.666667	-1.950631
1906.750000	-2.891799
1906.833333	-3.213223
1906.916667	-3.702726
1907.000000	-4.287140
1907.083333	-4.079277
1907.166667	-4.260843
1907.250000	-3.901763
1907.333333	-3.546518
1907.416667	-1.986116
1907.500000	-1.897143
1907.583333	-1.651454
1907.666667	-1.508269
1907.750000	-1.714567
1907.833333	-2.419434
1907.916667	-2.013273
1908.000000	-2.259514
1908.083333	-2.720439
1908.166667	-2.580349
1908.250000	-1.647795
1908.333333	-1.172691
1908.416667	-0.719454
1908.500000	-0.708992
1908.583333	-1.208129
1908.666667	-0.996476
1908.750000	-1.058988
1908.833333	-1.593733
1908.916667	-0.642361
1909.000000	-0.363579
1909.083333	0.458849
1909.166667	0.908330
1909.250000	1.921646
1909.333333	1.938543
1909.416667	1.670203
1909.500000	1.309746
1909.583333	1.072027
1909.666667	1.432886
1909.750000	1.819174
1909.833333	1.260880
1909.916667	1.571993
1910.000000	0.319842
1910.083333	0.006836
1910.166667	-2.222149
1910.250000	-3.548647
1910.333333	-3.182309
1910.416667	-2.674609
1910.500000	-2.825260
1910.583333	-1.247538
1910.666667	-1.682228
1910.750000	-1.927970
1910.833333	-2.000607
1910.916667	-0.498702
1911.000000	1.327775
1911.083333	0.511114
1911.166667	-1.161587
1911.250000	-1.676290
1911.333333	-1.525124
1911.416667	-2.692910
1911.500000	-2.891882
1911.583333	-2.097242
1911.666667	-1.290369
1911.750000	-1.311533
1911.833333	-2.781024
1911.916667	-1.794428
1912.000000	-1.025720
1912.083333	-1.492118
1912.166667	-1.337726
1912.250000	0.543003
1912.333333	1.026674
1912.416667	1.029019
1912.500000	-0.135088
1912.583333	-0.253347
1912.666667	-0.774216
1912.750000	-1.418180
1912.833333	-1.946985
1912.916667	-1.463657
1913.000000	-0.551543
1913.083333	-2.543991
1913.166667	-1.895746
1913.250000	-1.496108
1913.333333	-1.369604
1913.416667	-1.947049
1913.500000	-2.381021
1913.583333	-2.184634
1913.666667	-2.762742
1913.750000	-1.743813
1913.833333	-3.138307
1913.916667	-2.681945
1914.000000	-1.611665
1914.083333	-3.297740
1914.166667	-3.629780
1914.250000	-2.642157
1914.333333	-2.598580
1914.416667	-1.884926
1914.500000	-1.242423
1914.583333	-1.139769
1914.666667	-2.338727
1914.750000	-2.292862
1914.833333	-2.482424
1914.916667	-2.406448
1915.000000	-1.015859
1915.083333	-1.212594
1915.166667	-1.942000
1915.250000	-2.598724
1915.333333	-0.488465
1915.416667	0.894508
1915.500000	2.260213
1915.583333	1.668377
1915.666667	0.175993
1915.750000	-0.534458
1915.833333	-0.910672
1915.916667	-1.718665
1916.000000	-2.551543
1916.083333	-1.645708
1916.166667	-2.824388
1916.250000	-2.166384
1916.333333	-1.234966
1916.416667	-1.117513
1916.500000	0.655652
1916.583333	0.509756
1916.666667	-1.635949
1916.750000	-2.620553
1916.833333	-2.577726
1916.916667	-1.200305
1917.000000	-0.876457
1917.083333	-0.737748
1917.166667	-1.953369
1917.250000	-1.636646
1917.333333	-1.768896
1917.416667	-0.937148
1917.500000	-1.813309
1917.583333	-1.555801
1917.666667	-2.644572
1917.750000	-2.381264
1917.833333	-2.669408
1917.916667	-2.866922
1918.000000	-2.763548
1918.083333	-3.253022
1918.166667	-3.884951
1918.250000	-2.177473
1918.333333	-1.083596
1918.416667	-2.045742
1918.500000	-1.551701
1918.583333	-1.953057
1918.666667	-2.456094
1918.750000	-3.705486
1918.833333	-3.399354
1918.916667	-4.346630
1919.000000	-4.321736
1919.083333	-4.646861
1919.166667	-6.115143
1919.250000	-5.329559
1919.333333	-3.752276
1919.416667	-2.709523
1919.500000	-1.756281
1919.583333	-2.011370
1919.666667	-2.652257
1919.750000	-1.793535
1919.833333	-2.734832
1919.916667	-3.373684
1920.000000	-3.410569
1920.083333	-2.940608
1920.166667	-2.104789
1920.250000	-2.542574
1920.333333	-2.375290
1920.416667	-1.881898
1920.500000	-1.802538
1920.583333	-1.128073
1920.666667	-1.656938
1920.750000	-3.328490
1920.833333	-3.558427
1920.916667	-3.767207
1921.000000	-2.666942
1921.083333	-3.552498
1921.166667	-2.990477
1921.250000	-2.658075
1921.333333	-1.313328
1921.416667	-0.253062
1921.500000	0.080430
1921.583333	-0.110307
1921.666667	-0.300638
1921.750000	-1.285493
1921.833333	-0.657945
1921.916667	-3.629269
1922.000000	-3.947661
1922.083333	-2.959296
1922.166667	-3.173646
1922.250000	-2.006377
1922.333333	-1.277515
1922.416667	-0.231873
1922.500000	-0.931218
1922.583333	-1.624823
1922.666667	-2.172840
1922.750000	-2.666933
1922.833333	-2.774344
1922.916667	-3.637996
1923.000000	-1.964003
1923.083333	-1.512291
1923.166667	-2.635430
1923.250000	-1.708692
1923.333333	-0.476871
1923.416667	-0.420063
1923.500000	0.122786
1923.583333	-1.139430
1923.666667	0.017929
1923.750000	0.190960
1923.833333	0.262856
1923.916667	-0.231248
1924.000000	-1.230858
1924.083333	-2.518313
1924.166667	-2.678546
1924.250000	-2.126820
1924.333333	-1.689853
1924.416667	-1.167717
1924.500000	0.096844
1924.583333	2.057675
1924.666667	0.430788
1924.750000	-0.718082
1924.833333	-1.297632
1924.916667	-3.144595
1925.000000	-3.049915
1925.083333	-2.899889
1925.166667	-1.557667
1925.250000	-0.197352
1925.333333	1.378459
1925.416667	0.927248
1925.500000	-0.822606
1925.583333	-1.130392
1925.666667	1.305259
1925.750000	-0.094929
1925.833333	-0.731838
1925.916667	-1.599668
1926.000000	-2.468393
1926.083333	-0.379731
1926.166667	-0.195243
1926.250000	0.844273
1926.333333	2.152283
1926.416667	2.632860
1926.500000	1.065093
1926.583333	0.865862
1926.666667	0.779548
1926.750000	0.225568
1926.833333	-0.103778
1926.916667	0.352491
1927.000000	1.027087
1927.083333	0.656120
1927.166667	-0.737506
1927.250000	1.916356
1927.333333	5.572740
1927.416667	5.726768
1927.500000	5.534731
1927.583333	4.433085
1927.666667	2.226929
1927.750000	0.418709
1927.833333	0.830029
1927.916667	-0.304585
1928.000000	-0.111101
1928.083333	0.228239
1928.166667	-0.776034
1928.250000	0.329717
1928.333333	-0.377196
1928.416667	1.646052
1928.500000	3.110123
1928.583333	2.095848
1928.666667	1.865983
1928.750000	0.255614
1928.833333	-0.469693
1928.916667	-2.987955
1929.000000	-3.128018
1929.083333	-4.638974
1929.166667	-4.150180
1929.250000	-2.166501
1929.333333	-0.213881
1929.416667	-0.710286
1929.500000	-0.363654
1929.583333	-0.146649
1929.666667	-1.321149
1929.750000	-3.264716
1929.833333	-4.961693
1929.916667	-4.558401
1930.000000	-3.065919
1930.083333	-3.249469
1930.166667	-4.000157
1930.250000	-2.904449
1930.333333	-2.084311
1930.416667	-1.349523
1930.500000	-1.873737
1930.583333	-1.988208
1930.666667	-2.902098
1930.750000	-2.481304
1930.833333	-2.790454
1930.916667	-1.379091
1931.000000	-0.464219
1931.083333	0.020050
1931.166667	-0.364368
1931.250000	0.843953
1931.333333	-0.029880
1931.416667	0.905843
1931.500000	1.316820
1931.583333	2.903611
1931.666667	2.608746
1931.750000	0.478852
1931.833333	-0.363830
1931.916667	-0.705294
1932.000000	1.733933
1932.083333	1.542750
1932.166667	1.191384
1932.250000	1.521176
1932.333333	2.650680
1932.416667	2.471107
1932.500000	2.911960
1932.583333	3.153341
1932.666667	1.675368
1932.750000	1.141055
1932.833333	0.839916
1932.916667	-0.741784
1933.000000	-1.053606
1933.083333	0.086268
1933.166667	-1.157080
1933.250000	-0.184155
1933.333333	-0.496491
1933.416667	-1.312902
1933.500000	-1.145793
1933.583333	0.371962
1933.666667	0.436311
1933.750000	0.960666
1933.833333	1.104759
1933.916667	0.227376
1934.000000	0.398592
1934.083333	-1.356591
1934.166667	-2.317759
1934.250000	-0.823525
1934.333333	0.690302
1934.416667	0.795189
1934.500000	0.852321
1934.583333	0.821391
1934.666667	0.100733
1934.750000	0.648643
1934.833333	0.465331
1934.916667	-0.507232
1935.000000	-0.199852
1935.083333	-1.226315
1935.166667	0.281169
1935.250000	0.370558
1935.333333	0.360430
1935.416667	1.035083
1935.500000	0.780110
1935.583333	2.112586
1935.666667	2.055829
1935.750000	2.444268
1935.833333	1.563689
1935.916667	1.032097
1936.000000	2.127671
1936.083333	0.866345
1936.166667	0.255092
1936.250000	1.608054
1936.333333	2.617828
1936.416667	1.442885
1936.500000	1.790525
1936.583333	0.953253
1936.666667	-1.630143
1936.750000	-2.437042
1936.833333	-2.171731
1936.916667	-2.264211
1937.000000	-0.716002
1937.083333	-1.614230
1937.166667	-2.170081
1937.250000	-1.176443
1937.333333	2.131034
1937.416667	3.436389
1937.500000	3.522005
1937.583333	5.795397
1937.666667	3.297957
1937.750000	2.595474
1937.833333	2.997021
1937.916667	1.922504
1938.000000	1.595079
1938.083333	1.115192
1938.166667	1.197091
1938.250000	1.237294
1938.333333	1.105771
1938.416667	1.035161
1938.500000	3.210871
1938.583333	4.221958
1938.666667	3.241608
1938.750000	2.490882
1938.833333	1.684031
1938.916667	0.892027
1939.000000	0.323404
1939.083333	-0.407429
1939.166667	-0.016102
1939.250000	1.268652
1939.333333	1.174036
1939.416667	0.617736
1939.500000	1.808036
1939.583333	0.379982
1939.666667	0.767384
1939.750000	-1.070928
1939.833333	-2.525651
1939.916667	-2.550630
1940.000000	-2.066893
1940.083333	-2.124182
1940.166667	-2.805068
1940.250000	-2.269158
1940.333333	-0.142233
1940.416667	1.604695
1940.500000	2.686934
1940.583333	1.785598
1940.666667	1.532328
1940.750000	2.208055
1940.833333	0.472847
1940.916667	-0.791696
1941.000000	-1.172237
1941.083333	-1.831994
1941.166667	-1.293371
1941.250000	-0.061474
1941.333333	-0.790829
1941.416667	-0.034349
1941.500000	2.035770
1941.583333	3.520337
1941.666667	3.823907
1941.750000	2.796868
1941.833333	1.529636
1941.916667	1.378463
1942.000000	0.620253
1942.083333	-0.045681
1942.166667	0.028019
1942.250000	0.047597
1942.333333	2.387710
1942.416667	2.952319
1942.500000	3.349711
1942.583333	3.416295
1942.666667	1.595856
1942.750000	-0.020766
1942.833333	-0.861801
1942.916667	-1.703238
1943.000000	-1.887730
1943.083333	-2.864308
1943.166667	-2.399304
1943.250000	-1.612367
1943.333333	-0.584496
1943.416667	-0.091405
1943.500000	-0.218092
1943.583333	-0.821971
1943.666667	0.157954
1943.750000	0.611086
1943.833333	-0.576895
1943.916667	-0.057534
1944.000000	1.271556
1944.083333	1.279145
1944.166667	1.024516
1944.250000	2.443309
1944.333333	4.835431
1944.416667	4.201618
1944.500000	3.704920
1944.583333	4.872588
1944.666667	3.811153
1944.750000	2.271851
1944.833333	-0.010297
1944.916667	0.289836
1945.000000	0.290419
1945.083333	0.423748
1945.166667	0.210327
1945.250000	2.637382
1945.333333	3.614936
1945.416667	3.037571
1945.500000	2.758608
1945.583333	3.526319
1945.666667	2.801621
1945.750000	0.969476
1945.833333	0.283098
1945.916667	0.239699
1946.000000	0.193590
1946.083333	1.867943
1946.166667	1.697725
1946.250000	0.655603
1946.333333	1.057111
1946.416667	1.646969
1946.500000	2.996648
1946.583333	2.625852
1946.666667	2.209097
1946.750000	1.376527
1946.833333	-0.124263
1946.916667	0.114473
1947.000000	0.122183
1947.083333	0.735673
1947.166667	-0.196134
1947.250000	-0.265703
1947.333333	0.727785
1947.416667	-0.139834
1947.500000	0.119198
1947.583333	2.458430
1947.666667	2.209347
1947.750000	0.950108
1947.833333	0.576647
1947.916667	-0.195057
1948.000000	-0.193060
1948.083333	-0.307224
1948.166667	-0.157952
1948.250000	1.816766
1948.333333	2.165844
1948.416667	1.660089
1948.500000	2.354997
1948.583333	2.724109
1948.666667	1.421034
1948.750000	0.170002
1948.833333	-1.125014
1948.916667	-0.970134
1949.000000	-0.034321
1949.083333	-0.277521
1949.166667	0.823842
1949.250000	1.883514
1949.333333	2.939594
1949.416667	2.576213
1949.500000	2.198468
1949.583333	2.326565
1949.666667	1.904420
1949.750000	0.176149
1949.833333	-0.112933
1949.916667	-0.134432
1950.000000	-1.661699
1950.083333	-1.873262
1950.166667	-0.595018
1950.250000	-0.683641
1950.333333	-0.099332
1950.416667	0.141957
1950.500000	0.937997
1950.583333	3.025487
1950.666667	1.109898
1950.750000	1.559633
1950.833333	-0.270215
1950.916667	-0.006386
1951.000000	1.103848
1951.083333	0.488952
1951.166667	-1.290259
1951.250000	-0.508448
1951.333333	0.713358
1951.416667	0.385889
1951.500000	0.822723
1951.583333	2.231274
1951.666667	1.982406
1951.750000	1.866263
1951.833333	0.732784
1951.916667	-0.782148
1952.000000	-0.637538
1952.083333	-1.266717
1952.166667	-1.714244
1952.250000	-0.617385
1952.333333	-1.709456
1952.416667	-1.828661
1952.500000	-1.493293
1952.583333	-0.040472
1952.666667	-0.129167
1952.750000	1.127844
1952.833333	-0.052042
1952.916667	0.519923
1953.000000	1.058027
1953.083333	1.145861
1953.166667	0.938584
1953.250000	2.425603
1953.333333	2.125805
1953.416667	2.921149
1953.500000	3.598399
1953.583333	4.620384
1953.666667	3.174873
1953.750000	2.261292
1953.833333	1.859032
1953.916667	2.217807
1954.000000	2.980506
1954.083333	3.483085
1954.166667	2.373712
1954.250000	1.803558
1954.333333	2.229163
1954.416667	1.926505
1954.500000	2.277471
1954.583333	2.484281
1954.666667	1.062592
1954.750000	-1.186042
1954.833333	-1.564255
1954.916667	-1.204640
1955.000000	-0.887689
1955.083333	-0.554057
1955.166667	0.935672
1955.250000	1.882805
1955.333333	2.279849
1955.416667	1.286867
1955.500000	0.986954
1955.583333	1.924400
1955.666667	0.554153
1955.750000	0.209489
1955.833333	1.057568
1955.916667	1.326439
1956.000000	-0.177756
1956.083333	-2.163256
1956.166667	-2.654315
1956.250000	-2.096967
1956.333333	-0.827439
1956.416667	-0.638363
1956.500000	1.250940
1956.583333	1.114639
1956.666667	0.166635
1956.750000	-0.163496
1956.833333	-0.723849
1956.916667	-0.865377
1957.000000	-0.041822
1957.083333	-1.991841
1957.166667	-1.554442
1957.250000	-1.377819
1957.333333	-1.388841
1957.416667	-1.579291
1957.500000	-2.552273
1957.583333	-0.736572
1957.666667	-0.713981
1957.750000	0.814331
1957.833333	1.927631
1957.916667	1.203515
1958.000000	2.875769
1958.083333	3.050974
1958.166667	1.318078
1958.250000	-0.441016
1958.333333	-0.731370
1958.416667	-1.689690
1958.500000	-0.208612
1958.583333	1.045152
1958.666667	-0.751801
1958.750000	-0.784861
1958.833333	-0.646744
1958.916667	0.101306
1959.000000	0.426086
1959.083333	-0.236744
1959.166667	-0.986810
1959.250000	-0.143466
1959.333333	1.015399
1959.416667	1.368118
1959.500000	1.590368
1959.583333	2.733670
1959.666667	2.107385
1959.750000	2.054766
1959.833333	2.076262
1959.916667	1.609325
1960.000000	1.895210
1960.083333	2.018624
1960.166667	2.080015
1960.250000	0.674734
1960.333333	1.480432
1960.416667	0.949451
1960.500000	-0.340096
1960.583333	1.430765
1960.666667	0.971707
1960.750000	2.614439
1960.833333	1.879031
1960.916667	1.278738
1961.000000	1.926230
1961.083333	1.501344
1961.166667	0.078882
1961.250000	1.695659
1961.333333	2.495625
1961.416667	2.459336
1961.500000	2.524380
1961.583333	3.016863
1961.666667	1.244209
1961.750000	0.813076
1961.833333	1.082592
1961.916667	0.220077
1962.000000	0.615628
1962.083333	0.022719
1962.166667	0.098768
1962.250000	0.211163
1962.333333	1.349908
1962.416667	0.008142
1962.500000	1.720435
1962.583333	1.950028
1962.666667	1.872262
1962.750000	1.331950
1962.833333	0.591710
1962.916667	0.197571
1963.000000	1.957356
1963.083333	1.205639
1963.166667	2.263055
1963.250000	1.685027
1963.333333	0.127742
1963.416667	-1.750833
1963.500000	-0.528182
1963.583333	1.390723
1963.666667	-0.057366
1963.750000	-0.005138
1963.833333	0.405928
1963.916667	0.567333
1964.000000	1.096661
1964.083333	0.169938
1964.166667	-0.726783
1964.250000	0.628927
1964.333333	1.492776
1964.416667	-0.177141
1964.500000	-0.220967
1964.583333	1.365043
1964.666667	0.179200
1964.750000	-0.735718
1964.833333	-1.223551
1964.916667	-1.157979
1965.000000	-0.459105
1965.083333	-0.340132
1965.166667	-1.441977
1965.250000	-0.789045
1965.333333	0.075124
1965.416667	0.328641
1965.500000	-0.637856
1965.583333	-1.337086
1965.666667	-3.586484
1965.750000	-4.303631
1965.833333	-3.924258
1965.916667	-3.826644
1966.000000	-2.832110
1966.083333	-2.322128
1966.166667	-2.139572
1966.250000	-0.660568
1966.333333	0.363885
1966.416667	0.711611
1966.500000	1.257518
1966.583333	2.166486
1966.666667	1.018818
1966.750000	1.722105
1966.833333	-0.911593
1966.916667	-0.844488
1967.000000	0.018534
1967.083333	-0.417762
1967.166667	-1.444200
1967.250000	-0.489144
1967.333333	0.354270
1967.416667	-1.196391
1967.500000	0.014614
1967.583333	1.365873
1967.666667	0.347195
1967.750000	0.728015
1967.833333	-0.084318
1967.916667	-1.585470
1968.000000	-0.355370
1968.083333	0.323762
1968.166667	-0.811548
1968.250000	-0.335351
1968.333333	0.173119
1968.416667	-0.471616
1968.500000	1.181874
1968.583333	1.416128
1968.666667	0.952215
1968.750000	0.231512
1968.833333	-1.152766
1968.916667	-1.775110
1969.000000	-1.976934
1969.083333	-2.660634
1969.166667	-1.758929
1969.250000	-0.122128
1969.333333	-0.617936
1969.416667	-0.914111
1969.500000	-1.088278
1969.583333	0.476382
1969.666667	-0.673287
1969.750000	0.472938
1969.833333	0.053178
1969.916667	0.651413
1970.000000	0.010495
1970.083333	-1.183282
1970.166667	-1.258080
1970.250000	-1.859514
1970.333333	0.092728
1970.416667	-0.543122
1970.500000	-0.116332
1970.583333	0.972941
1970.666667	-1.036031
1970.750000	-1.901354
1970.833333	-2.633719
1970.916667	-3.631596
1971.000000	-4.106459
1971.083333	-3.664385
1971.166667	-4.171929
1971.250000	-3.123251
1971.333333	-2.261427
1971.416667	-2.382411
1971.500000	-2.096857
1971.583333	-1.650524
1971.666667	-2.168852
1971.750000	-0.603073
1971.833333	-1.191749
1971.916667	-2.267126
1972.000000	-3.166919
1972.083333	-3.839319
1972.166667	-3.443416
1972.250000	-3.862049
1972.333333	-3.132727
1972.416667	-3.296566
1972.500000	-5.328618
1972.583333	-4.471130
1972.666667	-3.049756
1972.750000	-2.404642
1972.833333	-3.527941
1972.916667	-2.538993
1973.000000	-2.389901
1973.083333	-3.171867
1973.166667	-3.707655
1973.250000	-1.783660
1973.333333	-0.807331
1973.416667	-1.019451
1973.500000	-1.039042
1973.583333	0.462786
1973.666667	-0.650188
1973.750000	-1.459859
1973.833333	-3.385996
1973.916667	-2.741653
1974.000000	-2.527917
1974.083333	-1.974409
1974.166667	-3.552577
1974.250000	-2.597017
1974.333333	-3.352175
1974.416667	-3.112640
1974.500000	-3.768416
1974.583333	-2.192173
1974.666667	-3.365267
1974.750000	-3.030008
1974.833333	-3.400059
1974.916667	-3.259051
1975.000000	-4.191914
1975.083333	-4.509132
1975.166667	-4.874733
1975.250000	-4.926509
1975.333333	-5.366982
1975.416667	-5.772810
1975.500000	-4.525520
1975.583333	-2.757938
1975.666667	-2.433157
1975.750000	-1.489735
1975.833333	-1.344858
1975.916667	-2.882972
1976.000000	-2.685903
1976.083333	-3.765572
1976.166667	-5.243762
1976.250000	-6.130576
1976.333333	-6.564351
1976.416667	-6.466701
1976.500000	-5.565912
1976.583333	-3.350964
1976.666667	-3.787248
1976.750000	-3.623141
1976.833333	-3.815989
1976.916667	-4.320067
1977.000000	-4.107421
1977.083333	-3.465467
1977.166667	-4.221877
1977.250000	-3.612391
1977.333333	-2.530529
1977.416667	-2.286980
1977.500000	-1.188918
1977.583333	-1.221334
1977.666667	-0.833555
1977.750000	-0.945977
1977.833333	-2.447229
1977.916667	-3.679683
1978.000000	-1.808705
1978.083333	-1.495856
1978.166667	-2.345496
1978.250000	-1.235229
1978.333333	-0.951357
1978.416667	-2.361353
1978.500000	-2.583926
1978.583333	-1.970878
1978.666667	-0.804282
1978.750000	0.656086
1978.833333	1.143434
1978.916667	0.254305
1979.000000	1.851715
1979.083333	0.016993
1979.166667	-0.600366
1979.250000	0.201517
1979.333333	0.290643
1979.416667	-0.026509
1979.500000	-0.350395
1979.583333	0.701494
1979.666667	0.518746
1979.750000	0.157661
1979.833333	-1.255172
1979.916667	-2.393937
1980.000000	-2.383651
1980.083333	-1.222563
1980.166667	-2.165062
1980.250000	-1.992009
1980.333333	-1.634697
1980.416667	-1.491816
1980.500000	-0.379285
1980.583333	0.267219
1980.666667	-0.802909
1980.750000	-1.153834
1980.833333	-1.697927
1980.916667	-1.225537
1981.000000	-1.087266
1981.083333	-0.587386
1981.166667	0.575067
1981.250000	0.815774
1981.333333	-0.226507
1981.416667	-0.514241
1981.500000	-0.820823
1981.583333	0.247434
1981.666667	1.150849
1981.750000	1.261707
1981.833333	0.065449
1981.916667	-1.933397
1982.000000	-1.857732
1982.083333	-1.529630
1982.166667	-1.875103
1982.250000	-1.956391
1982.333333	-1.766155
1982.416667	-1.289207
1982.500000	0.190785
1982.583333	0.839743
1982.666667	0.158745
1982.750000	-0.597487
1982.833333	-2.385693
1982.916667	-1.864035
1983.000000	-1.526254
1983.083333	-1.219039
1983.166667	-1.344841
1983.250000	-0.381202
1983.333333	-1.931507
1983.416667	-2.406783
1983.500000	-3.057564
1983.583333	-2.380084
1983.666667	-1.377324
1983.750000	-0.057880
1983.833333	-1.265912
1983.916667	-1.439902
1984.000000	-0.986111
1984.083333	-2.860808
1984.166667	-1.810823
1984.250000	-0.586103
1984.333333	-1.036828
1984.416667	-1.476211
1984.500000	-2.374088
1984.583333	-2.382515
1984.666667	-2.470618
1984.750000	-2.876345
1984.833333	-4.777771
1984.916667	-6.247961
1985.000000	-4.318335
1985.083333	-3.139994
1985.166667	-4.655156
1985.250000	-2.916445
1985.333333	-1.733157
1985.416667	-1.849745
1985.500000	-1.485306
1985.583333	-0.171175
1985.666667	-0.255206
1985.750000	0.191228
1985.833333	-2.045187
1985.916667	-2.822450
1986.000000	-3.165941
1986.083333	-3.634756
1986.166667	-2.586276
1986.250000	-2.299736
1986.333333	-1.562008
1986.416667	-0.022887
1986.500000	0.107226
1986.583333	-0.261172
1986.666667	-0.853246
1986.750000	0.429549
1986.833333	-1.044926
1986.916667	-1.146926
1987.000000	-0.338895
1987.083333	-0.633065
1987.166667	-0.198049
1987.250000	-0.846370
1987.333333	-0.532701
1987.416667	-0.874612
1987.500000	-0.097207
1987.583333	-0.898412
1987.666667	-0.340396
1987.750000	-1.287956
1987.833333	-0.921759
1987.916667	-0.886114
1988.000000	-0.912922
1988.083333	-2.034556
1988.166667	-2.710563
1988.250000	-2.847305
1988.333333	-1.278379
1988.416667	-0.604089
1988.500000	-0.569388
1988.583333	0.882582
1988.666667	0.126911
1988.750000	-0.126877
1988.833333	-1.673183
1988.916667	-2.266657
1989.000000	-3.329478
1989.083333	-4.130253
1989.166667	-4.029225
1989.250000	-1.849356
1989.333333	-1.543377
1989.416667	-0.483061
1989.500000	-0.378480
1989.583333	-1.360608
1989.666667	-0.964000
1989.750000	-0.652782
1989.833333	-0.799126
1989.916667	-1.915865
1990.000000	-1.762435
1990.083333	-2.394462
1990.166667	-1.544414
1990.250000	-1.349978
1990.333333	-1.804959
1990.416667	-2.564804
1990.500000	-2.789227
1990.583333	-1.506886
1990.666667	-1.477361
1990.750000	-2.191473
1990.833333	-3.707475
1990.916667	-3.505978
1991.000000	-1.904389
1991.083333	-2.357837
1991.166667	-2.274820
1991.250000	-2.652258
1991.333333	-2.611158
1991.416667	-0.677020
1991.500000	-0.627713
1991.583333	-0.552698
1991.666667	-0.867648
1991.750000	-0.583414
1991.833333	-2.362183
1991.916667	-2.689864
1992.000000	-1.581065
1992.083333	-1.814232
1992.166667	-2.314888
1992.250000	-1.989020
1992.333333	-2.075452
1992.416667	-1.192646
1992.500000	-0.554925
1992.583333	-0.505688
1992.666667	-0.951091
1992.750000	-1.727775
1992.833333	-0.521697
1992.916667	-1.715629
1993.000000	-0.253888
1993.083333	-1.411115
1993.166667	-1.923658
1993.250000	-0.699083
1993.333333	-0.166404
1993.416667	-0.035310
1993.500000	-0.730792
1993.583333	-1.582049
1993.666667	-0.966500
1993.750000	-1.249954
1993.833333	-1.935089
1993.916667	-0.778629
1994.000000	-2.331021
1994.083333	-2.217462
1994.166667	-3.698612
1994.250000	-2.605522
1994.333333	-1.785181
1994.416667	-1.542816
1994.500000	-0.321537
1994.583333	0.295868
1994.666667	1.483064
1994.750000	2.985837
1994.833333	1.770724
1994.916667	2.433224
1995.000000	2.380652
1995.083333	2.133315
1995.166667	1.360219
1995.250000	1.713143
1995.333333	2.046188
1995.416667	1.559396
1995.500000	3.368181
1995.583333	3.757657
1995.666667	2.578356
1995.750000	1.428297
1995.833333	0.729047
1995.916667	0.294582
1996.000000	0.527247
1996.083333	-0.132387
1996.166667	-0.421616
1996.250000	1.380877
1996.333333	2.312290
1996.416667	4.067401
1996.500000	4.142964
1996.583333	3.875383
1996.666667	1.722130
1996.750000	-0.385579
1996.833333	-1.427828
1996.916667	-2.272297
1997.000000	-2.109002
1997.083333	-2.672460
1997.166667	-2.275088
1997.250000	-1.657791
1997.333333	-1.339458
1997.416667	-1.319559
1997.500000	-1.422398
1997.583333	-0.580638
1997.666667	0.531526
1997.750000	0.861787
1997.833333	-0.458477
1997.916667	-0.716112
1998.000000	0.852723
1998.083333	2.182630
1998.166667	0.680155
1998.250000	1.130588
1998.333333	1.504339
1998.416667	1.699666
1998.500000	2.915514
1998.583333	2.098495
1998.666667	2.480840
1998.750000	3.667903
1998.833333	4.450405
1998.916667	4.384537
1999.000000	3.993628
1999.083333	2.967765
1999.166667	2.641596
1999.250000	3.246290
1999.333333	3.808967
1999.416667	3.639684
1999.500000	3.377168
1999.583333	3.166922
1999.666667	2.013099
1999.750000	0.928572
1999.833333	-0.167889
1999.916667	-0.081312
2000.000000	-0.442826
2000.083333	-1.114436
2000.166667	0.098192
2000.250000	0.566799
2000.333333	3.105822
2000.416667	3.546912
2000.500000	2.739337
2000.583333	2.208794
2000.666667	1.814712
2000.750000	1.303633
2000.833333	-0.575696
2000.916667	-0.087142
2001.000000	-0.710747
2001.083333	-0.483470
2001.166667	0.277663
2001.250000	1.755270
2001.333333	0.842432
2001.416667	1.506521
2001.500000	0.456180
2001.583333	1.288350
2001.666667	2.259547
2001.750000	3.843618
2001.833333	3.547078
2001.916667	2.995681
2002.000000	2.898389
2002.083333	3.220170
2002.166667	1.917238
2002.250000	2.582970
2002.333333	2.136057
2002.416667	1.374899
2002.500000	1.163978
2002.583333	1.607377
2002.666667	-1.180972
2002.750000	-2.452791
2002.833333	-3.826258
2002.916667	-3.439593
2003.000000	-2.466369
2003.083333	-3.444655
2003.166667	-5.326939
2003.250000	-4.912261
2003.333333	-2.942293
2003.416667	-3.447490
2003.500000	-2.485290
2003.583333	-1.255003
2003.666667	0.505352
2003.750000	2.309075
2003.833333	2.507459
2003.916667	1.805363
2004.000000	1.391105
2004.083333	0.478846
2004.166667	0.133611
2004.250000	-0.701766
2004.333333	1.564621
2004.416667	1.025193
2004.500000	1.304046
2004.583333	1.082072
2004.666667	2.567255
2004.750000	2.471209
2004.833333	1.184089
2004.916667	1.771693
2005.000000	2.308153
2005.083333	1.585885
2005.166667	-0.656283
2005.250000	0.228312
2005.333333	1.698326
2005.416667	0.793451
2005.500000	3.301885
2005.583333	2.830532
2005.666667	2.015011
2005.750000	1.846820
2005.833333	0.844174
2005.916667	2.051758
2006.000000	0.783499
2006.083333	-0.578480
2006.166667	-0.928502
2006.250000	-0.244068
2006.333333	0.783230
2006.416667	0.923563
2006.500000	2.344283
2006.583333	2.243658
2006.666667	2.197329
2006.750000	0.913717
2006.833333	0.062429
2006.916667	1.327496
2007.000000	1.139255
2007.083333	0.355186
2007.166667	0.489812
2007.250000	0.114988
2007.333333	1.032330
2007.416667	1.402745
2007.500000	3.265424
2007.583333	3.551066
2007.666667	3.384326
2007.750000	2.398067
2007.833333	1.024055
2007.916667	1.707785
2008.000000	2.059044
2008.083333	0.808744
2008.166667	0.066435
2008.250000	0.112697
2008.333333	2.119475
2008.416667	2.472441
2008.500000	2.691727
2008.583333	2.557751
2008.666667	1.932384
2008.750000	1.528019
2008.833333	0.018935
2008.916667	-0.338837
2009.000000	0.020241
2009.083333	-1.661614
2009.166667	-1.986607
2009.250000	-1.763974
2009.333333	-0.277105
2009.416667	-0.466771
2009.500000	-1.238689
2009.583333	-0.290940
2009.666667	1.549394
2009.750000	2.940379
2009.833333	2.834455
2009.916667	2.919734
2010.000000	2.129936
2010.083333	1.594195
2010.166667	0.088704
2010.250000	1.955026
2010.333333	2.926463
2010.416667	1.925223
2010.500000	1.876296
2010.583333	1.516450
2010.666667	1.825691
2010.750000	1.955021
2010.833333	1.090233
2010.916667	1.421917
2011.000000	0.603321
2011.083333	-0.524204
2011.166667	-2.474427
2011.250000	-0.680328
2011.333333	0.120602
2011.416667	-1.983879
2011.500000	-1.345937
2011.583333	-0.359302
2011.666667	-0.647852
2011.750000	0.193334
2011.833333	0.678317
2011.916667	1.293727
2012.000000	0.645018
2012.083333	-0.460803
2012.166667	-2.289931
2012.250000	-2.461431
2012.333333	-2.143878
2012.416667	-2.309064
2012.500000	-1.248241
2012.583333	0.710332
2012.666667	1.222927
2012.750000	2.755400
2012.833333	0.032647
2012.916667	-0.992616
2013.000000	0.073083
2013.083333	-0.712287
2013.166667	-0.667947
2013.250000	-0.986779
2013.333333	-0.907732
2013.416667	-1.584055
2013.500000	-1.092585
2013.583333	0.271335
2013.666667	0.929969
2013.750000	0.933140
2013.833333	-0.442119
2013.916667	-0.462310
2014.000000	-0.293365
2014.083333	-1.002222
2014.166667	-0.484051
2014.250000	-0.577446
2014.333333	0.482813
2014.416667	0.215531
2014.500000	0.330217
2014.583333	0.116045
2014.666667	2.701829
2014.750000	2.095016
2014.833333	1.722919
2014.916667	1.606873
2015.000000	1.022504
2015.083333	0.436597
2015.166667	-1.647910
2015.250000	-0.887903
2015.333333	-0.525561
2015.416667	0.306658
2015.500000	1.715363
2015.583333	2.530368
2015.666667	3.123708
2015.750000	3.333780
2015.833333	2.996586
2015.916667	3.114153
2016.000000	3.141540
2016.083333	2.630818
2016.166667	2.080284
2016.250000	2.080150
2016.333333	3.199898
2016.416667	2.068211
2016.500000	1.304744
2016.583333	0.398998
2016.666667	0.042412
2016.750000	1.353935
2016.833333	3.062071
2016.916667	2.713279
2017.000000	2.399190
2017.083333	1.951977
2017.166667	1.699068
2017.250000	4.219154
2017.333333	5.611832
2017.416667	5.586241
2017.500000	4.718207
2017.583333	6.377322
2017.666667	4.520855
2017.750000	3.779164
2017.833333	1.720997
2017.916667	2.055428
2018.000000	1.633814
2018.083333	0.112333
2018.166667	-0.477439
2018.250000	-0.589683
2018.333333	-0.278461
2018.416667	0.009398
2018.500000	0.089030
2018.583333	1.672197
2018.666667	0.473600
2018.750000	0.593833
2018.833333	-1.431559
2018.916667	-0.120887
2019.000000	0.004324
2019.083333	1.076358
2019.166667	1.106613
2019.250000	0.905251
2019.333333	1.290526
2019.416667	3.066339
2019.500000	3.403958
2019.583333	2.790686
2019.666667	4.317328
2019.750000	3.667151
2019.833333	3.723897
2019.916667	2.994350
2020.000000	4.198843
2020.083333	4.247478
2020.166667	2.673087
2020.250000	1.035157
2020.333333	0.865678
2020.416667	1.674489
2020.500000	3.194691
2020.583333	3.441935
2020.666667	3.279717
2020.750000	2.560209
2020.833333	0.171493
2020.916667	0.530552
2021.000000	2.464134
2021.083333	0.975496
2021.166667	0.201443
2021.250000	0.193461
2021.333333	1.250874
2021.416667	0.831390
2021.500000	2.092271
2021.583333	3.364639
2021.666667	3.227435
2021.750000	2.202521
2021.833333	1.960601
2021.916667	1.449816
2022.000000	2.680763
2022.083333	3.238467
