1880.000000	0.284231
1880.083333	0.264740
1880.166667	0.155146
1880.250000	0.259565
1880.333333	0.115208
1880.416667	-0.184742
1880.500000	0.202091
1880.583333	0.287670
1880.666667	0.283873
1880.750000	0.163248
1880.833333	-0.065500
1880.916667	-0.240181
1881.000000	-0.270264
1881.083333	-0.499332
1881.166667	-0.332428
1881.250000	0.029400
1881.333333	0.011300
1881.416667	0.150724
1881.500000	-0.150518
1881.583333	-0.159929
1881.666667	-0.153572
1881.750000	0.127644
1881.833333	0.033700
1881.916667	0.241312
1882.000000	0.212360
1882.083333	0.081600
1882.166667	0.053600
1882.250000	0.264223
1882.333333	0.233383
1882.416667	0.190042
1882.500000	-0.020300
1882.583333	0.385582
1882.666667	0.306562
1882.750000	0.285269
1882.833333	0.353495
1882.916667	0.189762
1883.000000	0.043500
1883.083333	0.025800
1883.166667	0.013800
1883.250000	-0.075200
1883.333333	-0.067600
1883.416667	-0.117838
1883.500000	-0.127626
1883.583333	-0.059700
1883.666667	-0.076900
1883.750000	0.413219
1883.833333	0.198097
1883.916667	0.105331
1884.000000	0.584396
1884.083333	0.691267
1884.166667	0.530621
1884.250000	0.455832
1884.333333	0.458832
1884.416667	0.707529
1884.500000	0.737772
1884.583333	0.675823
1884.666667	0.880875
1884.750000	0.972570
1884.833333	0.742050
1884.916667	0.623531
1885.000000	0.803009
1885.083333	1.101520
1885.166667	0.769503
1885.250000	0.674383
1885.333333	0.828732
1885.416667	0.888802
1885.500000	0.951128
1885.583333	0.879990
1885.666667	0.427959
1885.750000	0.620508
1885.833333	0.491039
1885.916667	0.468248
1886.000000	0.317833
1886.083333	0.181791
1886.166667	0.501133
1886.250000	0.486113
1886.333333	0.406548
1886.416667	0.322048
1886.500000	0.332842
1886.583333	0.433023
1886.666667	0.259684
1886.750000	-0.008470
1886.833333	-0.171328
1886.916667	-0.071300
1887.000000	0.178844
1887.083333	-0.175091
1887.166667	-0.349127
1887.250000	-0.265503
1887.333333	-0.312452
1887.416667	-0.462700
1887.500000	-0.394550
1887.583333	-0.669607
1887.666667	-0.361477
1887.750000	-0.621172
1887.833333	-0.560396
1887.916667	-0.436928
1888.000000	-0.535402
1888.083333	-0.463078
1888.166667	-0.293938
1888.250000	-0.601500
1888.333333	-0.243464
1888.416667	-0.298882
1888.500000	-0.205660
1888.583333	-0.130257
1888.666667	0.031200
1888.750000	0.236139
1888.833333	0.305984
1888.916667	-0.009800
1889.000000	-0.223448
1889.083333	-0.172575
1889.166667	-0.215714
1889.250000	-0.167267
1889.333333	0.063800
1889.416667	0.504230
1889.500000	0.648098
1889.583333	0.574728
1889.666667	0.760653
1889.750000	0.953033
1889.833333	0.685472
1889.916667	0.532703
1890.000000	0.347883
1890.083333	-0.112400
1890.166667	-0.255747
1890.250000	-0.202217
1890.333333	-0.412828
1890.416667	-0.176411
1890.500000	-0.280600
1890.583333	-0.322638
1890.666667	-0.097500
1890.750000	-0.584677
1890.833333	-0.633739
1890.916667	-0.833668
1891.000000	-0.776865
1891.083333	-1.022930
1891.166667	-0.451424
1891.250000	-0.233028
1891.333333	-0.143150
1891.416667	0.500431
1891.500000	0.217014
1891.583333	0.389721
1891.666667	0.273682
1891.750000	0.730099
1891.833333	0.691578
1891.916667	0.633493
1892.000000	0.216492
1892.083333	0.171963
1892.166667	-0.138510
1892.250000	-0.315258
1892.333333	0.174089
1892.416667	-0.248110
1892.500000	-0.300762
1892.583333	-0.110281
1892.666667	-0.405998
1892.750000	-0.265453
1892.833333	-0.515903
1892.916667	-0.574318
1893.000000	-0.597139
1893.083333	-0.579697
1893.166667	-0.817905
1893.250000	-0.238758
1893.333333	-0.491060
1893.416667	-0.341839
1893.500000	-0.556324
1893.583333	-0.593559
1893.666667	-0.443977
1893.750000	-0.664165
1893.833333	-0.639145
1893.916667	-0.567802
1894.000000	-0.413877
1894.083333	-0.513103
1894.166667	-0.127031
1894.250000	-0.422583
1894.333333	-0.123861
1894.416667	0.310152
1894.500000	0.546200
1894.583333	0.673828
1894.666667	0.745012
1894.750000	0.346409
1894.833333	0.173433
1894.916667	0.569754
1895.000000	0.584318
1895.083333	0.475962
1895.166667	0.468752
1895.250000	0.250362
1895.333333	0.274040
1895.416667	0.434212
1895.500000	0.016500
1895.583333	0.137980
1895.666667	0.306026
1895.750000	0.492691
1895.833333	0.029600
1895.916667	0.145582
1896.000000	0.045900
1896.083333	-0.122147
1896.166667	-0.028800
1896.250000	-0.060100
1896.333333	-0.017000
1896.416667	-0.057400
1896.500000	0.339252
1896.583333	0.649332
1896.666667	0.576900
1896.750000	0.595284
1896.833333	0.764935
1896.916667	0.560337
1897.000000	0.329212
1897.083333	0.048600
1897.166667	-0.160368
1897.250000	0.109205
1897.333333	0.063100
1897.416667	-0.011800
1897.500000	0.243853
1897.583333	0.217426
1897.666667	-0.076600
1897.750000	-0.137159
1897.833333	-0.725227
1897.916667	-0.640848
1898.000000	-0.337603
1898.083333	-0.445019
1898.166667	0.203728
1898.250000	-0.060100
1898.333333	0.029500
1898.416667	-0.005860
1898.500000	0.220005
1898.583333	0.291063
1898.666667	0.209360
1898.750000	0.382982
1898.833333	0.372459
1898.916667	0.524580
1899.000000	0.484077
1899.083333	0.827524
1899.166667	0.582394
1899.250000	0.543753
1899.333333	0.529966
1899.416667	0.578247
1899.500000	0.414484
1899.583333	0.527382
1899.666667	0.634483
1899.750000	0.525501
1899.833333	0.194775
1899.916667	0.059000
1900.000000	-0.021400
1900.083333	-0.055300
1900.166667	-0.094500
1900.250000	-0.321798
1900.333333	-0.382591
1900.416667	-0.259727
1900.500000	-0.335115
1900.583333	-0.587070
1900.666667	-0.623737
1900.750000	-0.519888
1900.833333	-1.146220
1900.916667	-1.157690
1901.000000	-0.964277
1901.083333	-1.247730
1901.166667	-1.253730
1901.250000	-1.219510
1901.333333	-1.027160
1901.416667	-0.770975
1901.500000	-0.842806
1901.583333	-1.096700
1901.666667	-0.987198
1901.750000	-0.312286
1901.833333	0.075400
1901.916667	0.346422
1902.000000	0.493208
1902.083333	0.519596
1902.166667	0.510427
1902.250000	0.638138
1902.333333	0.328493
1902.416667	0.524033
1902.500000	0.189859
1902.583333	0.100510
1902.666667	-0.020500
1902.750000	0.116655
1902.833333	-0.093300
1902.916667	-0.177279
1903.000000	-0.026100
1903.083333	0.090900
1903.166667	0.171728
1903.250000	0.004330
1903.333333	0.096600
1903.416667	-0.177217
1903.500000	0.327902
1903.583333	0.072500
1903.666667	-0.075000
1903.750000	-0.185617
1903.833333	-0.218643
1903.916667	-0.587013
1904.000000	-0.761391
1904.083333	-0.831472
1904.166667	-1.252400
1904.250000	-0.857168
1904.333333	-1.418750
1904.416667	-1.243110
1904.500000	-1.200460
1904.583333	-0.699997
1904.666667	-0.490335
1904.750000	-0.477247
1904.833333	-0.430704
1904.916667	-0.562197
1905.000000	-0.454727
1905.083333	-0.517107
1905.166667	-0.614193
1905.250000	-0.568848
1905.333333	-0.647127
1905.416667	-0.970245
1905.500000	-0.894754
1905.583333	-0.910698
1905.666667	-1.172810
1905.750000	-0.769482
1905.833333	-0.733835
1905.916667	-0.962166
1906.000000	-0.439917
1906.083333	-0.652897
1906.166667	-0.678019
1906.250000	-0.515739
1906.333333	-0.432631
1906.416667	0.200230
1906.500000	0.027600
1906.583333	0.567253
1906.666667	0.496563
1906.750000	0.569468
1906.833333	0.879967
1906.916667	0.756641
1907.000000	0.492403
1907.083333	0.468872
1907.166667	0.623432
1907.250000	0.513802
1907.333333	0.256834
1907.416667	0.224022
1907.500000	0.032400
1907.583333	-0.149883
1907.666667	-0.342169
1907.750000	-0.659857
1907.833333	-0.319353
1907.916667	-0.760731
1908.000000	-0.344568
1908.083333	-0.388817
1908.166667	-0.287352
1908.250000	-0.111994
1908.333333	0.355093
1908.416667	0.499443
1908.500000	0.700525
1908.583333	0.969748
1908.666667	0.901335
1908.750000	0.941105
1908.833333	0.784855
1908.916667	0.512911
1909.000000	0.386469
1909.083333	0.097100
1909.166667	0.465168
1909.250000	0.577875
1909.333333	0.774151
1909.416667	0.246538
1909.500000	0.394609
1909.583333	0.215076
1909.666667	0.110043
1909.750000	0.078800
1909.833333	-0.043300
1909.916667	-0.082200
1910.000000	0.037300
1910.083333	0.010800
1910.166667	0.222584
1910.250000	-0.112469
1910.333333	0.332170
1910.416667	0.122690
1910.500000	-0.052900
1910.583333	0.192543
1910.666667	-0.059800
1910.750000	0.038600
1910.833333	0.168732
1910.916667	-0.115290
1911.000000	-0.213678
1911.083333	-0.288660
1911.166667	-0.027000
1911.250000	-0.021200
1911.333333	0.145092
1911.416667	0.049500
1911.500000	0.513275
1911.583333	0.510031
1911.666667	-0.119083
1911.750000	-0.320198
1911.833333	-0.472618
1911.916667	-0.741018
1912.000000	-0.791143
1912.083333	-1.009650
1912.166667	-0.862843
1912.250000	-0.682079
1912.333333	-0.445011
1912.416667	-0.557102
1912.500000	-0.661774
1912.583333	-0.481216
1912.666667	-0.336699
1912.750000	-0.344110
1912.833333	-0.724222
1912.916667	-0.524712
1913.000000	-0.386461
1913.083333	-0.286106
1913.166667	-0.147966
1913.250000	-0.365955
1913.333333	-0.376572
1913.416667	0.227430
1913.500000	0.380573
1913.583333	0.700338
1913.666667	0.719088
1913.750000	0.771326
1913.833333	0.768970
1913.916667	0.767878
1914.000000	0.881268
1914.083333	1.013790
1914.166667	0.661970
1914.250000	1.434010
1914.333333	0.884295
1914.416667	0.635742
1914.500000	0.852755
1914.583333	0.470922
1914.666667	0.074500
1914.750000	-0.027000
1914.833333	-0.013400
1914.916667	-0.092000
1915.000000	-0.776377
1915.083333	-0.597298
1915.166667	-1.055160
1915.250000	-1.003670
1915.333333	-0.977102
1915.416667	-0.814379
1915.500000	-0.760590
1915.583333	-0.638462
1915.666667	-0.488268
1915.750000	-0.525171
1915.833333	-0.355633
1915.916667	-0.378517
1916.000000	-0.482489
1916.083333	-0.611362
1916.166667	-0.510736
1916.250000	-0.010800
1916.333333	-0.052600
1916.416667	0.126755
1916.500000	0.183041
1916.583333	0.466522
1916.666667	0.481377
1916.750000	0.557169
1916.833333	0.719822
1916.916667	0.791462
1917.000000	1.013600
1917.083333	1.341180
1917.166667	1.363800
1917.250000	1.465150
1917.333333	1.029190
1917.416667	1.089620
1917.500000	1.023760
1917.583333	1.058600
1917.666667	0.584806
1917.750000	0.730839
1917.833333	0.335180
1917.916667	0.421793
1918.000000	-0.105925
1918.083333	-0.043000
1918.166667	-0.306707
1918.250000	-0.335217
1918.333333	0.076100
1918.416667	-0.022200
1918.500000	-0.219458
1918.583333	-0.423918
1918.666667	-0.750818
1918.750000	-0.873308
1918.833333	-1.399720
1918.916667	-1.136550
1919.000000	-1.022200
1919.083333	-0.560526
1919.166667	-0.685692
1919.250000	-0.349428
1919.333333	-0.584564
1919.416667	-0.274031
1919.500000	-0.437403
1919.583333	-0.527050
1919.666667	-0.633368
1919.750000	-0.371712
1919.833333	-0.017200
1919.916667	0.048900
1920.000000	0.158289
1920.083333	0.310972
1920.166667	0.731400
1920.250000	1.079630
1920.333333	1.093560
1920.416667	1.364540
1920.500000	1.274690
1920.583333	1.011710
1920.666667	1.099210
1920.750000	0.511572
1920.833333	0.550022
1920.916667	0.798479
1921.000000	0.699842
1921.083333	0.719313
1921.166667	0.747952
1921.250000	0.854364
1921.333333	0.745619
1921.416667	0.650061
1921.500000	0.738121
1921.583333	0.122429
1921.666667	-0.228178
1921.750000	-0.199261
1921.833333	-0.252161
1921.916667	-0.232925
1922.000000	-0.377350
1922.083333	-0.294973
1922.166667	-0.210470
1922.250000	0.255548
1922.333333	0.061200
1922.416667	0.353479
1922.500000	0.173822
1922.583333	-0.116882
1922.666667	-0.232677
1922.750000	-0.307917
1922.833333	-0.432688
1922.916667	-0.367498
1923.000000	-0.533287
1923.083333	-0.679090
1923.166667	-0.534748
1923.250000	-0.699957
1923.333333	-0.399347
1923.416667	-0.142908
1923.500000	-0.046300
1923.583333	0.108490
1923.666667	0.179541
1923.750000	0.232119
1923.833333	0.180861
1923.916667	0.069700
1924.000000	0.351292
1924.083333	0.326183
1924.166667	-0.053700
1924.250000	-0.185074
1924.333333	-0.299561
1924.416667	-0.425159
1924.500000	0.021700
1924.583333	-0.097700
1924.666667	-0.154856
1924.750000	-0.163702
1924.833333	0.125788
1924.916667	0.445513
1925.000000	0.379473
1925.083333	0.536112
1925.166667	0.842010
1925.250000	0.759832
1925.333333	0.997189
1925.416667	1.316250
1925.500000	1.115570
1925.583333	0.864479
1925.666667	0.882710
1925.750000	0.874254
1925.833333	0.931551
1925.916667	1.188750
1926.000000	0.729092
1926.083333	1.007100
1926.166667	0.629215
1926.250000	0.901865
1926.333333	0.893414
1926.416667	0.772917
1926.500000	0.918829
1926.583333	0.413559
1926.666667	0.234478
1926.750000	0.017700
1926.833333	-0.199284
1926.916667	0.035200
1927.000000	-0.101063
1927.083333	0.214422
1927.166667	0.273563
1927.250000	0.354786
1927.333333	0.541857
1927.416667	0.515741
1927.500000	0.286938
1927.583333	0.752651
1927.666667	0.940039
1927.750000	0.899563
1927.833333	1.043940
1927.916667	0.466282
1928.000000	0.763762
1928.083333	0.754610
1928.166667	0.558149
1928.250000	0.467335
1928.333333	0.404228
1928.416667	0.760048
1928.500000	0.354633
1928.583333	0.164507
1928.666667	0.175070
1928.750000	-0.008970
1928.833333	0.316179
1928.916667	-0.098700
1929.000000	0.002190
1929.083333	0.171875
1929.166667	-0.159048
1929.250000	0.027100
1929.333333	0.020800
1929.416667	-0.158140
1929.500000	-0.323856
1929.583333	-0.208418
1929.666667	-0.092600
1929.750000	-0.156406
1929.833333	-0.233130
1929.916667	0.048100
1930.000000	-0.155411
1930.083333	-0.156368
1930.166667	-0.301498
1930.250000	-0.106131
1930.333333	0.227877
1930.416667	0.139153
1930.500000	0.282982
1930.583333	-0.130873
1930.666667	-0.084300
1930.750000	-0.164358
1930.833333	-0.033100
1930.916667	0.018700
1931.000000	0.269119
1931.083333	-0.086400
1931.166667	0.202723
1931.250000	0.548389
1931.333333	0.545094
1931.416667	0.685198
1931.500000	0.816708
1931.583333	0.966913
1931.666667	0.710199
1931.750000	1.015080
1931.833333	1.088260
1931.916667	0.984941
1932.000000	0.935221
1932.083333	1.014330
1932.166667	0.621025
1932.250000	0.698591
1932.333333	0.502075
1932.416667	0.454380
1932.500000	0.062900
1932.583333	-0.128719
1932.666667	-0.136555
1932.750000	-0.266706
1932.833333	-0.393465
1932.916667	-0.316942
1933.000000	-0.375040
1933.083333	-0.206442
1933.166667	0.033000
1933.250000	-0.318735
1933.333333	-0.350998
1933.416667	-0.139372
1933.500000	-0.236483
1933.583333	-0.268929
1933.666667	-0.089800
1933.750000	-0.499620
1933.833333	-0.634598
1933.916667	-1.037480
1934.000000	-0.739180
1934.083333	-1.081540
1934.166667	-1.118120
1934.250000	-1.104350
1934.333333	-0.846308
1934.416667	-1.074890
1934.500000	-0.945480
1934.583333	-0.911381
1934.666667	-0.577400
1934.750000	-0.271749
1934.833333	-0.002960
1934.916667	0.040100
1935.000000	0.389109
1935.083333	0.565147
1935.166667	0.589745
1935.250000	1.095230
1935.333333	0.892685
1935.416667	0.659058
1935.500000	0.754700
1935.583333	0.525913
1935.666667	0.557148
1935.750000	0.591393
1935.833333	0.582874
1935.916667	0.915777
1936.000000	0.696865
1936.083333	0.531214
1936.166667	0.627420
1936.250000	0.470457
1936.333333	0.701735
1936.416667	0.601410
1936.500000	0.022000
1936.583333	0.092700
1936.666667	0.190321
1936.750000	-0.133015
1936.833333	0.058400
1936.916667	-0.223190
1937.000000	-0.108858
1937.083333	-0.228947
1937.166667	-0.059400
1937.250000	-0.247107
1937.333333	-0.207109
1937.416667	-0.165211
1937.500000	-0.253103
1937.583333	-0.340038
1937.666667	-0.139738
1937.750000	0.003860
1937.833333	-0.041500
1937.916667	0.125210
1938.000000	0.612003
1938.083333	0.256866
1938.166667	0.094900
1938.250000	0.487787
1938.333333	0.578169
1938.416667	0.630463
1938.500000	0.527243
1938.583333	0.319033
1938.666667	-0.118647
1938.750000	0.015800
1938.833333	-0.080100
1938.916667	-0.133812
1939.000000	-0.273058
1939.083333	-0.125347
1939.166667	-0.476328
1939.250000	-0.413071
1939.333333	-0.417677
1939.416667	-0.608532
1939.500000	-0.678352
1939.583333	-0.846025
1939.666667	-0.371460
1939.750000	-0.396997
1939.833333	-0.199903
1939.916667	0.105272
1940.000000	0.240482
1940.083333	0.114521
1940.166667	0.423056
1940.250000	0.528692
1940.333333	0.602943
1940.416667	0.858126
1940.500000	0.699986
1940.583333	0.608543
1940.666667	0.723417
1940.750000	0.568447
1940.833333	0.840473
1940.916667	0.808283
1941.000000	0.649332
1941.083333	0.517805
1941.166667	0.368952
1941.250000	0.177343
1941.333333	0.006010
1941.416667	-0.128326
1941.500000	-0.459919
1941.583333	-0.193190
1941.666667	-0.025900
1941.750000	0.191463
1941.833333	-0.077800
1941.916667	0.015700
1942.000000	0.339149
1942.083333	-0.215742
1942.166667	0.078500
1942.250000	-0.268671
1942.333333	-0.686691
1942.416667	-0.835871
1942.500000	-1.026680
1942.583333	-0.760078
1942.666667	-0.668619
1942.750000	-0.931534
1942.833333	-1.027790
1942.916667	-0.708616
1943.000000	-0.379066
1943.083333	-0.261557
1943.166667	-0.016800
1943.250000	-0.063200
1943.333333	0.225172
1943.416667	0.244673
1943.500000	-0.104662
1943.583333	-0.000650
1943.666667	-0.086600
1943.750000	-0.554298
1943.833333	-0.380684
1943.916667	-0.021500
1944.000000	-0.507856
1944.083333	-0.481836
1944.166667	-0.321617
1944.250000	-0.091300
1944.333333	-0.190975
1944.416667	-0.626438
1944.500000	-0.819403
1944.583333	-0.791409
1944.666667	-1.082670
1944.750000	-1.339920
1944.833333	-1.222000
1944.916667	-1.137710
1945.000000	-1.295250
1945.083333	-1.267420
1945.166667	-1.322700
1945.250000	-0.889196
1945.333333	-1.123100
1945.416667	-0.841488
1945.500000	-0.675112
1945.583333	-0.048000
1945.666667	-0.143686
1945.750000	-0.019200
1945.833333	-0.108320
1945.916667	0.104681
1946.000000	0.359623
1946.083333	0.412724
1946.166667	0.037800
1946.250000	0.683764
1946.333333	0.658722
1946.416667	0.864809
1946.500000	0.804995
1946.583333	1.204390
1946.666667	0.933308
1946.750000	0.811516
1946.833333	0.547989
1946.916667	0.766365
1947.000000	0.329395
1947.083333	0.549219
1947.166667	0.734882
1947.250000	0.750347
1947.333333	0.915504
1947.416667	0.937464
1947.500000	0.787943
1947.583333	0.399408
1947.666667	0.335062
1947.750000	0.171129
1947.833333	0.192890
1947.916667	0.453922
1948.000000	0.508883
1948.083333	0.449030
1948.166667	0.461670
1948.250000	0.624792
1948.333333	0.408613
1948.416667	0.812721
1948.500000	0.821108
1948.583333	0.665268
1948.666667	0.650942
1948.750000	0.466063
1948.833333	0.903513
1948.916667	0.866032
1949.000000	0.911226
1949.083333	0.603510
1949.166667	0.517881
1949.250000	0.340721
1949.333333	0.105753
1949.416667	0.114458
1949.500000	0.185457
1949.583333	0.376068
1949.666667	0.437140
1949.750000	0.475512
1949.833333	0.475750
1949.916667	0.247782
1950.000000	0.413992
1950.083333	0.033600
1950.166667	-0.164751
1950.250000	-0.092000
1950.333333	0.049200
1950.416667	-0.096800
1950.500000	0.331900
1950.583333	0.309725
1950.666667	0.463840
1950.750000	0.310682
1950.833333	0.101898
1950.916667	0.198996
1951.000000	0.038700
1951.083333	0.086500
1951.166667	0.281710
1951.250000	0.130362
1951.333333	0.049800
1951.416667	-0.244308
1951.500000	-0.339918
1951.583333	0.042600
1951.666667	-0.097500
1951.750000	-0.163305
1951.833333	-0.076100
1951.916667	0.610512
1952.000000	0.254641
1952.083333	0.340952
1952.166667	0.144039
1952.250000	0.215998
1952.333333	0.171875
1952.416667	0.316862
1952.500000	0.206512
1952.583333	0.555273
1952.666667	0.646860
1952.750000	0.570293
1952.833333	0.727091
1952.916667	0.618378
1953.000000	0.426792
1953.083333	0.299917
1953.166667	0.638712
1953.250000	0.685646
1953.333333	0.757158
1953.416667	0.449232
1953.500000	0.295702
1953.583333	0.240438
1953.666667	0.549669
1953.750000	0.579082
1953.833333	0.422897
1953.916667	0.555403
1954.000000	0.587711
1954.083333	0.172260
1954.166667	0.583797
1954.250000	0.535683
1954.333333	0.743359
1954.416667	0.374149
1954.500000	0.188850
1954.583333	-0.012100
1954.666667	0.115145
1954.750000	0.011600
1954.833333	0.371149
1954.916667	0.117813
1955.000000	0.168228
1955.083333	0.504883
1955.166667	0.478403
1955.250000	0.733805
1955.333333	0.723244
1955.416667	0.680853
1955.500000	0.968655
1955.583333	0.963915
1955.666667	0.988123
1955.750000	0.340631
1955.833333	0.377979
1955.916667	0.313946
1956.000000	0.150146
1956.083333	-0.184792
1956.166667	-0.115774
1956.250000	-0.758648
1956.333333	-0.690548
1956.416667	-0.924572
1956.500000	-0.668575
1956.583333	-0.539778
1956.666667	-0.316513
1956.750000	-0.135668
1956.833333	0.161510
1956.916667	-0.109787
1957.000000	0.001390
1957.083333	-0.417683
1957.166667	-0.625483
1957.250000	-0.516230
1957.333333	-0.576401
1957.416667	-0.683119
1957.500000	-0.841787
1957.583333	-0.678522
1957.666667	-0.397972
1957.750000	-0.170753
1957.833333	-0.278162
1957.916667	-0.131937
1958.000000	-0.144463
1958.083333	-0.558542
1958.166667	-0.531214
1958.250000	-0.189085
1958.333333	-0.392769
1958.416667	-0.456621
1958.500000	-0.643467
1958.583333	-0.705492
1958.666667	-1.389400
1958.750000	-1.049130
1958.833333	-1.030070
1958.916667	-0.879477
1959.000000	-1.220250
1959.083333	-0.539799
1959.166667	-0.450747
1959.250000	-0.667940
1959.333333	-0.282999
1959.416667	-0.019800
1959.500000	-0.091800
1959.583333	0.309370
1959.666667	0.575523
1959.750000	0.486158
1959.833333	0.520002
1959.916667	0.414425
1960.000000	0.507551
1960.083333	0.588448
1960.166667	0.338621
1960.250000	0.543701
1960.333333	0.140522
1960.416667	0.010200
1960.500000	0.139780
1960.583333	0.066100
1960.666667	-0.236197
1960.750000	-0.505421
1960.833333	-0.332987
1960.916667	-0.788435
1961.000000	-0.698412
1961.083333	-0.530031
1961.166667	-0.370184
1961.250000	-0.240967
1961.333333	0.080500
1961.416667	-0.157381
1961.500000	-0.492138
1961.583333	-0.254438
1961.666667	-0.658680
1961.750000	-0.507048
1961.833333	-0.728989
1961.916667	-0.476463
1962.000000	-0.892513
1962.083333	-0.888128
1962.166667	-0.672483
1962.250000	-1.032200
1962.333333	-0.653618
1962.416667	-0.766100
1962.500000	-0.713396
1962.583333	-0.699217
1962.666667	-0.388037
1962.750000	-0.141113
1962.833333	-0.060700
1962.916667	0.046000
1963.000000	-0.205488
1963.083333	0.240011
1963.166667	0.211533
1963.250000	0.023600
1963.333333	-0.065600
1963.416667	0.045400
1963.500000	-0.246458
1963.583333	0.110542
1963.666667	0.340723
1963.750000	0.276972
1963.833333	0.338840
1963.916667	0.237350
1964.000000	0.461535
1964.083333	0.181263
1964.166667	0.360250
1964.250000	0.370832
1964.333333	0.061800
1964.416667	0.089400
1964.500000	-0.052400
1964.583333	-0.109777
1964.666667	-0.291580
1964.750000	-0.499434
1964.833333	-0.499672
1964.916667	-0.412182
1965.000000	-0.031100
1965.083333	-0.173159
1965.166667	-0.129763
1965.250000	-0.412741
1965.333333	-0.404613
1965.416667	-0.182678
1965.500000	-0.450130
1965.583333	-0.582981
1965.666667	-0.429792
1965.750000	-0.711458
1965.833333	-0.668430
1965.916667	-0.798618
1966.000000	-0.429533
1966.083333	-0.525343
1966.166667	-0.510561
1966.250000	-0.813997
1966.333333	-0.667410
1966.416667	-0.684208
1966.500000	-1.114070
1966.583333	-1.283060
1966.666667	-1.201690
1966.750000	-0.991426
1966.833333	-0.824175
1966.916667	-0.678171
1967.000000	-0.781080
1967.083333	-0.315548
1967.166667	0.076400
1967.250000	-0.044300
1967.333333	0.250002
1967.416667	0.202272
1967.500000	0.316128
1967.583333	0.015600
1967.666667	-0.086300
1967.750000	-0.050700
1967.833333	-0.151438
1967.916667	-0.083600
1968.000000	-0.077100
1968.083333	-0.219862
1968.166667	0.113955
1968.250000	0.220387
1968.333333	0.072100
1968.416667	-0.060400
1968.500000	-0.439489
1968.583333	0.031000
1968.666667	-0.400970
1968.750000	-0.407778
1968.833333	-0.294323
1968.916667	-0.583450
1969.000000	-0.498234
1969.083333	-0.868608
1969.166667	-1.321930
1969.250000	-0.753283
1969.333333	-0.869825
1969.416667	-1.126280
1969.500000	-1.056480
1969.583333	-0.943964
1969.666667	-0.693699
1969.750000	-0.694647
1969.833333	-0.612913
1969.916667	-0.641407
1970.000000	-0.481422
1970.083333	-0.915390
1970.166667	-0.906637
1970.250000	-0.561333
1970.333333	-0.335209
1970.416667	-0.203047
1970.500000	-0.335932
1970.583333	-0.357273
1970.666667	-0.311575
1970.750000	-0.293608
1970.833333	-0.641668
1970.916667	-0.324291
1971.000000	-0.257519
1971.083333	-0.430758
1971.166667	-0.489479
1971.250000	-0.004730
1971.333333	0.446548
1971.416667	0.489454
1971.500000	0.825268
1971.583333	0.583187
1971.666667	0.740526
1971.750000	0.805540
1971.833333	0.543056
1971.916667	0.482439
1972.000000	0.188744
1972.083333	0.317991
1972.166667	0.646944
1972.250000	0.777977
1972.333333	0.594238
1972.416667	0.494238
1972.500000	0.161003
1972.583333	-0.045800
1972.666667	0.258038
1972.750000	0.624250
1972.833333	0.589712
1972.916667	0.393251
1973.000000	0.071000
1973.083333	0.021000
1973.166667	0.035100
1973.250000	-0.063400
1973.333333	0.004030
1973.416667	-0.091100
1973.500000	-0.691088
1973.583333	-0.289688
1973.666667	-0.307198
1973.750000	-0.294930
1973.833333	-0.424742
1973.916667	-0.119743
1974.000000	-0.435911
1974.083333	-0.324642
1974.166667	-0.153143
1974.250000	-0.241016
1974.333333	-0.191000
1974.416667	0.146893
1974.500000	-0.017800
1974.583333	-0.177069
1974.666667	-0.119293
1974.750000	-0.177334
1974.833333	-0.402920
1974.916667	-0.416611
1975.000000	-0.446609
1975.083333	-0.524019
1975.166667	-0.771635
1975.250000	-0.660145
1975.333333	-0.821873
1975.416667	-0.798258
1975.500000	-0.630262
1975.583333	-0.701941
1975.666667	-0.535738
1975.750000	-0.852688
1975.833333	-0.681273
1975.916667	-0.221310
1976.000000	0.076500
1976.083333	0.293737
1976.166667	0.480133
1976.250000	0.316597
1976.333333	0.029500
1976.416667	0.313299
1976.500000	0.471092
1976.583333	0.581173
1976.666667	0.771145
1976.750000	0.842028
1976.833333	1.117490
1976.916667	1.045770
1977.000000	0.997187
1977.083333	0.882776
1977.166667	0.977167
1977.250000	0.953503
1977.333333	0.742594
1977.416667	0.711348
1977.500000	0.567675
1977.583333	-0.012200
1977.666667	-0.146500
1977.750000	0.102503
1977.833333	-0.175135
1977.916667	-0.473488
1978.000000	-0.495399
1978.083333	-0.853813
1978.166667	-0.357225
1978.250000	0.009630
1978.333333	0.038100
1978.416667	0.188131
1978.500000	0.051100
1978.583333	0.042500
1978.666667	0.068900
1978.750000	0.098600
1978.833333	0.335939
1978.916667	0.271580
1979.000000	0.255842
1979.083333	0.371477
1979.166667	0.375433
1979.250000	0.404491
1979.333333	0.380768
1979.416667	0.532993
1979.500000	-0.145367
1979.583333	-0.551647
1979.666667	-0.655317
1979.750000	-0.465395
1979.833333	-0.652309
1979.916667	-0.172457
1980.000000	0.037800
1980.083333	0.163742
1980.166667	0.370581
1980.250000	0.360893
1980.333333	0.147358
1980.416667	0.292877
1980.500000	0.487907
1980.583333	0.139545
1980.666667	-0.063600
1980.750000	-0.123657
1980.833333	-0.046700
1980.916667	-0.283108
1981.000000	-0.532324
1981.083333	-0.471720
1981.166667	-0.420042
1981.250000	-0.558012
1981.333333	-0.466616
1981.416667	-0.112440
1981.500000	0.325659
1981.583333	0.386803
1981.666667	0.073600
1981.750000	0.310078
1981.833333	0.120598
1981.916667	-0.218702
1982.000000	-0.129953
1982.083333	-0.418867
1982.166667	-0.250362
1982.250000	-0.586317
1982.333333	-0.720793
1982.416667	-1.011220
1982.500000	-1.001140
1982.583333	-1.128790
1982.666667	-1.357720
1982.750000	-1.238720
1982.833333	-1.220550
1982.916667	-1.095380
1983.000000	-0.877728
1983.083333	-0.792437
1983.166667	-0.593645
1983.250000	-0.252537
1983.333333	-0.410257
1983.416667	-0.204111
1983.500000	-0.141125
1983.583333	0.064100
1983.666667	0.078400
1983.750000	0.327957
1983.833333	0.403322
1983.916667	0.186718
1984.000000	0.245539
1984.083333	-0.061500
1984.166667	-0.230097
1984.250000	-0.256430
1984.333333	-0.379366
1984.416667	-0.480053
1984.500000	-0.185556
1984.583333	-0.305962
1984.666667	-0.349125
1984.750000	-0.405857
1984.833333	-0.471336
1984.916667	-0.300047
1985.000000	-0.469555
1985.083333	-0.451365
1985.166667	-0.599531
1985.250000	-0.890703
1985.333333	-0.955858
1985.416667	-0.684208
1985.500000	-0.933369
1985.583333	-1.265540
1985.666667	-0.923695
1985.750000	-1.064920
1985.833333	-1.114600
1985.916667	-0.783854
1986.000000	-0.924023
1986.083333	-0.981186
1986.166667	-0.919155
1986.250000	-0.916927
1986.333333	-0.614157
1986.416667	-0.702694
1986.500000	-0.489086
1986.583333	-0.450357
1986.666667	-0.814535
1986.750000	-0.953732
1986.833333	-1.055740
1986.916667	-1.131710
1987.000000	-1.311190
1987.083333	-0.887438
1987.166667	-1.339370
1987.250000	-1.237550
1987.333333	-0.943409
1987.416667	-0.629927
1987.500000	-0.496639
1987.583333	-0.761786
1987.666667	-0.288927
1987.750000	-0.138437
1987.833333	0.385933
1987.916667	0.379513
1988.000000	0.128363
1988.083333	0.099800
1988.166667	0.112717
1988.250000	0.215471
1988.333333	0.126423
1988.416667	0.049300
1988.500000	0.000261
1988.583333	0.406542
1988.666667	0.328047
1988.750000	0.562168
1988.833333	0.959095
1988.916667	0.628029
1989.000000	0.646378
1989.083333	0.796223
1989.166667	0.668453
1989.250000	0.437178
1989.333333	0.342417
1989.416667	-0.010600
1989.500000	0.018200
1989.583333	-0.121767
1989.666667	-0.219618
1989.750000	-0.041500
1989.833333	-0.111061
1989.916667	-0.126547
1990.000000	-0.399054
1990.083333	-0.543831
1990.166667	-0.814001
1990.250000	-0.708469
1990.333333	-0.892395
1990.416667	-1.037260
1990.500000	-0.830463
1990.583333	-0.600857
1990.666667	-0.201023
1990.750000	-0.021600
1990.833333	-0.249142
1990.916667	-0.187952
1991.000000	-0.240086
1991.083333	-0.195427
1991.166667	-0.279207
1991.250000	-0.280859
1991.333333	-0.444283
1991.416667	-0.396858
1991.500000	-0.273327
1991.583333	-0.489918
1991.666667	-0.601936
1991.750000	-0.589043
1991.833333	-0.407379
1991.916667	-0.585087
1992.000000	-0.839678
1992.083333	-0.602190
1992.166667	-0.404888
1992.250000	-0.168722
1992.333333	-0.398655
1992.416667	-0.339907
1992.500000	-0.161209
1992.583333	-0.015800
1992.666667	-0.126278
1992.750000	-0.036900
1992.833333	0.116283
1992.916667	-0.026600
1993.000000	-0.178322
1993.083333	-0.168159
1993.166667	-0.034700
1993.250000	0.023800
1993.333333	0.200689
1993.416667	-0.128998
1993.500000	-0.080400
1993.583333	0.287382
1993.666667	0.045400
1993.750000	0.072500
1993.833333	0.154823
1993.916667	0.129879
1994.000000	0.248545
1994.083333	0.287523
1994.166667	0.078700
1994.250000	0.445942
1994.333333	0.419283
1994.416667	0.507387
1994.500000	0.283678
1994.583333	0.218466
1994.666667	-0.120077
1994.750000	-0.700262
1994.833333	-0.573196
1994.916667	-0.662827
1995.000000	-0.760942
1995.083333	-0.768162
1995.166667	-0.750824
1995.250000	-0.318108
1995.333333	-0.225763
1995.416667	-0.154669
1995.500000	-0.137737
1995.583333	0.043100
1995.666667	0.178007
1995.750000	0.098500
1995.833333	0.214535
1995.916667	0.484999
1996.000000	0.420998
1996.083333	-0.151525
1996.166667	-0.355000
1996.250000	-0.335430
1996.333333	-0.594566
1996.416667	-0.282038
1996.500000	-0.213503
1996.583333	-0.306545
1996.666667	-0.584196
1996.750000	-0.576927
1996.833333	-0.723131
1996.916667	-0.353018
1997.000000	-0.592472
1997.083333	-0.666689
1997.166667	-0.594843
1997.250000	-0.521833
1997.333333	-0.261848
1997.416667	-0.470169
1997.500000	-0.403299
1997.583333	-0.392607
1997.666667	-0.253265
1997.750000	-0.320511
1997.833333	-0.204071
1997.916667	-0.160488
1998.000000	0.211718
1998.083333	0.473331
1998.166667	0.284239
1998.250000	0.429293
1998.333333	0.654657
1998.416667	0.569952
1998.500000	0.625507
1998.583333	0.492062
1998.666667	0.311857
1998.750000	-0.055400
1998.833333	-0.144821
1998.916667	0.127934
1999.000000	-0.209196
1999.083333	-0.322481
1999.166667	-0.030700
1999.250000	-0.029200
1999.333333	0.091700
1999.416667	-0.105478
1999.500000	0.029100
1999.583333	0.406483
1999.666667	0.370363
1999.750000	0.053000
1999.833333	-0.093700
1999.916667	-0.021600
2000.000000	-0.002530
2000.083333	0.215799
2000.166667	0.641329
2000.250000	0.608490
2000.333333	0.472403
2000.416667	0.643648
2000.500000	0.469097
2000.583333	0.805683
2000.666667	0.434639
2000.750000	0.210098
2000.833333	0.213198
2000.916667	0.581682
2001.000000	0.461388
2001.083333	0.441248
2001.166667	0.588478
2001.250000	0.632595
2001.333333	0.709799
2001.416667	0.608152
2001.500000	0.320862
2001.583333	0.579502
2001.666667	0.419317
2001.750000	0.389023
2001.833333	0.429342
2001.916667	0.386223
2002.000000	0.243120
2002.083333	0.724621
2002.166667	0.652620
2002.250000	0.887989
2002.333333	0.805862
2002.416667	0.671955
2002.500000	0.222431
2002.583333	0.319685
2002.666667	0.311203
2002.750000	0.243250
2002.833333	0.103907
2002.916667	0.101107
2003.000000	-0.297867
2003.083333	-0.218042
2003.166667	-0.332033
2003.250000	-0.351646
2003.333333	-0.173500
2003.416667	-0.130447
2003.500000	-0.312883
2003.583333	-0.334044
2003.666667	-0.086800
2003.750000	-0.459047
2003.833333	-0.191628
2003.916667	-0.146225
2004.000000	0.002420
2004.083333	0.026500
2004.166667	0.021300
2004.250000	0.065600
2004.333333	0.073800
2004.416667	0.345158
2004.500000	0.362164
2004.583333	0.185608
2004.666667	0.456470
2004.750000	0.448673
2004.833333	0.289652
2004.916667	0.018200
2005.000000	0.079600
2005.083333	0.106432
2005.166667	0.490328
2005.250000	0.362669
2005.333333	0.262993
2005.416667	0.499233
2005.500000	0.246527
2005.583333	-0.084000
2005.666667	-0.236692
2005.750000	0.005250
2005.833333	-0.267792
2005.916667	0.081700
2006.000000	0.237740
2006.083333	0.309298
2006.166667	0.431313
2006.250000	0.717703
2006.333333	0.620762
2006.416667	0.579235
2006.500000	0.326180
2006.583333	0.268480
2006.666667	0.162798
2006.750000	-0.123697
2006.833333	0.221899
2006.916667	0.400249
2007.000000	0.361370
2007.083333	0.645758
2007.166667	0.333677
2007.250000	0.463627
2007.333333	0.084800
2007.416667	0.003830
2007.500000	0.150221
2007.583333	0.408569
2007.666667	0.235493
2007.750000	0.134188
2007.833333	-0.100122
2007.916667	-0.375978
2008.000000	-0.513418
2008.083333	-0.651646
2008.166667	-0.800501
2008.250000	-0.884689
2008.333333	-0.601196
2008.416667	-0.954958
2008.500000	-1.083410
2008.583333	-1.064160
2008.666667	-0.783228
2008.750000	-0.757700
2008.833333	-0.755320
2008.916667	-0.433788
2009.000000	-0.484552
2009.083333	-0.439381
2009.166667	-0.494780
2009.250000	-0.418327
2009.333333	-0.364590
2009.416667	-0.311945
2009.500000	-0.655188
2009.583333	-0.281467
2009.666667	-0.090400
2009.750000	-0.609152
2009.833333	-0.564709
2009.916667	-0.763445
2010.000000	-0.541246
2010.083333	-0.606010
2010.166667	-0.894754
2010.250000	-0.678545
2010.333333	-0.846941
2010.416667	-0.827118
2010.500000	-1.249280
2010.583333	-0.862341
2010.666667	-0.956905
2010.750000	-0.943489
2010.833333	-1.077080
2010.916667	-0.718876
2011.000000	-0.526957
2011.083333	-0.386648
2011.166667	0.046200
2011.250000	0.001330
2011.333333	0.137297
2011.416667	0.417391
2011.500000	0.264668
2011.583333	0.738672
2011.666667	0.681320
2011.750000	0.606291
2011.833333	0.349970
2011.916667	0.387300
2012.000000	0.751850
2012.083333	0.385500
2012.166667	0.508373
2012.250000	0.884672
2012.333333	1.222280
2012.416667	1.059610
2012.500000	1.211770
2012.583333	1.032680
2012.666667	1.351370
2012.750000	1.627360
2012.833333	1.748770
2012.916667	1.244880
2013.000000	0.868652
2013.083333	0.784868
2013.166667	0.893002
2013.250000	1.199630
2013.333333	0.911776
2013.416667	0.979942
2013.500000	0.769686
2013.583333	0.949575
2013.666667	1.166960
2013.750000	0.950615
2013.833333	0.845602
2013.916667	1.026070
2014.000000	0.668922
2014.083333	0.889381
2014.166667	0.341583
2014.250000	0.017500
2014.333333	-0.345331
2014.416667	-0.794970
2014.500000	-0.821508
2014.583333	-0.357342
2014.666667	0.044000
2014.750000	0.019100
2014.833333	0.208431
2014.916667	-0.026900
2015.000000	-0.117308
2015.083333	-0.141552
2015.166667	-0.053400
2015.250000	0.428207
2015.333333	0.495241
2015.416667	0.310921
2015.500000	0.642118
2015.583333	0.635902
2015.666667	0.648926
2015.750000	0.419872
2015.833333	0.707573
2015.916667	0.669844
2016.000000	0.894083
2016.083333	1.011210
2016.166667	1.063280
2016.250000	0.986782
2016.333333	1.062660
2016.416667	1.345150
2016.500000	1.044590
2016.583333	0.878399
2016.666667	0.673597
2016.750000	0.545839
2016.833333	0.282652
2016.916667	0.130865
2017.000000	0.050500
2017.083333	0.063400
2017.166667	-0.080600
2017.250000	-0.014100
2017.333333	-0.155655
2017.416667	0.065100
2017.500000	-0.217657
2017.583333	-0.110302
2017.666667	-0.571922
2017.750000	-0.445795
2017.833333	-0.605278
2017.916667	-0.304150
2018.000000	-0.522772
2018.083333	-0.409986
2018.166667	-0.157608
2018.250000	0.096000
2018.333333	0.238903
2018.416667	0.057500
2018.500000	0.222229
2018.583333	0.484682
2018.666667	0.018800
2018.750000	0.021500
2018.833333	-0.147568
2018.916667	-0.106043
2019.000000	-0.444571
2019.083333	-0.619770
2019.166667	-0.859863
2019.250000	-0.913181
2019.333333	-0.908010
2019.416667	-1.078980
2019.500000	-1.429310
2019.583333	-1.465910
2019.666667	-1.535520
2019.750000	-1.412600
2019.833333	-1.721500
2019.916667	-1.477860
2020.000000	-1.499570
2020.083333	-1.464280
2020.166667	-1.769340
2020.250000	-1.743370
2020.333333	-1.585410
2020.416667	-1.808770
2020.500000	-1.758910
2020.583333	-1.721370
2020.666667	-1.553320
2020.750000	-1.426040
2020.833333	-1.361630
2020.916667	-0.995537
2021.000000	-0.569117
2021.083333	-0.269091
2021.166667	-0.168459
2021.250000	-0.178360
2021.333333	0.229368
2021.416667	0.210901
2021.500000	0.083000
2021.583333	0.094300
2021.666667	0.021000
2021.750000	0.120726
2021.833333	0.086500
2021.916667	0.319613
2022.000000	0.219593
2022.083333	0.517471
