1880.000000	-0.468794
1880.083333	-0.409226
1880.166667	-0.681347
1880.250000	-0.538597
1880.333333	-0.692287
1880.416667	-1.015362
1880.500000	-0.908768
1880.583333	-0.247764
1880.666667	-0.024130
1880.750000	0.230705
1880.833333	0.284073
1880.916667	0.381509
1881.000000	0.493344
1881.083333	0.429461
1881.166667	0.249598
1881.250000	-0.133691
1881.333333	-0.137040
1881.416667	-0.061759
1881.500000	-0.077643
1881.583333	-0.038971
1881.666667	0.217265
1881.750000	-0.174024
1881.833333	-0.288888
1881.916667	0.026142
1882.000000	-0.113113
1882.083333	-0.319272
1882.166667	-0.444677
1882.250000	-0.592724
1882.333333	-0.769297
1882.416667	-0.794922
1882.500000	-1.011562
1882.583333	-0.839504
1882.666667	-1.064738
1882.750000	-0.859770
1882.833333	-0.716046
1882.916667	-0.584468
1883.000000	-0.518104
1883.083333	-0.045407
1883.166667	-0.249093
1883.250000	0.198632
1883.333333	0.231059
1883.416667	0.427994
1883.500000	0.425949
1883.583333	0.851334
1883.666667	1.084390
1883.750000	1.073065
1883.833333	1.105979
1883.916667	0.983276
1884.000000	0.823625
1884.083333	0.819458
1884.166667	0.457666
1884.250000	0.302426
1884.333333	0.226874
1884.416667	0.292601
1884.500000	0.162095
1884.583333	0.426326
1884.666667	0.322587
1884.750000	0.144725
1884.833333	0.224599
1884.916667	0.097756
1885.000000	-0.433265
1885.083333	-0.166124
1885.166667	-0.013585
1885.250000	-0.060752
1885.333333	-0.201908
1885.416667	-0.112169
1885.500000	-0.086480
1885.583333	-0.131042
1885.666667	0.005005
1885.750000	-0.239660
1885.833333	-0.205459
1885.916667	-0.175059
1886.000000	-0.152150
1886.083333	-0.343562
1886.166667	-0.102637
1886.250000	-0.405084
1886.333333	-0.695684
1886.416667	-0.573052
1886.500000	-0.664807
1886.583333	-0.141450
1886.666667	-0.100669
1886.750000	-0.202557
1886.833333	0.082396
1886.916667	0.116166
1887.000000	-0.275902
1887.083333	0.079789
1887.166667	0.130072
1887.250000	-0.146365
1887.333333	-0.181233
1887.416667	-0.694563
1887.500000	-0.584160
1887.583333	-0.583671
1887.666667	-0.107853
1887.750000	-0.094659
1887.833333	-0.058721
1887.916667	-0.015627
1888.000000	0.440362
1888.083333	0.031476
1888.166667	-0.132696
1888.250000	-0.273569
1888.333333	-0.328865
1888.416667	0.140549
1888.500000	-0.013521
1888.583333	-0.019029
1888.666667	0.087703
1888.750000	-0.069518
1888.833333	0.092331
1888.916667	0.213815
1889.000000	0.058486
1889.083333	0.147399
1889.166667	0.292369
1889.250000	0.131763
1889.333333	0.172718
1889.416667	0.472717
1889.500000	0.262480
1889.583333	0.383081
1889.666667	-0.044680
1889.750000	-0.031526
1889.833333	-0.678873
1889.916667	-0.762990
1890.000000	-0.205483
1890.083333	-0.316191
1890.166667	-0.514002
1890.250000	-0.618482
1890.333333	-0.930022
1890.416667	-0.954818
1890.500000	-0.855376
1890.583333	-0.821046
1890.666667	-0.352051
1890.750000	-0.053460
1890.833333	0.050639
1890.916667	0.166425
1891.000000	-0.086714
1891.083333	-0.000825
1891.166667	0.158958
1891.250000	-0.072642
1891.333333	-0.360061
1891.416667	-0.470328
1891.500000	-0.336179
1891.583333	-0.372690
1891.666667	-0.194327
1891.750000	0.135121
1891.833333	-0.065729
1891.916667	-0.032680
1892.000000	0.409202
1892.083333	0.532761
1892.166667	0.306445
1892.250000	0.235191
1892.333333	0.578348
1892.416667	0.659049
1892.500000	0.361027
1892.583333	0.069125
1892.666667	-0.664563
1892.750000	-1.192637
1892.833333	-1.100233
1892.916667	-1.096027
1893.000000	-1.254002
1893.083333	-1.360858
1893.166667	-1.011862
1893.250000	-1.014098
1893.333333	-0.789313
1893.416667	-0.672198
1893.500000	-0.641519
1893.583333	-0.395606
1893.666667	0.120276
1893.750000	0.214055
1893.833333	-0.212594
1893.916667	-0.492403
1894.000000	-0.476661
1894.083333	-0.451603
1894.166667	-0.781022
1894.250000	-0.935992
1894.333333	-0.946442
1894.416667	-1.147832
1894.500000	-1.264670
1894.583333	-1.189474
1894.666667	-0.922491
1894.750000	-0.686591
1894.833333	-0.477070
1894.916667	-0.817552
1895.000000	-0.822009
1895.083333	-0.871860
1895.166667	-1.086914
1895.250000	-1.062289
1895.333333	-0.584047
1895.416667	-0.517835
1895.500000	-0.552175
1895.583333	-0.608161
1895.666667	-0.378621
1895.750000	0.062189
1895.833333	-0.042651
1895.916667	-0.516022
1896.000000	-0.287380
1896.083333	-0.439485
1896.166667	-0.404761
1896.250000	-0.409069
1896.333333	-0.464089
1896.416667	-0.419290
1896.500000	0.073884
1896.583333	0.311157
1896.666667	0.442314
1896.750000	1.119041
1896.833333	0.562298
1896.916667	0.351539
1897.000000	0.916160
1897.083333	0.706043
1897.166667	0.611017
1897.250000	0.334047
1897.333333	0.170607
1897.416667	-0.021747
1897.500000	0.079068
1897.583333	-0.066280
1897.666667	0.178524
1897.750000	0.073351
1897.833333	0.049161
1897.916667	0.630509
1898.000000	0.469821
1898.083333	0.345576
1898.166667	0.576852
1898.250000	0.609379
1898.333333	0.283847
1898.416667	0.321785
1898.500000	0.221254
1898.583333	-0.129050
1898.666667	-0.309062
1898.750000	-0.445717
1898.833333	-0.442575
1898.916667	-0.716765
1899.000000	-0.721086
1899.083333	-0.495900
1899.166667	-0.607359
1899.250000	-0.504938
1899.333333	-0.306051
1899.416667	-0.629334
1899.500000	-0.575077
1899.583333	-0.585892
1899.666667	0.071554
1899.750000	0.517701
1899.833333	0.064741
1899.916667	-0.019409
1900.000000	-0.126420
1900.083333	0.064573
1900.166667	-0.176733
1900.250000	0.192719
1900.333333	-0.022572
1900.416667	-0.184443
1900.500000	-0.032939
1900.583333	-0.140677
1900.666667	-0.092497
1900.750000	-0.073134
1900.833333	-0.053404
1900.916667	-0.077286
1901.000000	0.163733
1901.083333	0.190112
1901.166667	0.006759
1901.250000	0.578487
1901.333333	0.569721
1901.416667	0.677095
1901.500000	0.410639
1901.583333	0.855760
1901.666667	0.974205
1901.750000	1.346858
1901.833333	1.077086
1901.916667	1.094708
1902.000000	0.680646
1902.083333	0.618522
1902.166667	0.307763
1902.250000	0.360023
1902.333333	0.234930
1902.416667	0.103411
1902.500000	0.242294
1902.583333	0.453522
1902.666667	0.752433
1902.750000	0.979361
1902.833333	0.897360
1902.916667	0.689108
1903.000000	0.819221
1903.083333	0.691535
1903.166667	0.447065
1903.250000	0.018998
1903.333333	0.085202
1903.416667	0.202108
1903.500000	0.119579
1903.583333	0.113134
1903.666667	-0.432747
1903.750000	-0.329932
1903.833333	-0.364313
1903.916667	-0.466259
1904.000000	-0.254799
1904.083333	-0.387764
1904.166667	-0.004492
1904.250000	0.175916
1904.333333	0.142349
1904.416667	0.351345
1904.500000	0.187217
1904.583333	0.121082
1904.666667	0.276150
1904.750000	0.428823
1904.833333	0.870366
1904.916667	0.655534
1905.000000	0.460339
1905.083333	0.340512
1905.166667	0.328561
1905.250000	-0.017499
1905.333333	0.262886
1905.416667	0.432192
1905.500000	0.449860
1905.583333	0.369174
1905.666667	0.568598
1905.750000	0.888347
1905.833333	0.500733
1905.916667	0.449111
1906.000000	0.616193
1906.083333	0.511732
1906.166667	0.340247
1906.250000	0.162698
1906.333333	-0.121759
1906.416667	0.113263
1906.500000	0.111551
1906.583333	0.225759
1906.666667	0.092520
1906.750000	-0.098318
1906.833333	-0.232496
1906.916667	-0.063115
1907.000000	-0.330954
1907.083333	-0.001923
1907.166667	0.134130
1907.250000	0.083458
1907.333333	0.364502
1907.416667	0.174404
1907.500000	0.221227
1907.583333	0.179910
1907.666667	0.092980
1907.750000	-0.363106
1907.833333	-0.344010
1907.916667	-0.406412
1908.000000	-0.402345
1908.083333	-0.529267
1908.166667	-0.505130
1908.250000	-0.560557
1908.333333	-0.772729
1908.416667	-0.738073
1908.500000	-0.736962
1908.583333	-0.411174
1908.666667	-0.049064
1908.750000	0.621347
1908.833333	0.727817
1908.916667	0.561151
1909.000000	0.199854
1909.083333	-0.261952
1909.166667	-0.038222
1909.250000	-0.256360
1909.333333	-0.276287
1909.416667	-0.462434
1909.500000	-0.803909
1909.583333	-1.036080
1909.666667	-1.255457
1909.750000	-1.001140
1909.833333	-1.213160
1909.916667	-1.558610
1910.000000	-1.768542
1910.083333	-1.383914
1910.166667	-1.094357
1910.250000	-0.988078
1910.333333	-0.962939
1910.416667	-0.994637
1910.500000	-0.529486
1910.583333	-0.785153
1910.666667	-1.001310
1910.750000	-1.062137
1910.833333	-1.407863
1910.916667	-1.162310
1911.000000	-1.156728
1911.083333	-0.886709
1911.166667	-0.850543
1911.250000	-0.445589
1911.333333	-0.504241
1911.416667	-0.355762
1911.500000	0.012951
1911.583333	-0.085603
1911.666667	0.508850
1911.750000	0.408626
1911.833333	0.162270
1911.916667	0.208277
1912.000000	0.034827
1912.083333	0.067515
1912.166667	-0.090495
1912.250000	0.197358
1912.333333	0.258103
1912.416667	0.592062
1912.500000	0.459211
1912.583333	0.557826
1912.666667	0.146424
1912.750000	-0.230660
1912.833333	-0.275954
1912.916667	-0.113957
1913.000000	-0.562168
1913.083333	-0.719229
1913.166667	-0.837535
1913.250000	-0.793272
1913.333333	-0.123182
1913.416667	0.227287
1913.500000	0.612014
1913.583333	0.854745
1913.666667	0.665234
1913.750000	0.577093
1913.833333	0.333859
1913.916667	0.731362
1914.000000	0.865980
1914.083333	1.022144
1914.166667	0.927902
1914.250000	0.944567
1914.333333	0.410836
1914.416667	0.269392
1914.500000	0.001998
1914.583333	0.151358
1914.666667	-0.056378
1914.750000	0.116384
1914.833333	-0.016983
1914.916667	0.183764
1915.000000	0.245857
1915.083333	0.552600
1915.166667	0.649931
1915.250000	0.671660
1915.333333	0.484871
1915.416667	0.223286
1915.500000	0.099544
1915.583333	0.415011
1915.666667	0.426519
1915.750000	-0.024725
1915.833333	-0.146681
1915.916667	-0.058005
1916.000000	0.129108
1916.083333	0.024686
1916.166667	-0.155547
1916.250000	0.392385
1916.333333	0.220000
1916.416667	0.423798
1916.500000	0.614538
1916.583333	0.305878
1916.666667	0.569878
1916.750000	0.408067
1916.833333	0.523215
1916.916667	0.347184
1917.000000	0.660228
1917.083333	0.765282
1917.166667	0.138829
1917.250000	0.244742
1917.333333	0.532604
1917.416667	0.610664
1917.500000	0.366738
1917.583333	0.381029
1917.666667	-0.172701
1917.750000	-0.225857
1917.833333	-0.308101
1917.916667	-0.763431
1918.000000	-1.091992
1918.083333	-1.039319
1918.166667	-0.733484
1918.250000	-0.725494
1918.333333	-0.818393
1918.416667	-0.555144
1918.500000	-0.160287
1918.583333	-0.177489
1918.666667	0.101895
1918.750000	0.031398
1918.833333	0.095479
1918.916667	0.012255
1919.000000	-0.234054
1919.083333	-0.130973
1919.166667	0.162748
1919.250000	0.197216
1919.333333	0.301817
1919.416667	0.165466
1919.500000	0.037459
1919.583333	-0.316917
1919.666667	0.086262
1919.750000	0.261227
1919.833333	0.065607
1919.916667	0.155155
1920.000000	0.058967
1920.083333	0.346699
1920.166667	0.418667
1920.250000	0.381900
1920.333333	0.522213
1920.416667	0.464125
1920.500000	0.467692
1920.583333	0.198553
1920.666667	-0.127165
1920.750000	-0.772253
1920.833333	-0.615555
1920.916667	-1.165614
1921.000000	-0.904661
1921.083333	-0.798389
1921.166667	-0.867570
1921.250000	-1.319457
1921.333333	-1.185595
1921.416667	-0.917965
1921.500000	-1.044270
1921.583333	-1.209859
1921.666667	-0.538027
1921.750000	-0.044122
1921.833333	-0.187651
1921.916667	0.022054
1922.000000	0.174420
1922.083333	0.096666
1922.166667	0.020195
1922.250000	-0.237261
1922.333333	-0.284638
1922.416667	-0.501098
1922.500000	-0.110023
1922.583333	-0.489004
1922.666667	-0.533564
1922.750000	-0.469052
1922.833333	-0.532901
1922.916667	-0.420685
1923.000000	-0.366269
1923.083333	-0.232437
1923.166667	-0.550640
1923.250000	-0.362523
1923.333333	-0.379199
1923.416667	-0.206523
1923.500000	0.084232
1923.583333	0.324355
1923.666667	0.598716
1923.750000	0.297192
1923.833333	0.361052
1923.916667	0.688700
1924.000000	0.632727
1924.083333	0.697566
1924.166667	1.721365
1924.250000	1.527609
1924.333333	1.294076
1924.416667	1.068618
1924.500000	0.757980
1924.583333	0.408475
1924.666667	-0.073128
1924.750000	-0.467580
1924.833333	-0.292925
1924.916667	-0.354103
1925.000000	-0.321737
1925.083333	-0.453128
1925.166667	-0.398442
1925.250000	-0.588150
1925.333333	-0.419011
1925.416667	-0.577427
1925.500000	-0.816094
1925.583333	-0.509656
1925.666667	-0.003413
1925.750000	0.313047
1925.833333	-0.030021
1925.916667	0.032434
1926.000000	-0.097627
1926.083333	0.129491
1926.166667	-0.032967
1926.250000	0.509446
1926.333333	0.181132
1926.416667	0.350281
1926.500000	0.303982
1926.583333	0.039550
1926.666667	0.236395
1926.750000	0.387815
1926.833333	0.004021
1926.916667	0.206866
1927.000000	0.567319
1927.083333	0.605373
1927.166667	0.161316
1927.250000	-0.130855
1927.333333	0.092683
1927.416667	0.088924
1927.500000	-0.036583
1927.583333	0.209732
1927.666667	0.673160
1927.750000	0.317745
1927.833333	0.161947
1927.916667	0.231162
1928.000000	-0.061029
1928.083333	0.135687
1928.166667	0.106866
1928.250000	-0.398293
1928.333333	-0.446017
1928.416667	-0.273652
1928.500000	0.160323
1928.583333	-0.040174
1928.666667	-0.054444
1928.750000	0.017062
1928.833333	-0.052728
1928.916667	0.017307
1929.000000	-0.116043
1929.083333	0.127763
1929.166667	-0.186202
1929.250000	-0.029110
1929.333333	-0.145029
1929.416667	0.258675
1929.500000	0.270255
1929.583333	0.355827
1929.666667	0.363104
1929.750000	0.550170
1929.833333	0.505553
1929.916667	0.490856
1930.000000	0.478314
1930.083333	0.227239
1930.166667	0.477168
1930.250000	0.923200
1930.333333	0.844139
1930.416667	1.264295
1930.500000	1.411465
1930.583333	1.090317
1930.666667	0.806516
1930.750000	0.752709
1930.833333	0.306179
1930.916667	0.453676
1931.000000	0.340635
1931.083333	0.144339
1931.166667	0.060586
1931.250000	0.032087
1931.333333	-0.010222
1931.416667	-0.134280
1931.500000	-0.105797
1931.583333	-0.404912
1931.666667	-0.576318
1931.750000	-0.608118
1931.833333	-0.514765
1931.916667	-0.434150
1932.000000	-0.430407
1932.083333	-0.354256
1932.166667	-0.253381
1932.250000	-0.113223
1932.333333	-0.171864
1932.416667	0.028010
1932.500000	-0.171326
1932.583333	-0.225447
1932.666667	-0.619690
1932.750000	-0.833994
1932.833333	-0.941216
1932.916667	-0.972325
1933.000000	-1.013041
1933.083333	-1.091338
1933.166667	-1.124340
1933.250000	-1.590718
1933.333333	-1.664985
1933.416667	-1.180319
1933.500000	-1.620717
1933.583333	-1.318395
1933.666667	-1.144933
1933.750000	-0.867593
1933.833333	-1.144291
1933.916667	-0.938441
1934.000000	-1.006544
1934.083333	-0.747018
1934.166667	-0.682285
1934.250000	-0.821156
1934.333333	-0.766624
1934.416667	-0.343421
1934.500000	-0.150902
1934.583333	-0.343097
1934.666667	-0.368703
1934.750000	-0.329508
1934.833333	-0.427034
1934.916667	-0.387988
1935.000000	-0.226524
1935.083333	-0.487973
1935.166667	-0.203036
1935.250000	0.004856
1935.333333	0.033896
1935.416667	0.465293
1935.500000	0.130424
1935.583333	0.157370
1935.666667	0.350922
1935.750000	0.174942
1935.833333	-0.034738
1935.916667	-0.314003
1936.000000	-0.643275
1936.083333	-0.578991
1936.166667	-0.321712
1936.250000	-0.122192
1936.333333	-0.388339
1936.416667	-0.034363
1936.500000	-0.082346
1936.583333	-0.463490
1936.666667	-0.228906
1936.750000	-0.169259
1936.833333	-0.025048
1936.916667	-0.178413
1937.000000	0.149990
1937.083333	0.200717
1937.166667	0.406145
1937.250000	0.290786
1937.333333	0.573958
1937.416667	0.564805
1937.500000	1.024669
1937.583333	0.952534
1937.666667	0.985298
1937.750000	1.219166
1937.833333	0.260299
1937.916667	-0.182422
1938.000000	0.107106
1938.083333	0.082313
1938.166667	0.395776
1938.250000	0.128245
1938.333333	-0.165908
1938.416667	-0.283356
1938.500000	-0.247048
1938.583333	-0.211440
1938.666667	-0.299015
1938.750000	-0.631494
1938.833333	-0.589037
1938.916667	-0.348185
1939.000000	-0.272882
1939.083333	-0.243124
1939.166667	-0.207606
1939.250000	-0.097500
1939.333333	-0.086966
1939.416667	-0.011485
1939.500000	-0.120808
1939.583333	0.048150
1939.666667	-0.050862
1939.750000	-0.171787
1939.833333	-0.416938
1939.916667	-0.310483
1940.000000	-0.216418
1940.083333	-0.296183
1940.166667	-0.477594
1940.250000	-0.776562
1940.333333	-0.687413
1940.416667	-1.180417
1940.500000	-0.651543
1940.583333	-0.381075
1940.666667	-0.293201
1940.750000	0.004863
1940.833333	0.283607
1940.916667	0.057820
1941.000000	0.416194
1941.083333	0.705132
1941.166667	0.832960
1941.250000	0.633379
1941.333333	0.599395
1941.416667	0.481966
1941.500000	0.406610
1941.583333	0.711762
1941.666667	0.429836
1941.750000	0.200362
1941.833333	0.439833
1941.916667	0.238022
1942.000000	0.228971
1942.083333	0.202400
1942.166667	-0.137783
1942.250000	-0.384384
1942.333333	-0.373704
1942.416667	-0.286351
1942.500000	-0.743591
1942.583333	-1.165455
1942.666667	-1.345856
1942.750000	-1.103996
1942.833333	-1.510429
1942.916667	-1.061882
1943.000000	-1.173965
1943.083333	-0.815418
1943.166667	-1.004761
1943.250000	-0.867272
1943.333333	-0.907018
1943.416667	-0.419710
1943.500000	-0.101073
1943.583333	-0.433504
1943.666667	-0.352619
1943.750000	-0.090573
1943.833333	0.053154
1943.916667	-0.091675
1944.000000	-0.011148
1944.083333	-0.049215
1944.166667	0.162245
1944.250000	0.163431
1944.333333	0.279493
1944.416667	0.433048
1944.500000	0.246518
1944.583333	0.101533
1944.666667	-0.155089
1944.750000	0.065573
1944.833333	0.441417
1944.916667	-0.069736
1945.000000	0.376551
1945.083333	-0.019494
1945.166667	-0.003923
1945.250000	-0.079720
1945.333333	-0.213938
1945.416667	-0.192582
1945.500000	-0.503623
1945.583333	-0.733753
1945.666667	-0.670640
1945.750000	-0.515662
1945.833333	-0.472983
1945.916667	-0.365039
1946.000000	-0.218607
1946.083333	-0.096679
1946.166667	0.042891
1946.250000	-0.440083
1946.333333	-0.624823
1946.416667	-0.694023
1946.500000	-0.628462
1946.583333	-0.613564
1946.666667	-0.466240
1946.750000	-0.199796
1946.833333	-0.536946
1946.916667	-0.837033
1947.000000	-0.769041
1947.083333	-0.915749
1947.166667	-0.559626
1947.250000	-0.911684
1947.333333	-0.281128
1947.416667	0.091081
1947.500000	0.215952
1947.583333	-0.149808
1947.666667	-0.344422
1947.750000	-0.843727
1947.833333	-0.650656
1947.916667	-0.624878
1948.000000	-0.453622
1948.083333	-0.283715
1948.166667	-0.387450
1948.250000	-0.063356
1948.333333	-0.332040
1948.416667	-0.345126
1948.500000	-0.461662
1948.583333	-0.828728
1948.666667	-0.876362
1948.750000	-0.590650
1948.833333	-0.211500
1948.916667	-0.000261
1949.000000	0.320826
1949.083333	0.636070
1949.166667	0.153906
1949.250000	0.234582
1949.333333	-0.322710
1949.416667	-0.341490
1949.500000	-0.551474
1949.583333	-0.536482
1949.666667	-0.971788
1949.750000	-1.109974
1949.833333	-1.045858
1949.916667	-0.735322
1950.000000	-0.649917
1950.083333	-0.970482
1950.166667	-0.940681
1950.250000	-1.078991
1950.333333	-0.391381
1950.416667	-0.491085
1950.500000	-0.493939
1950.583333	-0.165909
1950.666667	-0.134629
1950.750000	-0.261225
1950.833333	-0.573612
1950.916667	-0.633639
1951.000000	-0.208554
1951.083333	-0.041786
1951.166667	-0.338033
1951.250000	-0.114803
1951.333333	-0.098790
1951.416667	-0.231087
1951.500000	0.019353
1951.583333	-0.402818
1951.666667	-0.097000
1951.750000	-0.065305
1951.833333	-0.060934
1951.916667	-0.362210
1952.000000	-0.359942
1952.083333	-0.520156
1952.166667	-0.482012
1952.250000	-0.299081
1952.333333	-0.379271
1952.416667	-0.231759
1952.500000	0.080164
1952.583333	0.079867
1952.666667	0.231637
1952.750000	0.047432
1952.833333	-0.061003
1952.916667	-0.037468
1953.000000	0.396667
1953.083333	0.941264
1953.166667	0.744166
1953.250000	0.656192
1953.333333	0.875438
1953.416667	0.629814
1953.500000	0.478908
1953.583333	0.423842
1953.666667	0.740236
1953.750000	0.551151
1953.833333	0.667771
1953.916667	0.298292
1954.000000	0.281140
1954.083333	0.212076
1954.166667	-0.296571
1954.250000	-0.155478
1954.333333	-0.192984
1954.416667	-0.569851
1954.500000	-0.671400
1954.583333	-0.535395
1954.666667	-0.638717
1954.750000	-0.957307
1954.833333	-0.910652
1954.916667	-0.864808
1955.000000	-1.018225
1955.083333	-1.132682
1955.166667	-1.243082
1955.250000	-1.429991
1955.333333	-1.255842
1955.416667	-0.925909
1955.500000	-1.053355
1955.583333	-0.882573
1955.666667	-0.700353
1955.750000	-0.538105
1955.833333	-0.756979
1955.916667	-0.707203
1956.000000	-0.681241
1956.083333	-0.762479
1956.166667	-0.457740
1956.250000	0.017341
1956.333333	-0.560899
1956.416667	0.281536
1956.500000	-0.300088
1956.583333	-0.136785
1956.666667	-0.088615
1956.750000	-0.236794
1956.833333	-0.249827
1956.916667	0.078815
1957.000000	0.225402
1957.083333	0.293962
1957.166667	0.032605
1957.250000	-0.009454
1957.333333	-0.024139
1957.416667	-0.214277
1957.500000	-0.434477
1957.583333	-0.349313
1957.666667	-0.199463
1957.750000	-0.398215
1957.833333	-0.698697
1957.916667	-0.601359
1958.000000	-0.482252
1958.083333	-0.257482
1958.166667	-0.298659
1958.250000	-0.254929
1958.333333	-0.100967
1958.416667	-0.286363
1958.500000	-0.015204
1958.583333	0.278944
1958.666667	0.577606
1958.750000	0.676372
1958.833333	0.831478
1958.916667	1.060305
1959.000000	1.109372
1959.083333	1.042726
1959.166667	0.884087
1959.250000	0.820911
1959.333333	0.642193
1959.416667	0.532933
1959.500000	0.554686
1959.583333	0.462024
1959.666667	0.282362
1959.750000	0.338906
1959.833333	0.357248
1959.916667	0.299639
1960.000000	0.383068
1960.083333	0.634860
1960.166667	0.947904
1960.250000	0.965886
1960.333333	0.942459
1960.416667	0.679286
1960.500000	0.563930
1960.583333	0.627584
1960.666667	0.119843
1960.750000	0.064946
1960.833333	0.120881
1960.916667	-0.194930
1961.000000	0.133398
1961.083333	-0.070807
1961.166667	-0.067646
1961.250000	-0.200386
1961.333333	0.056462
1961.416667	0.393934
1961.500000	0.261324
1961.583333	0.345845
1961.666667	0.444750
1961.750000	0.791325
1961.833333	0.913126
1961.916667	1.067519
1962.000000	1.247276
1962.083333	0.517482
1962.166667	0.507115
1962.250000	0.288299
1962.333333	0.278756
1962.416667	0.821099
1962.500000	1.022665
1962.583333	0.939382
1962.666667	0.703056
1962.750000	0.319423
1962.833333	-0.043430
1962.916667	-0.025872
1963.000000	-0.266377
1963.083333	0.079892
1963.166667	0.156915
1963.250000	0.472543
1963.333333	0.545782
1963.416667	0.577543
1963.500000	0.615226
1963.583333	0.283440
1963.666667	-0.021682
1963.750000	-0.018393
1963.833333	-0.183308
1963.916667	-0.015950
1964.000000	-0.172311
1964.083333	-0.229344
1964.166667	-0.254114
1964.250000	-0.275245
1964.333333	-0.076119
1964.416667	-0.473655
1964.500000	-0.044226
1964.583333	-0.034588
1964.666667	0.206556
1964.750000	0.241840
1964.833333	0.089705
1964.916667	0.293503
1965.000000	0.023739
1965.083333	-0.003774
1965.166667	0.328980
1965.250000	-0.053369
1965.333333	0.111471
1965.416667	0.251165
1965.500000	-0.032414
1965.583333	0.245859
1965.666667	0.849447
1965.750000	1.029345
1965.833333	1.287656
1965.916667	1.179487
1966.000000	1.148352
1966.083333	1.135130
1966.166667	1.343733
1966.250000	1.346575
1966.333333	0.982625
1966.416667	0.644071
1966.500000	0.346596
1966.583333	-0.018842
1966.666667	0.210178
1966.750000	0.036211
1966.833333	-0.068918
1966.916667	0.040349
1967.000000	0.030115
1967.083333	0.122030
1967.166667	-0.000120
1967.250000	-0.269988
1967.333333	-0.088191
1967.416667	-0.363817
1967.500000	-0.374321
1967.583333	-0.020263
1967.666667	-0.042055
1967.750000	-0.158650
1967.833333	0.016817
1967.916667	0.097137
1968.000000	0.271396
1968.083333	0.514227
1968.166667	0.388576
1968.250000	0.102361
1968.333333	-0.324981
1968.416667	-0.502102
1968.500000	-0.334207
1968.583333	-0.396911
1968.666667	-0.453613
1968.750000	-0.224334
1968.833333	-0.150303
1968.916667	0.006776
1969.000000	-0.135571
1969.083333	-0.043256
1969.166667	-0.060317
1969.250000	0.170120
1969.333333	0.147037
1969.416667	0.072064
1969.500000	0.197489
1969.583333	0.378276
1969.666667	0.437615
1969.750000	0.785998
1969.833333	0.846881
1969.916667	0.860456
1970.000000	0.688859
1970.083333	0.604095
1970.166667	0.782029
1970.250000	0.785877
1970.333333	0.926842
1970.416667	0.941639
1970.500000	0.677583
1970.583333	0.865286
1970.666667	-0.002070
1970.750000	0.153669
1970.833333	0.286102
1970.916667	-0.186229
1971.000000	0.079498
1971.083333	0.014356
1971.166667	-0.030981
1971.250000	0.032841
1971.333333	-0.153089
1971.416667	0.077818
1971.500000	0.012595
1971.583333	-0.143156
1971.666667	-0.349186
1971.750000	-0.348777
1971.833333	-0.294542
1971.916667	-0.086427
1972.000000	0.109845
1972.083333	0.090973
1972.166667	0.297091
1972.250000	-0.362262
1972.333333	-0.475453
1972.416667	-0.620735
1972.500000	-0.547062
1972.583333	-0.444761
1972.666667	-0.408164
1972.750000	-0.326217
1972.833333	-0.500765
1972.916667	-0.406518
1973.000000	-0.651038
1973.083333	-0.711383
1973.166667	-0.664926
1973.250000	-0.430470
1973.333333	-0.371239
1973.416667	-0.637281
1973.500000	-0.470891
1973.583333	-0.517253
1973.666667	-0.783013
1973.750000	-0.772488
1973.833333	-0.675584
1973.916667	-0.791082
1974.000000	-0.709128
1974.083333	-0.799773
1974.166667	-1.184492
1974.250000	-0.885428
1974.333333	-0.995353
1974.416667	-1.267154
1974.500000	-0.708324
1974.583333	-0.959378
1974.666667	-0.790012
1974.750000	-0.673324
1974.833333	-0.847541
1974.916667	-0.846644
1975.000000	-0.832694
1975.083333	-0.228786
1975.166667	-0.145938
1975.250000	-0.118602
1975.333333	0.024575
1975.416667	0.101709
1975.500000	0.261365
1975.583333	0.130560
1975.666667	-0.219783
1975.750000	-0.275063
1975.833333	-0.378256
1975.916667	-0.599423
1976.000000	-0.714611
1976.083333	-0.359520
1976.166667	-0.578487
1976.250000	-0.637654
1976.333333	-0.918443
1976.416667	-0.386997
1976.500000	-0.444216
1976.583333	-0.334004
1976.666667	-0.012431
1976.750000	0.271520
1976.833333	0.356891
1976.916667	0.276489
1977.000000	0.334618
1977.083333	0.252221
1977.166667	0.408999
1977.250000	0.620451
1977.333333	0.128962
1977.416667	-0.100193
1977.500000	-0.299699
1977.583333	-0.523266
1977.666667	-0.669087
1977.750000	-0.191259
1977.833333	-0.073529
1977.916667	0.225926
1978.000000	-0.105472
1978.083333	0.300643
1978.166667	0.184797
1978.250000	-0.073277
1978.333333	0.173010
1978.416667	0.559110
1978.500000	0.784096
1978.583333	0.944783
1978.666667	0.758541
1978.750000	0.547082
1978.833333	0.171695
1978.916667	0.425394
1979.000000	0.058016
1979.083333	-0.033088
1979.166667	-0.133442
1979.250000	-0.303755
1979.333333	-0.082357
1979.416667	0.050878
1979.500000	0.217087
1979.583333	-0.176398
1979.666667	-0.152870
1979.750000	0.191681
1979.833333	0.045149
1979.916667	0.102236
1980.000000	0.141691
1980.083333	0.250163
1980.166667	0.237008
1980.250000	-0.010735
1980.333333	-0.048459
1980.416667	0.193363
1980.500000	0.361444
1980.583333	0.165395
1980.666667	0.098135
1980.750000	0.279490
1980.833333	0.620761
1980.916667	0.569394
1981.000000	0.298315
1981.083333	0.773810
1981.166667	0.379955
1981.250000	0.655695
1981.333333	0.544463
1981.416667	0.535098
1981.500000	0.404219
1981.583333	0.147437
1981.666667	-0.029763
1981.750000	0.208531
1981.833333	0.236316
1981.916667	0.440991
1982.000000	0.568776
1982.083333	0.871494
1982.166667	0.598390
1982.250000	1.111652
1982.333333	1.110405
1982.416667	0.960114
1982.500000	0.677765
1982.583333	0.594075
1982.666667	0.937293
1982.750000	0.710195
1982.833333	0.985651
1982.916667	0.928318
1983.000000	0.459490
1983.083333	0.391349
1983.166667	0.309064
1983.250000	0.130956
1983.333333	0.129305
1983.416667	0.031655
1983.500000	-0.006809
1983.583333	-0.370148
1983.666667	-0.621168
1983.750000	-0.575208
1983.833333	-0.608996
1983.916667	-0.437014
1984.000000	-0.453390
1984.083333	0.050219
1984.166667	-0.058136
1984.250000	-0.070263
1984.333333	-0.185693
1984.416667	-0.410503
1984.500000	-0.767087
1984.583333	-0.509304
1984.666667	-0.595293
1984.750000	-0.632350
1984.833333	-0.592946
1984.916667	-0.176316
1985.000000	-0.184186
1985.083333	-0.260451
1985.166667	-0.204889
1985.250000	-0.192785
1985.333333	0.134772
1985.416667	0.416893
1985.500000	0.451287
1985.583333	0.462619
1985.666667	0.523879
1985.750000	0.738768
1985.833333	0.986812
1985.916667	0.832222
1986.000000	0.696631
1986.083333	0.438521
1986.166667	0.237105
1986.250000	0.053308
1986.333333	0.279066
1986.416667	-0.189620
1986.500000	-0.053685
1986.583333	-0.106549
1986.666667	0.229548
1986.750000	0.715182
1986.833333	0.465072
1986.916667	0.666800
1987.000000	0.554708
1987.083333	0.928588
1987.166667	0.879665
1987.250000	1.069150
1987.333333	1.513557
1987.416667	1.086492
1987.500000	0.848116
1987.583333	0.604377
1987.666667	0.433195
1987.750000	0.334871
1987.833333	0.453277
1987.916667	0.818976
1988.000000	0.607347
1988.083333	0.624251
1988.166667	0.351568
1988.250000	0.235461
1988.333333	-0.265559
1988.416667	-0.102753
1988.500000	0.066064
1988.583333	0.124516
1988.666667	-0.372769
1988.750000	-0.602535
1988.833333	-0.240118
1988.916667	-0.127660
1989.000000	-0.147923
1989.083333	-0.041044
1989.166667	-0.021137
1989.250000	-0.395448
1989.333333	-0.368645
1989.416667	-0.683026
1989.500000	-0.906419
1989.583333	-0.654468
1989.666667	-0.025750
1989.750000	0.164844
1989.833333	-0.195800
1989.916667	0.672125
1990.000000	0.441367
1990.083333	0.225446
1990.166667	0.286840
1990.250000	0.238664
1990.333333	0.051297
1990.416667	0.340479
1990.500000	0.495841
1990.583333	0.495323
1990.666667	0.894297
1990.750000	0.607249
1990.833333	0.558183
1990.916667	0.446741
1991.000000	0.494120
1991.083333	0.582778
1991.166667	0.811862
1991.250000	0.911892
1991.333333	0.898470
1991.416667	0.627529
1991.500000	0.627974
1991.583333	0.814629
1991.666667	1.014915
1991.750000	0.690707
1991.833333	0.684774
1991.916667	0.382605
1992.000000	0.909593
1992.083333	1.000140
1992.166667	1.121936
1992.250000	0.846503
1992.333333	0.690094
1992.416667	0.368985
1992.500000	0.564861
1992.583333	0.167516
1992.666667	0.041587
1992.750000	0.135807
1992.833333	0.049293
1992.916667	-0.074673
1993.000000	-0.263289
1993.083333	-0.487752
1993.166667	-0.462674
1993.250000	-0.105716
1993.333333	-0.001484
1993.416667	-0.100527
1993.500000	-0.094640
1993.583333	0.008412
1993.666667	-0.487591
1993.750000	-0.370988
1993.833333	-0.235326
1993.916667	-0.259732
1994.000000	-0.509228
1994.083333	-0.219735
1994.166667	-0.207865
1994.250000	-0.378718
1994.333333	-0.276202
1994.416667	0.265725
1994.500000	0.322655
1994.583333	0.488223
1994.666667	0.583119
1994.750000	0.823800
1994.833333	0.798216
1994.916667	1.064601
1995.000000	0.850389
1995.083333	0.721666
1995.166667	0.764943
1995.250000	0.926955
1995.333333	0.707009
1995.416667	0.712515
1995.500000	0.557991
1995.583333	0.543899
1995.666667	0.309219
1995.750000	0.167449
1995.833333	-0.051265
1995.916667	-0.076808
1996.000000	0.029366
1996.083333	-0.048012
1996.166667	0.092703
1996.250000	0.374020
1996.333333	0.163175
1996.416667	0.392925
1996.500000	0.208513
1996.583333	0.398708
1996.666667	-0.255763
1996.750000	-0.253622
1996.833333	-0.150487
1996.916667	0.182408
1997.000000	0.116910
1997.083333	0.044517
1997.166667	0.417368
1997.250000	0.096532
1997.333333	0.567023
1997.416667	0.609147
1997.500000	0.672148
1997.583333	1.203400
1997.666667	1.113352
1997.750000	0.902207
1997.833333	0.630914
1997.916667	0.618752
1998.000000	0.495684
1998.083333	0.631247
1998.166667	0.218538
1998.250000	0.377822
1998.333333	0.229720
1998.416667	0.379835
1998.500000	0.252504
1998.583333	-0.023716
1998.666667	-0.283035
1998.750000	-0.695261
1998.833333	-0.607493
1998.916667	-0.227647
1999.000000	-0.746322
1999.083333	-0.293988
1999.166667	-0.417740
1999.250000	-0.419115
1999.333333	-0.681728
1999.416667	-0.572548
1999.500000	-0.514469
1999.583333	-0.510200
1999.666667	-0.744619
1999.750000	-0.777521
1999.833333	-0.699285
1999.916667	-0.815107
2000.000000	-0.894342
2000.083333	-0.837146
2000.166667	-1.073394
2000.250000	-1.241222
2000.333333	-1.469604
2000.416667	-1.516036
2000.500000	-1.492117
2000.583333	-1.427316
2000.666667	-1.227980
2000.750000	-1.090787
2000.833333	-1.737851
2000.916667	-1.468085
2001.000000	-1.441617
2001.083333	-0.980354
2001.166667	-0.512007
2001.250000	-0.800711
2001.333333	-0.332346
2001.416667	-0.609677
2001.500000	-0.904300
2001.583333	-0.604329
2001.666667	0.109717
2001.750000	0.324042
2001.833333	0.421389
2001.916667	0.469951
2002.000000	0.361959
2002.083333	0.173847
2002.166667	0.232383
2002.250000	0.176971
2002.333333	0.068706
2002.416667	0.172451
2002.500000	0.113236
2002.583333	0.184150
2002.666667	0.406651
2002.750000	0.333518
2002.833333	0.040845
2002.916667	-0.174203
2003.000000	-0.105279
2003.083333	-0.176572
2003.166667	-0.528779
2003.250000	-0.571973
2003.333333	-0.524596
2003.416667	-0.430264
2003.500000	-0.687750
2003.583333	-0.781600
2003.666667	-0.623988
2003.750000	-0.580079
2003.833333	-0.077472
2003.916667	0.114945
2004.000000	0.247004
2004.083333	0.170285
2004.166667	0.019903
2004.250000	-0.072609
2004.333333	0.489205
2004.416667	0.343113
2004.500000	-0.119549
2004.583333	-0.239632
2004.666667	0.263525
2004.750000	0.502260
2004.833333	0.247485
2004.916667	0.364256
2005.000000	0.167973
2005.083333	0.175493
2005.166667	0.139310
2005.250000	-0.187371
2005.333333	0.254620
2005.416667	0.246785
2005.500000	0.084392
2005.583333	0.204530
2005.666667	0.057895
2005.750000	0.015811
2005.833333	0.304946
2005.916667	-0.124952
2006.000000	-0.037482
2006.083333	0.171933
2006.166667	0.036150
2006.250000	0.023036
2006.333333	0.171501
2006.416667	0.045124
2006.500000	0.145633
2006.583333	0.107271
2006.666667	0.433616
2006.750000	0.313977
2006.833333	0.028183
2006.916667	0.365577
2007.000000	0.534069
2007.083333	0.173894
2007.166667	0.392622
2007.250000	0.532716
2007.333333	-0.055360
2007.416667	-0.364522
2007.500000	-0.098404
2007.583333	0.034591
2007.666667	0.031244
2007.750000	-0.229959
2007.833333	0.071374
2007.916667	0.073290
2008.000000	0.096487
2008.083333	-0.232209
2008.166667	-0.568385
2008.250000	-0.995381
2008.333333	-0.823082
2008.416667	-0.732884
2008.500000	-0.901019
2008.583333	-0.930677
2008.666667	-0.898052
2008.750000	-0.744877
2008.833333	-0.887631
2008.916667	-0.766457
2009.000000	-0.678177
2009.083333	-0.379588
2009.166667	-0.127719
2009.250000	-0.279767
2009.333333	0.146211
2009.416667	0.304432
2009.500000	-0.280212
2009.583333	0.013936
2009.666667	0.426519
2009.750000	0.797877
2009.833333	0.346450
2009.916667	0.245123
2010.000000	0.184169
2010.083333	0.206963
2010.166667	0.232217
2010.250000	0.421339
2010.333333	0.309222
2010.416667	0.722717
2010.500000	0.467955
2010.583333	-0.096593
2010.666667	-0.502091
2010.750000	-0.621526
2010.833333	-0.575366
2010.916667	-0.614587
2011.000000	-0.694546
2011.083333	-0.369309
2011.166667	-0.530596
2011.250000	-0.458525
2011.333333	-0.688126
2011.416667	-0.412636
2011.500000	-0.491944
2011.583333	-0.294306
2011.666667	-0.339385
2011.750000	0.039309
2011.833333	-0.296217
2011.916667	-0.303241
2012.000000	-0.601788
2012.083333	-0.514522
2012.166667	-0.263138
2012.250000	-0.349782
2012.333333	-0.328286
2012.416667	-0.286940
2012.500000	-0.265689
2012.583333	-0.527417
2012.666667	-0.384995
2012.750000	-0.632110
2012.833333	-0.264876
2012.916667	-0.207576
2013.000000	-0.265213
2013.083333	-0.353056
2013.166667	-0.162740
2013.250000	-0.352262
2013.333333	0.093875
2013.416667	0.161940
2013.500000	0.110905
2013.583333	0.210716
2013.666667	0.235915
2013.750000	0.618968
2013.833333	0.486027
2013.916667	0.639058
2014.000000	0.525866
2014.083333	0.410396
2014.166667	0.552910
2014.250000	0.621488
2014.333333	0.343695
2014.416667	0.452457
2014.500000	0.454270
2014.583333	0.358946
2014.666667	0.354944
2014.750000	0.267155
2014.833333	0.480706
2014.916667	0.582459
2015.000000	1.198939
2015.083333	1.084043
2015.166667	1.437123
2015.250000	1.250202
2015.333333	0.927100
2015.416667	1.210320
2015.500000	0.883870
2015.583333	0.902327
2015.666667	0.806338
2015.750000	0.901556
2015.833333	0.487524
2015.916667	0.406054
2016.000000	0.231916
2016.083333	0.474203
2016.166667	0.731787
2016.250000	0.657194
2016.333333	0.850897
2016.416667	1.093302
2016.500000	0.821603
2016.583333	0.802604
2016.666667	0.754803
2016.750000	0.317144
2016.833333	0.118110
2016.916667	0.051323
2017.000000	0.096051
2017.083333	0.247551
2017.166667	0.128436
2017.250000	0.024119
2017.333333	0.348179
2017.416667	0.666018
2017.500000	0.082748
2017.583333	0.356618
2017.666667	0.446053
2017.750000	0.593448
2017.833333	0.342688
2017.916667	0.204818
2018.000000	-0.064806
2018.083333	0.061886
2018.166667	0.120976
2018.250000	0.192856
2018.333333	0.131482
2018.416667	0.005816
2018.500000	0.037323
2018.583333	-0.050877
2018.666667	0.230596
2018.750000	0.408896
2018.833333	0.262750
2018.916667	0.247212
2019.000000	0.632079
2019.083333	0.470312
2019.166667	0.645592
2019.250000	0.669302
2019.333333	0.638865
2019.416667	0.469164
2019.500000	0.394406
2019.583333	0.555037
2019.666667	0.707544
2019.750000	0.800943
2019.833333	0.481652
2019.916667	0.358422
2020.000000	0.155222
2020.083333	0.549198
2020.166667	0.654305
2020.250000	0.581238
2020.333333	0.879479
2020.416667	0.860350
2020.500000	1.099301
2020.583333	0.806164
2020.666667	0.407546
2020.750000	0.289551
2020.833333	0.104320
2020.916667	0.080700
2021.000000	-0.142786
2021.083333	0.554948
2021.166667	0.210367
2021.250000	0.419833
2021.333333	0.074820
2021.416667	0.022012
2021.500000	-0.206479
2021.583333	-0.278093
2021.666667	-0.724473
2021.750000	-0.723699
2021.833333	-1.035318
2021.916667	-1.018799
2022.000000	-0.786797
2022.083333	-0.905616
