1880.000000	0.507387
1880.083333	0.215471
1880.166667	0.096000
1880.250000	0.073800
1880.333333	0.049300
1880.416667	-0.232677
1880.500000	-0.539778
1880.583333	-0.584677
1880.666667	-0.757700
1880.750000	-0.225763
1880.833333	-0.151525
1880.916667	0.276972
1881.000000	0.382982
1881.083333	0.977167
1881.166667	0.699842
1881.250000	1.026070
1881.333333	1.274690
1881.416667	1.204390
1881.500000	1.079630
1881.583333	0.935221
1881.666667	0.738672
1881.750000	1.166960
1881.833333	0.953503
1881.916667	0.881268
1882.000000	0.940039
1882.083333	1.199630
1882.166667	1.023760
1882.250000	0.742594
1882.333333	0.035200
1882.416667	0.472403
1882.500000	0.360893
1882.583333	0.063100
1882.666667	0.043100
1882.750000	0.053000
1882.833333	-0.138510
1882.916667	0.292877
1883.000000	-0.008470
1883.083333	0.240011
1883.166667	0.002190
1883.250000	0.004030
1883.333333	-0.481836
1883.416667	-0.476328
1883.500000	-0.494780
1883.583333	-0.405998
1883.666667	-0.551647
1883.750000	-0.215714
1883.833333	-0.335430
1883.916667	-0.119083
1884.000000	0.161510
1884.083333	0.419283
1884.166667	0.181263
1884.250000	-0.076600
1884.333333	-0.160368
1884.416667	-0.270264
1884.500000	-0.760942
1884.583333	-0.919155
1884.666667	-1.123100
1884.750000	-1.426040
1884.833333	-1.081540
1884.916667	-1.253730
1885.000000	-1.249280
1885.083333	-1.009650
1885.166667	-0.708469
1885.250000	-0.705492
1885.333333	-0.600857
1885.416667	-0.515903
1885.500000	-0.105478
1885.583333	0.213198
1885.666667	0.569468
1885.750000	0.709799
1885.833333	0.685198
1885.916667	0.798479
1886.000000	0.953033
1886.083333	0.972570
1886.166667	0.986782
1886.250000	0.901335
1886.333333	0.747952
1886.416667	0.894083
1886.500000	0.918829
1886.583333	0.486113
1886.666667	0.431313
1886.750000	0.423056
1886.833333	0.465168
1886.916667	0.635902
1887.000000	0.582874
1887.083333	0.719088
1887.166667	0.274040
1887.250000	0.446548
1887.333333	0.017700
1887.416667	-0.201023
1887.500000	-0.404613
1887.583333	-0.568848
1887.666667	-0.281467
1887.750000	-0.159929
1887.833333	-0.291580
1887.916667	-0.375040
1888.000000	-0.265503
1888.083333	-0.163305
1888.166667	-0.579697
1888.250000	-0.770975
1888.333333	-0.147568
1888.416667	-0.244308
1888.500000	-0.240967
1888.583333	-0.223190
1888.666667	-0.619770
1888.750000	-0.377350
1888.833333	-0.593559
1888.916667	-0.417677
1889.000000	-0.407778
1889.083333	-0.392607
1889.166667	-0.666689
1889.250000	-0.653618
1889.333333	-0.913181
1889.416667	-0.931534
1889.500000	-0.859863
1889.583333	-0.667410
1889.666667	-0.278162
1889.750000	-0.151438
1889.833333	-0.027000
1889.916667	0.293737
1890.000000	0.380573
1890.083333	0.262993
1890.166667	0.448673
1890.250000	0.244673
1890.333333	0.331900
1890.416667	0.567675
1890.500000	0.731400
1890.583333	0.524033
1890.666667	0.620762
1890.750000	0.299917
1890.833333	0.316128
1890.916667	0.139153
1891.000000	0.128363
1891.083333	0.492691
1891.166667	0.362164
1891.250000	0.105753
1891.333333	0.116283
1891.416667	0.021000
1891.500000	-0.080100
1891.583333	0.126423
1891.666667	0.150146
1891.750000	0.406542
1891.833333	0.127934
1891.916667	0.376068
1892.000000	0.385582
1892.083333	0.222229
1892.166667	0.414484
1892.250000	0.188131
1892.333333	0.340721
1892.416667	0.256834
1892.500000	0.487907
1892.583333	0.630463
1892.666667	0.828732
1892.750000	0.727091
1892.833333	0.878399
1892.916667	0.874254
1893.000000	0.740526
1893.083333	0.803009
1893.166667	0.612003
1893.250000	0.202272
1893.333333	0.289652
1893.416667	0.269119
1893.500000	0.105272
1893.583333	0.463840
1893.666667	0.078500
1893.750000	-0.185074
1893.833333	-0.791143
1893.916667	-0.701941
1894.000000	-0.879477
1894.083333	-1.361630
1894.166667	-1.758910
1894.250000	-1.743370
1894.333333	-1.808770
1894.416667	-1.769340
1894.500000	-1.535520
1894.583333	-1.499570
1894.666667	-1.074890
1894.750000	-0.558012
1894.833333	-0.223448
1894.916667	0.025800
1895.000000	0.038100
1895.083333	0.385500
1895.166667	0.120726
1895.250000	0.130865
1895.333333	0.309725
1895.416667	0.419317
1895.500000	0.227877
1895.583333	0.675823
1895.666667	0.515741
1895.750000	0.535683
1895.833333	0.648098
1895.916667	0.512911
1896.000000	0.510031
1896.083333	0.413559
1896.166667	0.557169
1896.250000	0.764935
1896.333333	0.882710
1896.416667	0.737772
1896.500000	0.784868
1896.583333	0.777977
1896.666667	0.805540
1896.750000	0.484999
1896.833333	0.237740
1896.916667	0.116655
1897.000000	-0.315548
1897.083333	-0.450357
1897.166667	-0.168459
1897.250000	-0.344568
1897.333333	-0.271749
1897.416667	-0.193190
1897.500000	-0.022200
1897.583333	0.075400
1897.666667	0.115145
1897.750000	0.018200
1897.833333	0.021500
1897.916667	0.186718
1898.000000	-0.294930
1898.083333	-0.247107
1898.166667	-0.133812
1898.250000	-0.199903
1898.333333	-0.145367
1898.416667	-0.430758
1898.500000	-0.450130
1898.583333	-0.364590
1898.666667	-0.086400
1898.750000	-0.488268
1898.833333	-0.430704
1898.916667	-0.437403
1899.000000	-0.063600
1899.083333	0.173433
1899.166667	0.243853
1899.250000	0.154823
1899.333333	-0.075200
1899.416667	0.105331
1899.500000	0.046200
1899.583333	-0.118647
1899.666667	0.080500
1899.750000	-0.155411
1899.833333	0.188850
1899.916667	0.117813
1900.000000	0.625507
1900.083333	0.669844
1900.166667	0.949575
1900.250000	0.825268
1900.333333	0.842010
1900.416667	0.879990
1900.500000	0.673597
1900.583333	1.007100
1900.666667	0.730099
1900.750000	0.745012
1900.833333	0.618378
1900.916667	0.671955
1901.000000	0.532993
1901.083333	0.490328
1901.166667	0.760048
1901.250000	0.525913
1901.333333	0.221899
1901.416667	-0.012100
1901.500000	0.037800
1901.583333	-0.017200
1901.666667	0.377979
1901.750000	0.317833
1901.833333	0.413992
1901.916667	0.282982
1902.000000	0.029500
1902.083333	-0.584564
1902.166667	-0.597139
1902.250000	-0.741018
1902.333333	-1.077080
1902.416667	-0.678352
1902.500000	-0.316942
1902.583333	-0.283108
1902.666667	-0.339918
1902.750000	0.010800
1902.833333	-0.190975
1902.916667	-0.399054
1903.000000	-0.097500
1903.083333	-0.477247
1903.166667	-0.127031
1903.250000	-0.630262
1903.333333	-0.669607
1903.416667	-0.892395
1903.500000	-0.655317
1903.583333	-0.425159
1903.666667	-0.294973
1903.750000	-0.273058
1903.833333	-0.207109
1903.916667	0.109205
1904.000000	0.332842
1904.083333	0.370363
1904.166667	0.403322
1904.250000	0.214535
1904.333333	-0.077800
1904.416667	0.027100
1904.500000	0.073600
1904.583333	0.339149
1904.666667	0.146893
1904.750000	0.404228
1904.833333	0.601410
1904.916667	0.608543
1905.000000	0.458832
1905.083333	0.454380
1905.166667	0.305984
1905.250000	0.284239
1905.333333	0.110043
1905.416667	0.029400
1905.500000	-0.163702
1905.583333	-0.093300
1905.666667	-0.280600
1905.750000	-0.398655
1905.833333	-0.199261
1905.916667	-0.355633
1906.000000	-0.279207
1906.083333	-0.110281
1906.166667	-0.021200
1906.250000	0.386803
1906.333333	0.258038
1906.416667	0.562168
1906.500000	0.437178
1906.583333	0.354633
1906.666667	0.385933
1906.750000	0.555403
1906.833333	0.595284
1906.916667	0.643648
1907.000000	0.808283
1907.083333	1.089620
1907.166667	0.951128
1907.250000	0.950615
1907.333333	1.211770
1907.416667	1.059610
1907.500000	0.811516
1907.583333	0.899563
1907.666667	0.719822
1907.750000	0.903513
1907.833333	1.014330
1907.916667	0.796223
1908.000000	0.680853
1908.083333	0.646944
1908.166667	0.248545
1908.250000	-0.167267
1908.333333	-0.660145
1908.416667	-0.138437
1908.500000	-0.513103
1908.583333	-0.405857
1908.666667	-0.574318
1908.750000	-0.020300
1908.833333	-0.658680
1908.916667	-0.350998
1909.000000	-0.625483
1909.083333	-0.718876
1909.166667	-0.472618
1909.250000	-0.495399
1909.333333	-0.445019
1909.416667	-0.454727
1909.500000	-0.230097
1909.583333	-0.404888
1909.666667	-0.446609
1909.750000	-0.173159
1909.833333	0.009630
1909.916667	0.327902
1910.000000	0.240482
1910.083333	0.325659
1910.166667	0.529966
1910.250000	0.730839
1910.333333	0.827524
1910.416667	1.011210
1910.500000	0.893414
1910.583333	0.884295
1910.666667	0.685472
1910.750000	0.449030
1910.833333	0.510427
1910.916667	0.212360
1911.000000	0.192543
1911.083333	0.339252
1911.166667	0.394609
1911.250000	0.650942
1911.333333	0.772917
1911.416667	0.635742
1911.500000	0.387300
1911.583333	0.168732
1911.666667	0.427959
1911.750000	0.316862
1911.833333	0.038600
1911.916667	0.064100
1912.000000	0.049200
1912.083333	-0.423918
1912.166667	-0.445795
1912.250000	-0.241016
1912.333333	-0.286106
1912.416667	-0.513418
1912.500000	-0.519888
1912.583333	-0.298882
1912.666667	-0.344110
1912.750000	-0.681273
1912.833333	-0.794970
1912.916667	-0.473488
1913.000000	-0.287352
1913.083333	-0.481422
1913.166667	-0.098700
1913.250000	-0.320198
1913.333333	-0.144463
1913.416667	-0.165211
1913.500000	0.139780
1913.583333	0.333677
1913.666667	0.328493
1913.750000	-0.060100
1913.833333	0.122690
1913.916667	-0.139372
1914.000000	-0.289688
1914.083333	-0.527050
1914.166667	-0.683119
1914.250000	-0.846025
1914.333333	-0.534748
1914.416667	-0.380684
1914.500000	-0.161209
1914.583333	-0.172575
1914.666667	-0.525171
1914.750000	-0.769482
1914.833333	-0.462700
1914.916667	-0.760590
1915.000000	-0.498234
1915.083333	-0.515739
1915.166667	-0.678171
1915.250000	-0.943489
1915.333333	-0.954958
1915.416667	-0.667940
1915.500000	-1.026680
1915.583333	-0.690548
1915.666667	-0.691088
1915.750000	-0.584196
1915.833333	-0.685692
1915.916667	-0.629927
1916.000000	-0.827118
1916.083333	-0.776377
1916.166667	-0.814001
1916.250000	-0.626438
1916.333333	-0.910698
1916.416667	-0.561333
1916.500000	-0.672483
1916.583333	-0.564709
1916.666667	-0.301498
1916.750000	-0.345331
1916.833333	-0.215742
1916.916667	-0.582981
1917.000000	-0.321617
1917.083333	-0.601936
1917.166667	-0.723131
1917.250000	-1.200460
1917.333333	-1.114600
1917.416667	-1.399720
1917.500000	-1.477860
1917.583333	-1.418750
1917.666667	-1.412600
1917.750000	-1.721370
1917.833333	-1.465910
1917.916667	-1.032200
1918.000000	-0.798618
1918.083333	-0.894754
1918.166667	-0.889196
1918.250000	-1.295250
1918.333333	-0.321798
1918.416667	-0.739180
1918.500000	-0.576401
1918.583333	-0.476463
1918.666667	-0.589043
1918.750000	-0.482489
1918.833333	-0.609152
1918.916667	-0.668430
1919.000000	-0.892513
1919.083333	-0.643467
1919.166667	-0.396997
1919.250000	-0.682079
1919.333333	-0.111061
1919.416667	0.021700
1919.500000	-0.150518
1919.583333	-0.240181
1919.666667	0.037800
1919.750000	0.236139
1919.833333	0.021000
1919.916667	-0.156368
1920.000000	-0.386648
1920.083333	-0.417683
1920.166667	-0.614193
1920.250000	-1.083410
1920.333333	-0.869825
1920.416667	-0.873308
1920.500000	-1.078980
1920.583333	-0.945480
1920.666667	-0.599531
1920.750000	-0.862341
1920.833333	-0.835871
1920.916667	-0.694647
1921.000000	-0.933369
1921.083333	-0.412741
1921.166667	-0.168159
1921.250000	-0.678545
1921.333333	-0.443977
1921.416667	-0.357342
1921.500000	-0.507048
1921.583333	-0.489086
1921.666667	-0.693699
1921.750000	-0.597298
1921.833333	-0.388817
1921.916667	-0.236197
1922.000000	-0.195427
1922.083333	-0.080600
1922.166667	-0.031100
1922.250000	0.215076
1922.333333	0.210098
1922.416667	0.147358
1922.500000	0.190042
1922.583333	0.255548
1922.666667	0.372459
1922.750000	0.310682
1922.833333	-0.021400
1922.916667	0.042600
1923.000000	0.229368
1923.083333	0.091700
1923.166667	-0.002960
1923.250000	0.354786
1923.333333	-0.052600
1923.416667	0.040100
1923.500000	-0.030700
1923.583333	-0.123861
1923.666667	-0.294323
1923.750000	-0.490335
1923.833333	-0.432631
1923.916667	-0.171328
1924.000000	-0.252161
1924.083333	-0.267792
1924.166667	-0.029200
1924.250000	0.399408
1924.333333	0.769503
1924.416667	0.567253
1924.500000	0.624250
1924.583333	0.621025
1924.666667	0.581682
1924.750000	0.701735
1924.833333	0.685646
1924.916667	0.757158
1925.000000	0.845602
1925.083333	1.222280
1925.166667	1.341180
1925.250000	1.045770
1925.333333	1.115570
1925.416667	1.062660
1925.500000	0.805862
1925.583333	0.584396
1925.666667	0.524580
1925.750000	0.347883
1925.833333	0.035100
1925.916667	-0.361477
1926.000000	-0.593645
1926.083333	-0.606010
1926.166667	-0.821873
1926.250000	-1.136550
1926.333333	-1.027160
1926.416667	-1.055740
1926.500000	-0.943409
1926.583333	-0.868608
1926.666667	-0.638462
1926.750000	-0.305962
1926.833333	-0.133015
1926.916667	-0.375978
1927.000000	-0.076900
1927.083333	-0.265453
1927.166667	-0.400970
1927.250000	-0.128998
1927.333333	-0.059800
1927.416667	-0.147966
1927.500000	0.033600
1927.583333	-0.205660
1927.666667	-0.060100
1927.750000	-0.071300
1927.833333	0.329395
1927.916667	0.492403
1928.000000	0.313946
1928.083333	0.480133
1928.166667	0.495241
1928.250000	0.504883
1928.333333	0.175070
1928.416667	0.475962
1928.500000	-0.123697
1928.583333	0.043500
1928.666667	0.188744
1928.750000	0.086500
1928.833333	0.071000
1928.916667	0.005250
1929.000000	-0.433788
1929.083333	-0.332987
1929.166667	-0.684208
1929.250000	-0.776865
1929.333333	-0.819403
1929.416667	-0.981186
1929.500000	-0.841787
1929.583333	-0.439917
1929.666667	-0.526957
1929.750000	-0.091100
1929.833333	-0.093700
1929.916667	-0.602190
1930.000000	-0.611362
1930.083333	-0.324642
1930.166667	-0.187952
1930.250000	-0.191000
1930.333333	-0.141125
1930.416667	-0.097700
1930.500000	-0.057400
1930.583333	-0.065500
1930.666667	-0.436928
1930.750000	-0.209196
1930.833333	-0.413071
1930.916667	-0.257519
1931.000000	0.178844
1931.083333	0.045400
1931.166667	-0.142908
1931.250000	-0.127626
1931.333333	-0.516230
1931.416667	0.238903
1931.500000	0.232119
1931.583333	0.063800
1931.666667	0.130362
1931.750000	-0.036900
1931.833333	-0.146225
1931.916667	-0.061500
1932.000000	0.011300
1932.083333	-0.043000
1932.166667	0.163742
1932.250000	0.018700
1932.333333	-0.409986
1932.416667	-0.349127
1932.500000	-0.213678
1932.583333	-0.189085
1932.666667	-0.396858
1932.750000	-0.322481
1932.833333	-0.413877
1932.916667	-0.108320
1933.000000	-0.522772
1933.083333	-0.221310
1933.166667	-0.131937
1933.250000	-0.492138
1933.333333	-0.323856
1933.416667	-0.055300
1933.500000	0.033700
1933.583333	-0.143150
1933.666667	0.042500
1933.750000	0.255842
1933.833333	0.310152
1933.916667	0.429293
1934.000000	-0.139738
1934.083333	-0.332033
1934.166667	-0.014100
1934.250000	0.015600
1934.333333	0.145092
1934.416667	0.271580
1934.500000	0.291063
1934.583333	0.326180
1934.666667	0.578247
1934.750000	0.584318
1934.833333	0.879967
1934.916667	0.812721
1935.000000	0.791462
1935.083333	0.575523
1935.166667	0.691267
1935.250000	0.543753
1935.333333	0.414425
1935.416667	0.481377
1935.500000	0.220005
1935.583333	-0.156406
1935.666667	0.048600
1935.750000	-0.059400
1935.833333	0.190321
1935.916667	0.200689
1936.000000	0.295702
1936.083333	0.419872
1936.166667	0.134188
1936.250000	-0.005860
1936.333333	-0.106131
1936.416667	-0.141113
1936.500000	-0.082200
1936.583333	-0.053700
1936.666667	-0.063200
1936.750000	0.074500
1936.833333	-0.086300
1936.916667	-0.020500
1937.000000	0.057500
1937.083333	-0.293608
1937.166667	-0.429792
1937.250000	-0.041500
1937.333333	-0.334044
1937.416667	0.335180
1937.500000	0.076400
1937.583333	-0.111994
1937.666667	-0.420042
1937.750000	-0.814535
1937.833333	-0.877728
1937.916667	-0.766100
1938.000000	-1.157690
1938.083333	-0.956905
1938.166667	-0.977102
1938.250000	-0.724222
1938.333333	-0.924572
1938.416667	-0.964277
1938.500000	-0.641407
1938.583333	-0.800501
1938.666667	-0.601500
1938.750000	-0.560526
1938.833333	-0.535402
1938.916667	-0.601196
1939.000000	-0.335209
1939.083333	-0.012200
1939.166667	0.125210
1939.250000	-0.177279
1939.333333	-0.399347
1939.416667	-0.129763
1939.500000	-0.576927
1939.583333	-0.640848
1939.666667	-0.758648
1939.750000	-0.608532
1939.833333	-0.783228
1939.916667	-0.507856
1940.000000	-0.218702
1940.083333	-0.583450
1940.166667	-0.175135
1940.250000	-0.560396
1940.333333	-0.708616
1940.416667	-1.001140
1940.500000	-1.022200
1940.583333	-1.131710
1940.666667	-1.357720
1940.750000	-1.037480
1940.833333	-0.852688
1940.916667	-1.389400
1941.000000	-1.721500
1941.083333	-1.585410
1941.166667	-1.553320
1941.250000	-1.243110
1941.333333	-1.238720
1941.416667	-1.082670
1941.500000	-0.623737
1941.583333	-0.651646
1941.666667	-0.535738
1941.750000	-0.699217
1941.833333	-0.459047
1941.916667	-0.554298
1942.000000	-0.293938
1942.083333	0.065100
1942.166667	0.139545
1942.250000	0.171875
1942.333333	0.441248
1942.416667	0.017500
1942.500000	-0.052400
1942.583333	-0.274031
1942.666667	0.018800
1942.750000	-0.288660
1942.833333	-0.217657
1942.916667	-0.505421
1943.000000	-0.112400
1943.083333	0.063400
1943.166667	-0.086600
1943.250000	0.645758
1943.333333	0.466282
1943.416667	0.620508
1943.500000	0.648926
1943.583333	0.646860
1943.666667	0.453922
1943.750000	0.429342
1943.833333	-0.218643
1943.916667	-0.459919
1944.000000	-0.633739
1944.083333	-0.661774
1944.166667	-0.814379
1944.250000	-0.753283
1944.333333	-0.633368
1944.416667	-0.586317
1944.500000	-0.662827
1944.583333	-1.003670
1944.666667	-1.037260
1944.750000	-0.499672
1944.833333	-0.750818
1944.916667	-0.668619
1945.000000	-0.943964
1945.083333	-1.030070
1945.166667	-0.987198
1945.250000	-1.118120
1945.333333	-1.055160
1945.416667	-0.962166
1945.500000	-0.647127
1945.583333	-1.311190
1945.666667	-1.339920
1945.750000	-1.219510
1945.833333	-1.126280
1945.916667	-0.562197
1946.000000	-0.524019
1946.083333	-0.269091
1946.166667	0.076500
1946.250000	0.569952
1946.333333	0.750347
1946.416667	1.015080
1946.500000	1.244880
1946.583333	1.032680
1946.666667	0.901865
1946.750000	0.852755
1946.833333	0.864809
1946.916667	0.968655
1947.000000	1.013790
1947.083333	0.893002
1947.166667	0.581173
1947.250000	0.652620
1947.333333	0.471092
1947.416667	0.496563
1947.500000	0.219593
1947.583333	0.342417
1947.666667	0.316597
1947.750000	0.100510
1947.833333	0.206512
1947.916667	0.046000
1948.000000	-0.149883
1948.083333	0.282652
1948.166667	0.172260
1948.250000	-0.008970
1948.333333	0.155146
1948.416667	0.326183
1948.500000	0.215799
1948.583333	0.033000
1948.666667	-0.336699
1948.750000	-0.884689
1948.833333	-0.908010
1948.916667	-1.220550
1949.000000	-1.464280
1949.083333	-1.322700
1949.166667	-0.846308
1949.250000	-0.315258
1949.333333	-0.332428
1949.416667	-0.213503
1949.500000	-0.407379
1949.583333	-0.282038
1949.666667	0.120598
1949.750000	0.137297
1949.833333	-0.106043
1949.916667	0.311203
1950.000000	0.202091
1950.083333	0.340723
1950.166667	0.484077
1950.250000	0.723417
1950.333333	0.638712
1950.416667	0.649332
1950.500000	0.513802
1950.583333	0.520002
1950.666667	0.491039
1950.750000	0.579235
1950.833333	0.449232
1950.916667	0.536112
1951.000000	0.577875
1951.083333	0.445513
1951.166667	0.264223
1951.250000	0.268480
1951.333333	0.513275
1951.416667	0.406483
1951.500000	0.499443
1951.583333	0.370832
1951.666667	0.327957
1951.750000	-0.021600
1951.833333	0.281710
1951.916667	0.000261
1952.000000	-0.015800
1952.083333	0.209360
1952.166667	0.259684
1952.250000	0.313299
1952.333333	0.504230
1952.416667	0.137980
1952.500000	0.180861
1952.583333	-0.112440
1952.666667	-0.094500
1952.750000	-0.172457
1952.833333	-0.202217
1952.916667	-0.021600
1953.000000	-0.466616
1953.083333	-0.185617
1953.166667	-0.556324
1953.250000	-0.259727
1953.333333	0.001330
1953.416667	-0.075000
1953.500000	0.108490
1953.583333	0.264740
1953.666667	0.320862
1953.750000	0.328047
1953.833333	0.589745
1953.916667	0.456470
1954.000000	0.545094
1954.083333	0.283678
1954.166667	0.371477
1954.250000	0.319613
1954.333333	0.413219
1954.416667	0.081700
1954.500000	-0.055400
1954.583333	-0.135668
1954.666667	-0.418327
1954.750000	-0.531214
1954.833333	-0.887438
1954.916667	-0.924023
1955.000000	-1.222000
1955.083333	-0.991426
1955.166667	-1.095380
1955.250000	-1.321930
1955.333333	-1.220250
1955.416667	-1.201690
1955.500000	-1.104350
1955.583333	-1.265540
1955.666667	-1.049130
1955.750000	-1.172810
1955.833333	-1.146220
1955.916667	-0.798258
1956.000000	-0.456621
1956.083333	0.113955
1956.166667	0.161003
1956.250000	0.359623
1956.333333	0.628029
1956.416667	0.543701
1956.500000	0.332170
1956.583333	0.306562
1956.666667	-0.256430
1956.750000	0.037300
1956.833333	0.211718
1956.916667	0.217014
1957.000000	0.587711
1957.083333	0.473331
1957.166667	0.734882
1957.250000	0.752651
1957.333333	0.842028
1957.416667	0.866032
1957.500000	0.988123
1957.583333	0.805683
1957.666667	0.969748
1957.750000	0.681320
1957.833333	0.629215
1957.916667	0.759832
1958.000000	0.545839
1958.083333	0.346409
1958.166667	0.379513
1958.250000	0.610512
1958.333333	0.696865
1958.416667	0.864479
1958.500000	0.911776
1958.583333	0.959095
1958.666667	1.058600
1958.750000	0.984941
1958.833333	0.963915
1958.916667	0.754700
1959.000000	0.500431
1959.083333	0.756641
1959.166667	0.683764
1959.250000	0.569754
1959.333333	0.549669
1959.416667	0.287670
1959.500000	-0.316513
1959.583333	-0.016800
1959.666667	0.129879
1959.750000	0.214422
1959.833333	-0.046300
1959.916667	0.163248
1960.000000	0.018200
1960.083333	-0.044300
1960.166667	0.022000
1960.250000	0.329212
1960.333333	0.420998
1960.416667	0.719313
1960.500000	0.437140
1960.583333	0.389721
1960.666667	0.475512
1960.750000	0.591393
1960.833333	0.608152
1960.916667	0.729092
1961.000000	0.698591
1961.083333	0.784855
1961.166667	0.380768
1961.250000	0.623531
1961.333333	0.467335
1961.416667	0.316179
1961.500000	0.122429
1961.583333	-0.086800
1961.666667	0.177343
1961.750000	-0.311575
1961.833333	-0.273327
1961.916667	0.045900
1962.000000	0.264668
1962.083333	0.461388
1962.166667	0.001390
1962.250000	0.003830
1962.333333	0.081600
1962.416667	-0.159048
1962.500000	-0.300762
1962.583333	-0.418867
1962.666667	-0.664165
1962.750000	-0.340038
1962.833333	-0.077100
1962.916667	-0.204111
1963.000000	0.285269
1963.083333	0.634483
1963.166667	0.768970
1963.250000	0.937464
1963.333333	0.710199
1963.416667	0.911226
1963.500000	0.532703
1963.583333	0.508373
1963.666667	0.492062
1963.750000	0.097100
1963.833333	-0.342169
1963.916667	-0.208418
1964.000000	-0.104662
1964.083333	0.086500
1964.166667	0.203728
1964.250000	0.311857
1964.333333	0.049500
1964.416667	-0.048000
1964.500000	0.099800
1964.583333	0.174089
1964.666667	0.254641
1964.750000	0.125788
1964.833333	0.345158
1964.916667	0.273682
1965.000000	0.250002
1965.083333	0.374149
1965.166667	0.310078
1965.250000	0.375433
1965.333333	0.309298
1965.416667	0.426792
1965.500000	0.185457
1965.583333	0.283873
1965.666667	0.408613
1965.750000	0.243250
1965.833333	0.029500
1965.916667	0.310921
1966.000000	0.386223
1966.083333	0.179541
1966.166667	0.098500
1966.250000	0.090900
1966.333333	-0.254438
1966.416667	0.048100
1966.500000	0.006010
1966.583333	0.026500
1966.666667	-0.204071
1966.750000	-0.371460
1966.833333	-0.184792
1966.916667	-0.119293
1967.000000	-0.019800
1967.083333	-0.026900
1967.166667	-0.439381
1967.250000	-0.141552
1967.333333	0.173822
1967.416667	0.061200
1967.500000	-0.182678
1967.583333	0.015700
1967.666667	0.126755
1967.750000	-0.009800
1967.833333	0.259565
1967.916667	0.189859
1968.000000	0.353495
1968.083333	0.246527
1968.166667	0.406548
1968.250000	0.319685
1968.333333	0.191463
1968.416667	-0.121767
1968.500000	-0.312883
1968.583333	-0.499434
1968.666667	-0.463078
1968.750000	-0.760731
1968.833333	-0.842806
1968.916667	-0.698412
1969.000000	-0.788435
1969.083333	-0.571922
1969.166667	-0.429533
1969.250000	-0.250362
1969.333333	-0.017000
1969.416667	-0.153143
1969.500000	-0.382591
1969.583333	-0.028800
1969.666667	-0.089800
1969.750000	0.051100
1969.833333	0.245539
1969.916667	0.517881
1970.000000	0.189762
1970.083333	0.217426
1970.166667	0.069700
1970.250000	0.003860
1970.333333	-0.510561
1970.416667	-0.083600
1970.500000	-0.318108
1970.583333	-0.499620
1970.666667	-0.388037
1970.750000	-0.307198
1970.833333	-0.228947
1970.916667	0.106432
1971.000000	-0.318735
1971.083333	-0.320511
1971.166667	-0.177069
1971.250000	-0.199284
1971.333333	0.110542
1971.416667	0.019100
1971.500000	-0.060700
1971.583333	0.455832
1971.666667	0.194775
1971.750000	0.220387
1971.833333	0.284231
1971.916667	0.171728
1972.000000	0.371149
1972.083333	-0.240086
1972.166667	-0.218042
1972.250000	-0.045800
1972.333333	-0.365955
1972.416667	-0.255747
1972.500000	-0.577400
1972.583333	-0.771635
1972.666667	-0.541246
1972.750000	-0.232925
1972.833333	-0.233028
1972.916667	-0.299561
1973.000000	-0.376572
1973.083333	0.020800
1973.166667	-0.253103
1973.250000	-0.711458
1973.333333	-0.435911
1973.416667	-0.144821
1973.500000	0.101898
1973.583333	0.048900
1973.666667	-0.252537
1973.750000	-0.444283
1973.833333	-0.097500
1973.916667	-0.000650
1974.000000	-0.530031
1974.083333	0.094300
1974.166667	-0.004730
1974.250000	-0.109787
1974.333333	0.015800
1974.416667	-0.021500
1974.500000	0.346422
1974.583333	0.322048
1974.666667	0.519596
1974.750000	0.882776
1974.833333	1.101520
1974.916667	1.044590
1975.000000	1.029190
1975.083333	1.316250
1975.166667	1.345150
1975.250000	1.627360
1975.333333	1.364540
1975.416667	1.434010
1975.500000	1.465150
1975.583333	1.748770
1975.666667	1.351370
1975.750000	1.363800
1975.833333	1.188750
1975.916667	1.095230
1976.000000	1.063280
1976.083333	0.816708
1976.166667	0.760653
1976.250000	0.433023
1976.333333	0.317991
1976.416667	0.470457
1976.500000	0.115208
1976.583333	0.243120
1976.666667	0.349970
1976.750000	0.606291
1976.833333	0.038700
1976.916667	-0.120077
1977.000000	-0.300047
1977.083333	-0.116882
1977.166667	-0.137737
1977.250000	-0.481216
1977.333333	-0.471336
1977.416667	-0.841488
1977.500000	-1.237550
1977.583333	-0.894754
1977.666667	-0.569117
1977.750000	-0.312452
1977.833333	-0.164358
1977.916667	-0.324291
1978.000000	-0.378517
1978.083333	-0.092000
1978.166667	-0.096800
1978.250000	-0.100122
1978.333333	-0.432688
1978.416667	-0.203047
1978.500000	-0.157608
1978.583333	-0.594566
1978.666667	-0.469555
1978.750000	-0.533287
1978.833333	-0.652897
1978.916667	-0.862843
1979.000000	-1.064160
1979.083333	-0.781080
1979.166667	-0.652309
1979.250000	-0.621172
1979.333333	-0.524712
1979.416667	-0.412828
1979.500000	-0.322638
1979.583333	-0.335932
1979.666667	-0.655188
1979.750000	-0.357225
1979.833333	-0.532324
1979.916667	-0.092600
1980.000000	-0.178360
1980.083333	-0.043300
1980.166667	0.216492
1980.250000	0.222431
1980.333333	0.241312
1980.416667	-0.010800
1980.500000	0.098600
1980.583333	-0.010600
1980.666667	-0.450747
1980.750000	-0.249142
1980.833333	-0.136555
1980.916667	-0.297867
1981.000000	-0.386461
1981.083333	-0.184742
1981.166667	-0.206442
1981.250000	-0.164751
1981.333333	-0.351646
1981.416667	-0.253265
1981.500000	-0.713396
1981.583333	-0.791409
1981.666667	-0.422583
1981.750000	-0.451424
1981.833333	0.211533
1981.916667	-0.125347
1982.000000	-0.307917
1982.083333	0.002420
1982.166667	0.084800
1982.250000	0.218466
1982.333333	0.192890
1982.416667	0.412724
1982.500000	0.517471
1982.583333	0.583797
1982.666667	0.389109
1982.750000	0.507551
1982.833333	0.469097
1982.916667	0.393251
1983.000000	0.287523
1983.083333	0.104681
1983.166667	0.044000
1983.250000	0.092700
1983.333333	-0.123657
1983.416667	0.144039
1983.500000	0.237350
1983.583333	0.178007
1983.666667	0.094900
1983.750000	0.032400
1983.833333	-0.153572
1983.916667	-0.243464
1984.000000	-0.219458
1984.083333	-0.915390
1984.166667	-0.592472
1984.250000	-0.760078
1984.333333	-0.558542
1984.416667	-1.022930
1984.500000	-0.813997
1984.583333	-0.489918
1984.666667	-0.755320
1984.750000	-0.108858
1984.833333	0.096600
1984.916667	0.102503
1985.000000	0.235493
1985.083333	0.560337
1985.166667	0.589712
1985.250000	0.482439
1985.333333	0.754610
1985.416667	0.603510
1985.500000	0.627420
1985.583333	0.531214
1985.666667	0.422897
1985.750000	0.547989
1985.833333	0.742050
1985.916667	0.915504
1986.000000	0.868652
1986.083333	1.011710
1986.166667	0.933308
1986.250000	0.578169
1986.333333	0.335939
1986.416667	0.546200
1986.500000	0.501133
1986.583333	0.608490
1986.666667	0.574728
1986.750000	0.724621
1986.833333	0.673828
1986.916667	0.362669
1987.000000	0.478403
1987.083333	0.379473
1987.166667	0.286938
1987.250000	0.707573
1987.333333	0.771326
1987.416667	0.588448
1987.500000	0.588478
1987.583333	0.463627
1987.666667	0.484682
1987.750000	0.408569
1987.833333	0.576900
1987.916667	0.475750
1988.000000	0.661970
1988.083333	0.745619
1988.166667	1.013600
1988.250000	1.117490
1988.333333	0.892685
1988.416667	0.568447
1988.500000	0.487787
1988.583333	0.112717
1988.666667	-0.191628
1988.750000	-0.025900
1988.833333	-0.019200
1988.916667	-0.117308
1989.000000	-0.465395
1989.083333	-0.700262
1989.166667	-0.392769
1989.250000	-0.783854
1989.333333	-0.614157
1989.416667	-1.096700
1989.500000	-1.429310
1989.583333	-1.252400
1989.666667	-1.064920
1989.750000	-1.056480
1989.833333	-0.955858
1989.916667	-0.761786
1990.000000	-0.750824
1990.083333	-0.176411
1990.166667	-0.525343
1990.250000	-0.112469
1990.333333	0.031000
1990.416667	0.158289
1990.500000	-0.046700
1990.583333	-0.128326
1990.666667	0.145582
1990.750000	0.171129
1990.833333	0.150724
1990.916667	0.023600
1991.000000	0.050500
1991.083333	0.114458
1991.166667	0.225172
1991.250000	0.164507
1991.333333	0.434212
1991.416667	0.162798
1991.500000	0.250362
1991.583333	0.543056
1991.666667	0.623432
1991.750000	0.583187
1991.833333	0.065600
1991.916667	0.466063
1992.000000	0.072500
1992.083333	0.127644
1992.166667	0.031200
1992.250000	0.089400
1992.333333	0.222584
1992.416667	0.076100
1992.500000	-0.060400
1992.583333	-0.246458
1992.666667	-0.236483
1992.750000	-0.177217
1992.833333	-0.480053
1992.916667	-0.367498
1993.000000	-0.686691
1993.083333	-0.567802
1993.166667	-1.128790
1993.250000	-0.911381
1993.333333	-0.830463
1993.416667	-0.906637
1993.500000	-0.678019
1993.583333	-0.445011
1993.666667	-0.205488
1993.750000	-0.173500
1993.833333	-0.084300
1993.916667	0.029600
1994.000000	-0.063400
1994.083333	-0.143686
1994.166667	-0.491060
1994.250000	-0.402920
1994.333333	-0.349125
1994.416667	-0.370184
1994.500000	-0.416611
1994.583333	-0.280859
1994.666667	-0.266706
1994.750000	-0.080400
1994.833333	-0.011800
1994.916667	-0.403299
1995.000000	-0.605278
1995.083333	-0.888128
1995.166667	-0.587013
1995.250000	-0.282999
1995.333333	-0.311945
1995.416667	0.246538
1995.500000	0.058400
1995.583333	0.208431
1995.666667	0.215998
1995.750000	0.183041
1995.833333	0.198996
1995.916667	0.335062
1996.000000	0.185608
1996.083333	0.150221
1996.166667	0.027600
1996.250000	-0.091300
1996.333333	-0.128719
1996.416667	-0.543831
1996.500000	-0.675112
1996.583333	-0.587070
1996.666667	-0.768162
1996.750000	-0.733835
1996.833333	-0.248110
1996.916667	-0.067600
1997.000000	-0.013400
1997.083333	0.309370
1997.166667	0.389023
1997.250000	0.555273
1997.333333	0.417391
1997.416667	0.763762
1997.500000	0.723244
1997.583333	0.558149
1997.666667	0.858126
1997.750000	0.658722
1997.833333	0.641329
1997.916667	0.642118
1998.000000	0.224022
1998.083333	0.202723
1998.166667	0.527382
1998.250000	0.530621
1998.333333	0.461670
1998.416667	0.287382
1998.500000	0.240438
1998.583333	0.400249
1998.666667	0.068900
1998.750000	-0.304150
1998.833333	-0.076100
1998.916667	0.171875
1999.000000	-0.130873
1999.083333	-0.357273
1999.166667	-0.341839
1999.250000	-0.557102
1999.333333	-0.092000
1999.416667	-0.154669
1999.500000	-0.339907
1999.583333	0.053600
1999.666667	0.066100
1999.750000	-0.228178
1999.833333	-0.109777
1999.916667	0.059000
2000.000000	-0.261848
2000.083333	-0.185556
2000.166667	0.021300
2000.250000	-0.026100
2000.333333	0.011600
2000.416667	-0.084000
2000.500000	0.079600
2000.583333	0.061800
2000.666667	0.340631
2000.750000	-0.115774
2000.833333	-0.496639
2000.916667	-0.585087
2001.000000	-0.052900
2001.083333	-0.268671
2001.166667	-0.393465
2001.250000	-0.219862
2001.333333	-0.122147
2001.416667	-0.594843
2001.500000	-0.679090
2001.583333	-0.451365
2001.666667	-0.394550
2001.750000	-0.470169
2001.833333	-0.792437
2001.916667	-0.634598
2002.000000	-0.763445
2002.083333	-0.659857
2002.166667	-0.170753
2002.250000	-0.154856
2002.333333	0.049800
2002.416667	0.340952
2002.500000	0.493208
2002.583333	0.548389
2002.666667	0.650061
2002.750000	0.699986
2002.833333	0.570293
2002.916667	0.997187
2003.000000	0.880875
2003.083333	0.769686
2003.166667	0.360250
2003.250000	0.527243
2003.333333	0.499233
2003.416667	0.494238
2003.500000	0.078800
2003.583333	0.062900
2003.666667	-0.319353
2003.750000	-0.034700
2003.833333	-0.065600
2003.916667	0.016500
2004.000000	0.045400
2004.083333	-0.236692
2004.166667	0.010200
2004.250000	0.171963
2004.333333	0.078700
2004.416667	0.114521
2004.500000	-0.126547
2004.583333	-0.168722
2004.666667	-0.177334
2004.750000	-0.335115
2004.833333	-0.521833
2004.916667	-0.517107
2005.000000	-0.817905
2005.083333	-0.857168
2005.166667	-0.510736
2005.250000	-0.155655
2005.333333	-0.110302
2005.416667	-0.130257
2005.500000	-0.210470
2005.583333	-0.160488
2005.666667	0.004330
2005.750000	-0.178322
2005.833333	-0.699997
2005.916667	-0.720793
2006.000000	-0.995537
2006.083333	-0.728989
2006.166667	-1.011220
2006.250000	-0.846941
2006.333333	-0.833668
2006.416667	-0.839678
2006.500000	-1.267420
2006.583333	-0.853813
2006.666667	-0.970245
2006.750000	-0.824175
2006.833333	-0.923695
2006.916667	-0.761391
2007.000000	-0.641668
2007.083333	-1.137710
2007.166667	-0.821508
2007.250000	-0.444571
2007.333333	-0.355000
2007.416667	-0.312286
2007.500000	-0.157381
2007.583333	-0.117838
2007.666667	0.101107
2007.750000	0.247782
2007.833333	0.072100
2007.916667	0.486158
2008.000000	0.511572
2008.083333	0.674383
2008.166667	0.557148
2008.250000	0.931551
2008.333333	0.997189
2008.416667	0.733805
2008.500000	0.840473
2008.583333	0.602943
2008.666667	0.659058
2008.750000	0.707529
2008.833333	0.941105
2008.916667	1.093560
2009.000000	1.099210
2009.083333	0.854364
2009.166667	0.915777
2009.250000	0.804995
2009.333333	1.043940
2009.416667	0.665268
2009.500000	0.341583
2009.583333	0.353479
2009.666667	0.351292
2009.750000	0.168228
2009.833333	0.338621
2009.916667	0.370581
2010.000000	0.632595
2010.083333	0.821108
2010.166667	0.979942
2010.250000	0.717703
2010.333333	0.434639
2010.416667	0.319033
2010.500000	0.421793
2010.583333	0.565147
2010.666667	0.711348
2010.750000	0.774151
2010.833333	0.691578
2010.916667	0.649332
2011.000000	0.338840
2011.083333	0.470922
2011.166667	0.386469
2011.250000	0.579502
2011.333333	0.624792
2011.416667	0.517805
2011.500000	0.468872
2011.583333	0.428207
2011.666667	0.445942
2011.750000	0.310972
2011.833333	0.306026
2011.916667	0.361370
2012.000000	0.404491
2012.083333	0.368952
2012.166667	0.234478
2012.250000	0.198097
2012.333333	-0.288927
2012.416667	-0.219618
2012.500000	-0.033100
2012.583333	0.072500
2012.666667	0.233383
2012.750000	0.210901
2012.833333	0.541857
2012.916667	0.887989
2013.000000	1.088260
2013.083333	0.738121
2013.166667	0.668453
2013.250000	0.766365
2013.333333	0.579082
2013.416667	0.468752
2013.500000	0.355093
2013.583333	-0.041500
2013.666667	0.029100
2013.750000	-0.090400
2013.833333	-0.412182
2013.916667	-0.129953
2014.000000	-0.126278
2014.083333	-0.489479
2014.166667	-0.668575
2014.250000	-0.397972
2014.333333	-0.026600
2014.416667	-0.158140
2014.500000	0.013800
2014.583333	-0.105925
2014.666667	-0.233130
2014.750000	-0.484552
2014.833333	-0.471720
2014.916667	-0.831472
2015.000000	-0.639145
2015.083333	-0.678522
2015.166667	-0.499332
2015.250000	-0.130447
2015.333333	-0.699957
2015.416667	-0.612913
2015.500000	-0.175091
2015.583333	-0.238758
2015.666667	0.023800
2015.750000	-0.146500
2015.833333	0.140522
2015.916667	-0.091800
2016.000000	0.273563
2016.083333	0.468248
2016.166667	0.489454
2016.250000	0.528692
2016.333333	0.502075
2016.416667	0.256866
2016.500000	-0.115290
2016.583333	0.181791
2016.666667	0.083000
2016.750000	-0.050700
2016.833333	-0.002530
2016.916667	-0.268929
2017.000000	-0.261557
2017.083333	-0.684208
2017.166667	-1.114070
2017.250000	-0.953732
2017.333333	-1.247730
2017.416667	-1.339370
2017.500000	-1.283060
2017.583333	-0.890703
2017.666667	-1.027790
2017.750000	-0.916927
2017.833333	-0.725227
2017.916667	-0.702694
2018.000000	-0.371712
2018.083333	-0.379066
2018.166667	-0.306707
2018.250000	-0.539799
2018.333333	-0.353018
2018.416667	-0.137159
2018.500000	-0.017800
2018.583333	-0.119743
2018.666667	0.200230
2018.750000	-0.027000
2018.833333	-0.337603
2018.916667	-0.059700
2019.000000	0.103907
2019.083333	-0.053400
2019.166667	-0.379366
2019.250000	-0.439489
2019.333333	-0.424742
2019.416667	-0.335217
2019.500000	-0.101063
2019.583333	-0.349428
2019.666667	-0.573196
2019.750000	-0.306545
2019.833333	-0.410257
2019.916667	0.078400
2020.000000	0.227430
2020.083333	0.582394
2020.166667	0.466522
2020.250000	0.461535
2020.333333	0.584806
2020.416667	0.549219
2020.500000	0.550022
2020.583333	0.594238
2020.666667	0.751850
2020.750000	0.884672
2020.833333	0.787943
2020.916667	0.700338
2021.000000	0.771145
2021.083333	0.633493
2021.166667	0.700525
2021.250000	0.638138
2021.333333	0.889381
2021.416667	0.966913
2021.500000	0.888802
2021.583333	0.767878
2021.666667	0.743359
2021.750000	0.508883
2021.833333	0.668922
2021.916667	0.654657
2022.000000	0.646378
2022.083333	0.525501
