1880.000000	-0.915390
1880.083333	-0.800501
1880.166667	-0.678171
1880.250000	-0.791143
1880.333333	-0.560526
1880.416667	-0.651646
1880.500000	-0.355000
1880.583333	0.072500
1880.666667	0.216492
1880.750000	0.188131
1880.833333	0.417391
1880.916667	0.471092
1881.000000	0.046000
1881.083333	0.037300
1881.166667	0.271580
1881.250000	0.493208
1881.333333	0.235493
1881.416667	0.004030
1881.500000	0.287382
1881.583333	0.562168
1881.666667	0.310921
1881.750000	0.545094
1881.833333	0.719313
1881.916667	0.691578
1882.000000	0.864809
1882.083333	0.915504
1882.166667	0.899563
1882.250000	0.949575
1882.333333	0.700338
1882.416667	0.217426
1882.500000	-0.377350
1882.583333	-0.043300
1882.666667	-0.311575
1882.750000	-0.289688
1882.833333	-0.191000
1882.916667	-0.339918
1883.000000	-0.204071
1883.083333	-0.147966
1883.166667	-0.108858
1883.250000	-0.437403
1883.333333	-0.621172
1883.416667	-0.611362
1883.500000	-0.701941
1883.583333	-0.579697
1883.666667	-0.894754
1883.750000	-1.064160
1883.833333	-1.022930
1883.916667	-0.916927
1884.000000	-1.064920
1884.083333	-0.910698
1884.166667	-0.911381
1884.250000	-0.633739
1884.333333	-0.760942
1884.416667	-0.675112
1884.500000	-0.420042
1884.583333	-0.131937
1884.666667	0.161003
1884.750000	0.049300
1884.833333	0.078400
1884.916667	-0.021600
1885.000000	-0.143150
1885.083333	0.017700
1885.166667	0.319685
1885.250000	0.211533
1885.333333	0.346422
1885.416667	0.414425
1885.500000	0.094300
1885.583333	0.291063
1885.666667	-0.130447
1885.750000	0.037800
1885.833333	-0.093300
1885.916667	0.018200
1886.000000	0.011600
1886.083333	-0.332428
1886.166667	-0.091800
1886.250000	0.043500
1886.333333	-0.154669
1886.416667	-0.261848
1886.500000	-0.466616
1886.583333	0.023600
1886.666667	-0.634598
1886.750000	-0.594843
1886.833333	-0.218643
1886.916667	-0.678545
1887.000000	-0.681273
1887.083333	-0.416611
1887.166667	-0.106131
1887.250000	-0.177069
1887.333333	-0.119743
1887.416667	0.120598
1887.500000	-0.097500
1887.583333	-0.305962
1887.666667	-0.104662
1887.750000	-0.488268
1887.833333	-0.672483
1887.916667	-0.254438
1888.000000	-0.034700
1888.083333	-0.269091
1888.166667	-0.209196
1888.250000	-0.144463
1888.333333	-0.094500
1888.416667	0.255548
1888.500000	0.635902
1888.583333	0.771326
1888.666667	1.059610
1888.750000	1.099210
1888.833333	0.969748
1888.916667	1.045770
1889.000000	1.274690
1889.083333	1.316250
1889.166667	1.748770
1889.250000	1.363800
1889.333333	0.951128
1889.416667	0.685472
1889.500000	0.737772
1889.583333	0.171875
1889.666667	-0.002960
1889.750000	-0.130873
1889.833333	-0.063600
1889.916667	-0.841787
1890.000000	-0.725227
1890.083333	-0.686691
1890.166667	-0.543831
1890.250000	-0.693699
1890.333333	-0.510736
1890.416667	-0.699997
1890.500000	-0.791409
1890.583333	-1.136550
1890.666667	-0.869825
1890.750000	-0.819403
1890.833333	-0.763445
1890.916667	-0.758648
1891.000000	-0.669607
1891.083333	-0.724222
1891.166667	-0.708616
1891.250000	-0.417677
1891.333333	-0.185556
1891.416667	0.027600
1891.500000	0.072500
1891.583333	-0.010800
1891.666667	0.229368
1891.750000	0.428207
1891.833333	0.646378
1891.916667	0.730099
1892.000000	0.747952
1892.083333	0.784855
1892.166667	0.968655
1892.250000	0.811516
1892.333333	0.608490
1892.416667	0.582394
1892.500000	0.543056
1892.583333	0.673828
1892.666667	0.641329
1892.750000	0.582874
1892.833333	0.393251
1892.916667	0.529966
1893.000000	0.659058
1893.083333	0.675823
1893.166667	0.317833
1893.250000	0.738121
1893.333333	0.879967
1893.416667	1.026070
1893.500000	1.101520
1893.583333	1.434010
1893.666667	1.465150
1893.750000	1.364540
1893.833333	1.117490
1893.916667	0.884672
1894.000000	0.707529
1894.083333	0.842028
1894.166667	0.845602
1894.250000	0.648926
1894.333333	0.441248
1894.416667	0.449232
1894.500000	0.379513
1894.583333	0.527382
1894.666667	0.332842
1894.750000	0.164507
1894.833333	0.094900
1894.916667	0.264668
1895.000000	-0.232677
1895.083333	-0.283108
1895.166667	-0.350998
1895.250000	-0.017200
1895.333333	-0.476328
1895.416667	-0.173159
1895.500000	-0.086600
1895.583333	-0.161209
1895.666667	0.139153
1895.750000	-0.129953
1895.833333	-0.017000
1895.916667	0.096600
1896.000000	-0.185617
1896.083333	-0.133812
1896.166667	-0.168159
1896.250000	0.011300
1896.333333	-0.482489
1896.416667	-0.300762
1896.500000	-0.138437
1896.583333	0.018700
1896.666667	-0.126278
1896.750000	-0.020300
1896.833333	0.331900
1896.916667	0.327902
1897.000000	0.338621
1897.083333	0.102503
1897.166667	0.310972
1897.250000	0.326180
1897.333333	0.434639
1897.416667	0.588478
1897.500000	0.191463
1897.583333	0.190321
1897.666667	0.063800
1897.750000	0.140522
1897.833333	0.256866
1897.916667	0.329395
1898.000000	0.115145
1898.083333	-0.386461
1898.166667	0.035100
1898.250000	-0.112440
1898.333333	-0.268671
1898.416667	0.178007
1898.500000	-0.033100
1898.583333	-0.150518
1898.666667	-0.091300
1898.750000	-0.318735
1898.833333	-0.203047
1898.916667	0.198097
1899.000000	0.130362
1899.083333	0.163248
1899.166667	0.208431
1899.250000	0.481377
1899.333333	0.734882
1899.416667	0.584396
1899.500000	0.461388
1899.583333	0.548389
1899.666667	0.935221
1899.750000	0.760653
1899.833333	0.963915
1899.916667	1.188750
1900.000000	1.341180
1900.083333	1.088260
1900.166667	1.222280
1900.250000	1.011710
1900.333333	0.984941
1900.416667	0.840473
1900.500000	1.015080
1900.583333	0.977167
1900.666667	1.062660
1900.750000	1.351370
1900.833333	0.997187
1900.916667	1.204390
1901.000000	0.805683
1901.083333	0.816708
1901.166667	0.950615
1901.250000	0.569754
1901.333333	0.351292
1901.416667	0.386223
1901.500000	0.083000
1901.583333	0.332170
1901.666667	0.163742
1901.750000	-0.092600
1901.833333	0.250002
1901.916667	-0.010600
1902.000000	0.217014
1902.083333	0.484682
1902.166667	0.299917
1902.250000	0.589712
1902.333333	0.487787
1902.416667	0.316179
1902.500000	0.491039
1902.583333	0.399408
1902.666667	0.541857
1902.750000	0.577875
1902.833333	0.353479
1902.916667	0.549219
1903.000000	0.456470
1903.083333	0.258038
1903.166667	0.468872
1903.250000	-0.016800
1903.333333	-0.185074
1903.416667	0.033000
1903.500000	0.105272
1903.583333	-0.020500
1903.666667	-0.178322
1903.750000	-0.471336
1903.833333	-0.423918
1903.916667	-0.407379
1904.000000	-0.324291
1904.083333	0.017500
1904.166667	0.016500
1904.250000	-0.160368
1904.333333	0.048900
1904.416667	-0.400970
1904.500000	-0.036900
1904.583333	0.031200
1904.666667	0.361370
1904.750000	0.787943
1904.833333	0.620508
1904.916667	0.370363
1905.000000	0.466522
1905.083333	0.589745
1905.166667	0.685646
1905.250000	0.771145
1905.333333	0.852755
1905.416667	0.805540
1905.500000	1.011210
1905.583333	0.700525
1905.666667	0.557169
1905.750000	0.244673
1905.833333	0.128363
1905.916667	0.295702
1906.000000	0.069700
1906.083333	-0.012100
1906.166667	0.130865
1906.250000	0.029400
1906.333333	0.311857
1906.416667	0.045400
1906.500000	-0.246458
1906.583333	-0.156406
1906.666667	-0.206442
1906.750000	0.144039
1906.833333	0.206512
1906.916667	0.469097
1907.000000	0.404228
1907.083333	0.347883
1907.166667	0.050500
1907.250000	0.171875
1907.333333	-0.304150
1907.416667	-0.199261
1907.500000	-0.364590
1907.583333	-0.255747
1907.666667	-0.240967
1907.750000	-0.445011
1907.833333	-0.557102
1907.916667	-0.733835
1908.000000	-0.525171
1908.083333	-0.282038
1908.166667	-0.667940
1908.250000	-0.533287
1908.333333	-0.776377
1908.416667	-0.396858
1908.500000	-0.813997
1908.583333	-0.571922
1908.666667	-0.659857
1908.750000	-0.473488
1908.833333	-0.652897
1908.916667	-0.241016
1909.000000	-0.147568
1909.083333	-0.375040
1909.166667	-0.019200
1909.250000	-0.060700
1909.333333	-0.218042
1909.416667	-0.215742
1909.500000	-0.392769
1909.583333	-0.626438
1909.666667	-0.499620
1909.750000	-0.402920
1909.833333	-0.516230
1909.916667	-0.080400
1910.000000	0.113955
1910.083333	0.225172
1910.166667	0.255842
1910.250000	0.470922
1910.333333	0.453922
1910.416667	0.306562
1910.500000	0.100510
1910.583333	0.101898
1910.666667	0.117813
1910.750000	0.243120
1910.833333	0.023800
1910.916667	0.355093
1911.000000	0.579082
1911.083333	0.621025
1911.166667	0.731400
1911.250000	1.029190
1911.333333	0.889381
1911.416667	0.887989
1911.500000	0.668453
1911.583333	0.642118
1911.666667	0.446548
1911.750000	0.370581
1911.833333	0.126423
1911.916667	0.188850
1912.000000	0.018200
1912.083333	-0.205488
1912.166667	-0.135668
1912.250000	0.089400
1912.333333	0.434212
1912.416667	0.429342
1912.500000	0.423056
1912.583333	0.475512
1912.666667	0.150724
1912.750000	0.010200
1912.833333	-0.450357
1912.916667	-0.678352
1913.000000	-0.683119
1913.083333	-0.862341
1913.166667	-1.322700
1913.250000	-1.464280
1913.333333	-1.361630
1913.416667	-1.118120
1913.500000	-0.908010
1913.583333	-1.009650
1913.666667	-0.906637
1913.750000	-1.011220
1913.833333	-0.586317
1913.916667	-0.175135
1914.000000	-0.450130
1914.083333	-0.123697
1914.166667	-0.053700
1914.250000	-0.601936
1914.333333	-0.585087
1914.416667	-1.001140
1914.500000	-0.842806
1914.583333	-0.857168
1914.666667	-1.027790
1914.750000	-0.794970
1914.833333	-1.243110
1914.916667	-0.846941
1915.000000	-0.987198
1915.083333	-0.830463
1915.166667	-0.633368
1915.250000	-0.499332
1915.333333	-0.168459
1915.416667	-0.092000
1915.500000	0.273563
1915.583333	-0.164358
1915.666667	-0.256430
1915.750000	0.127934
1915.833333	0.286938
1915.916667	0.608543
1916.000000	0.643648
1916.083333	0.668922
1916.166667	0.461535
1916.250000	0.624250
1916.333333	0.335939
1916.416667	0.353495
1916.500000	0.421793
1916.583333	0.519596
1916.666667	0.882776
1916.750000	0.569468
1916.833333	0.723244
1916.916667	0.730839
1917.000000	0.565147
1917.083333	0.601410
1917.166667	0.610512
1917.250000	0.502075
1917.333333	0.387300
1917.416667	0.385933
1917.500000	0.567675
1917.583333	0.066100
1917.666667	0.168732
1917.750000	-0.084000
1917.833333	-0.013400
1917.916667	-0.306707
1918.000000	-0.439381
1918.083333	-0.625483
1918.166667	-0.531214
1918.250000	-0.526957
1918.333333	-0.728989
1918.416667	-0.495399
1918.500000	-0.614157
1918.583333	-0.470169
1918.666667	-0.378517
1918.750000	-0.386648
1918.833333	-0.481836
1918.916667	-0.769482
1919.000000	-0.658680
1919.083333	-0.525343
1919.166667	-0.238758
1919.250000	-0.097700
1919.333333	-0.342169
1919.416667	-0.157381
1919.500000	-0.560396
1919.583333	-0.583450
1919.666667	-0.045800
1919.750000	-0.190975
1919.833333	0.065100
1919.916667	0.419872
1920.000000	0.510427
1920.083333	0.769686
1920.166667	0.953033
1920.250000	0.699842
1920.333333	0.911776
1920.416667	0.754700
1920.500000	0.915777
1920.583333	0.880875
1920.666667	0.903513
1920.750000	0.560337
1920.833333	0.482439
1920.916667	0.426792
1921.000000	0.414484
1921.083333	0.530621
1921.166667	0.888802
1921.250000	0.465168
1921.333333	0.316862
1921.416667	0.349970
1921.500000	0.234478
1921.583333	0.404491
1921.666667	0.524033
1921.750000	0.243250
1921.833333	0.059000
1921.916667	0.220387
1922.000000	0.327957
1922.083333	0.422897
1922.166667	0.099800
1922.250000	0.264223
1922.333333	0.461670
1922.416667	0.458832
1922.500000	0.764935
1922.583333	0.377979
1922.666667	0.341583
1922.750000	0.484077
1922.833333	0.707573
1922.916667	0.385500
1923.000000	0.317991
1923.083333	0.127644
1923.166667	0.374149
1923.250000	0.543753
1923.333333	0.189762
1923.416667	0.042500
1923.500000	0.021700
1923.583333	0.045900
1923.666667	-0.139738
1923.750000	-0.052900
1923.833333	-0.012200
1923.916667	-0.379366
1924.000000	-0.691088
1924.083333	-0.439489
1924.166667	-0.499434
1924.250000	-0.535402
1924.333333	-0.530031
1924.416667	-0.175091
1924.500000	-0.444283
1924.583333	-0.274031
1924.666667	-0.159929
1924.750000	-0.418867
1924.833333	-0.055300
1924.916667	-0.136555
1925.000000	0.386803
1925.083333	0.245539
1925.166667	0.419317
1925.250000	0.918829
1925.333333	0.645758
1925.416667	0.525913
1925.500000	0.581682
1925.583333	0.145582
1925.666667	0.326183
1925.750000	-0.076600
1925.833333	-0.143686
1925.916667	-0.376572
1926.000000	-0.182678
1926.083333	-0.137737
1926.166667	0.168228
1926.250000	-0.425159
1926.333333	-0.177334
1926.416667	-0.481422
1926.500000	-0.300047
1926.583333	-0.463078
1926.666667	-0.593559
1926.750000	-0.859863
1926.833333	-0.877728
1926.916667	-0.700262
1927.000000	-0.678019
1927.083333	-0.499672
1927.166667	-0.273327
1927.250000	-0.301498
1927.333333	-0.357225
1927.416667	-0.445795
1927.500000	-0.450747
1927.583333	-0.494780
1927.666667	-0.492138
1927.750000	-0.403299
1927.833333	-0.249142
1927.916667	-0.111061
1928.000000	-0.336699
1928.083333	0.029500
1928.166667	-0.156368
1928.250000	-0.090400
1928.333333	-0.392607
1928.416667	-0.561333
1928.500000	-0.629927
1928.583333	-0.519888
1928.666667	-0.831472
1928.750000	-0.247107
1928.833333	-0.567802
1928.916667	-0.527050
1929.000000	-0.814001
1929.083333	-0.708469
1929.166667	-0.551647
1929.250000	-0.664165
1929.333333	-0.647127
1929.416667	-0.641668
1929.500000	-0.761786
1929.583333	-0.655188
1929.666667	-0.172575
1929.750000	-0.154856
1929.833333	0.283873
1929.916667	0.618378
1930.000000	0.531214
1930.083333	0.772917
1930.166667	0.745012
1930.250000	0.756641
1930.333333	0.612003
1930.416667	0.864479
1930.500000	0.791462
1930.583333	0.854364
1930.666667	0.750347
1930.750000	0.475750
1930.833333	0.634483
1930.916667	0.305984
1931.000000	0.010800
1931.083333	0.042600
1931.166667	0.220005
1931.250000	-0.293608
1931.333333	-0.451424
1931.416667	-0.587013
1931.500000	-0.600857
1931.583333	-0.568848
1931.666667	-0.145367
1931.750000	-0.259727
1931.833333	-0.282999
1931.916667	0.154823
1932.000000	0.112717
1932.083333	0.413559
1932.166667	0.550022
1932.250000	0.717703
1932.333333	0.745619
1932.416667	0.633493
1932.500000	0.536112
1932.583333	0.661970
1932.666667	0.555403
1932.750000	0.579502
1932.833333	0.648098
1932.916667	0.878399
1933.000000	0.953503
1933.083333	0.972570
1933.166667	0.868652
1933.250000	0.988123
1933.333333	0.683764
1933.416667	0.211718
1933.500000	0.026500
1933.583333	0.092700
1933.666667	-0.071300
1933.750000	0.005250
1933.833333	0.063100
1933.916667	-0.163305
1934.000000	-0.332033
1934.083333	-0.521833
1934.166667	-0.718876
1934.250000	-0.835871
1934.333333	-0.894754
1934.416667	-0.679090
1934.500000	-0.839678
1934.583333	-0.817905
1934.666667	-0.397972
1934.750000	-0.002530
1934.833333	-0.168722
1934.916667	-0.110302
1935.000000	-0.067600
1935.083333	0.310078
1935.166667	0.038700
1935.250000	-0.077100
1935.333333	-0.026900
1935.416667	0.040100
1935.500000	0.219593
1935.583333	0.345158
1935.666667	0.062900
1935.750000	-0.028800
1935.833333	-0.009800
1935.916667	0.342417
1936.000000	0.437140
1936.083333	0.200230
1936.166667	-0.233028
1936.250000	-0.240086
1936.333333	-0.189085
1936.416667	-0.298882
1936.500000	-0.213678
1936.583333	-0.059800
1936.666667	-0.288660
1936.750000	-0.221310
1936.833333	0.061800
1936.916667	0.210098
1937.000000	0.316128
1937.083333	0.389023
1937.166667	0.445513
1937.250000	0.202272
1937.333333	0.222584
1937.416667	0.002190
1937.500000	0.116283
1937.583333	0.177343
1937.666667	-0.060100
1937.750000	0.043100
1937.833333	0.044000
1937.916667	0.076500
1938.000000	0.080500
1938.083333	-0.228947
1938.166667	-0.187952
1938.250000	-0.792437
1938.333333	-0.852688
1938.416667	-0.694647
1938.500000	-0.781080
1938.583333	-1.022200
1938.666667	-1.126280
1938.750000	-0.931534
1938.833333	-0.953732
1938.916667	-1.077080
1939.000000	-1.220550
1939.083333	-0.682079
1939.166667	-0.605278
1939.250000	-0.199903
1939.333333	-0.589043
1939.416667	-0.060100
1939.500000	-0.160488
1939.583333	0.186718
1939.666667	0.268480
1939.750000	0.306026
1939.833333	0.360250
1939.916667	0.368952
1940.000000	0.114521
1940.083333	0.105331
1940.166667	-0.341839
1940.250000	-0.108320
1940.333333	-0.153572
1940.416667	-0.357342
1940.500000	-0.334044
1940.583333	-0.253265
1940.666667	-0.436928
1940.750000	-0.184792
1940.833333	-0.199284
1940.916667	-0.112469
1941.000000	-0.163702
1941.083333	-0.513103
1941.166667	-0.432631
1941.250000	-0.584196
1941.333333	-0.723131
1941.416667	-1.201690
1941.500000	-0.868608
1941.583333	-0.760590
1941.666667	-0.532324
1941.750000	-0.167267
1941.833333	-0.080100
1941.916667	0.109205
1942.000000	0.284231
1942.083333	0.145092
1942.166667	0.487907
1942.250000	0.269119
1942.333333	0.086500
1942.416667	0.254641
1942.500000	0.309298
1942.583333	0.189859
1942.666667	0.090900
1942.750000	-0.005860
1942.833333	-0.335209
1942.916667	-0.165211
1943.000000	-0.280859
1943.083333	-0.430758
1943.166667	0.009630
1943.250000	0.021500
1943.333333	0.139545
1943.416667	0.018800
1943.500000	0.021300
1943.583333	-0.207109
1943.666667	-0.223448
1943.750000	-0.355633
1943.833333	-0.587070
1943.916667	-0.287352
1944.000000	-0.057400
1944.083333	-0.171328
1944.166667	0.212360
1944.250000	0.098500
1944.333333	0.335062
1944.416667	0.029100
1944.500000	-0.043000
1944.583333	-0.119083
1944.666667	0.003830
1944.750000	0.110043
1944.833333	0.227430
1944.916667	0.215471
1945.000000	0.603510
1945.083333	0.322048
1945.166667	0.578169
1945.250000	0.777977
1945.333333	0.821108
1945.416667	0.979942
1945.500000	1.166960
1945.583333	0.931551
1945.666667	1.032680
1945.750000	0.894083
1945.833333	0.478403
1945.916667	0.606291
1946.000000	0.595284
1946.083333	0.691267
1946.166667	0.262993
1946.250000	0.575523
1946.333333	0.508373
1946.416667	0.510031
1946.500000	0.494238
1946.583333	0.649332
1946.666667	0.146893
1946.750000	0.218466
1946.833333	0.371477
1946.916667	0.105753
1947.000000	-0.172457
1947.083333	-0.089800
1947.166667	-0.149883
1947.250000	-0.554298
1947.333333	-0.270264
1947.416667	-0.539778
1947.500000	-0.661774
1947.583333	-0.599531
1947.666667	-0.609152
1947.750000	-0.879477
1947.833333	-0.698412
1947.916667	-0.760078
1948.000000	-0.367498
1948.083333	-0.515739
1948.166667	-0.405857
1948.250000	-0.063200
1948.333333	0.051100
1948.416667	0.243853
1948.500000	0.513275
1948.583333	0.763762
1948.666667	0.759832
1948.750000	0.757158
1948.833333	0.858126
1948.916667	0.884295
1949.000000	0.784868
1949.083333	0.828732
1949.166667	0.768970
1949.250000	0.893414
1949.333333	0.812721
1949.416667	0.754610
1949.500000	0.379473
1949.583333	0.213198
1949.666667	0.120726
1949.750000	0.284239
1949.833333	-0.026100
1949.916667	-0.115290
1950.000000	0.001330
1950.083333	-0.422583
1950.166667	-0.510561
1950.250000	-0.382591
1950.333333	-0.668575
1950.416667	-0.890703
1950.500000	-0.889196
1950.583333	-0.873308
1950.666667	-0.667410
1950.750000	-0.539799
1950.833333	-0.170753
1950.916667	-0.293938
1951.000000	-0.025900
1951.083333	0.181263
1951.166667	0.455832
1951.250000	0.408569
1951.333333	0.825268
1951.416667	0.893002
1951.500000	0.911226
1951.583333	1.079630
1951.666667	0.665268
1951.750000	0.437178
1951.833333	0.048100
1951.916667	0.333677
1952.000000	0.276972
1952.083333	0.174089
1952.166667	0.134188
1952.250000	0.139780
1952.333333	0.091700
1952.416667	-0.100122
1952.500000	0.006010
1952.583333	-0.398655
1952.666667	-0.612913
1952.750000	-0.517107
1952.833333	-0.684208
1952.916667	-0.964277
1953.000000	-1.247730
1953.083333	-1.026680
1953.166667	-1.114600
1953.250000	-1.146220
1953.333333	-0.962166
1953.416667	-0.798618
1953.500000	-1.137710
1953.583333	-1.027160
1953.666667	-0.943409
1953.750000	-0.888128
1953.833333	-0.943489
1953.916667	-0.923695
1954.000000	-1.074890
1954.083333	-0.814379
1954.166667	-0.349428
1954.250000	-0.430704
1954.333333	-0.288927
1954.416667	-0.121767
1954.500000	-0.129763
1954.583333	-0.173500
1954.666667	-0.204111
1954.750000	-0.435911
1954.833333	-0.307917
1954.916667	-0.505421
1955.000000	-0.584677
1955.083333	-0.335932
1955.166667	-0.404888
1955.250000	-0.021500
1955.333333	-0.318108
1955.416667	-0.312452
1955.500000	-0.507856
1955.583333	-0.109777
1955.666667	-0.375978
1955.750000	-0.541246
1955.833333	-0.655317
1955.916667	-0.202217
1956.000000	-0.086800
1956.083333	-0.491060
1956.166667	-0.678522
1956.250000	-0.451365
1956.333333	0.076400
1956.416667	0.413992
1956.500000	0.492403
1956.583333	0.798479
1956.666667	0.701735
1956.750000	0.866032
1956.833333	1.013790
1956.916667	1.089620
1957.000000	1.058600
1957.083333	1.244880
1957.166667	0.827524
1957.250000	0.882710
1957.333333	0.546200
1957.416667	0.496563
1957.500000	0.389721
1957.583333	0.338840
1957.666667	0.627420
1957.750000	0.685198
1957.833333	0.632595
1957.916667	0.370832
1958.000000	0.285269
1958.083333	0.247782
1958.166667	0.408613
1958.250000	0.532703
1958.333333	0.623531
1958.416667	0.901335
1958.500000	1.063280
1958.583333	0.743359
1958.666667	0.805862
1958.750000	0.742594
1958.833333	0.427959
1958.916667	0.241312
1959.000000	0.053000
1959.083333	0.227877
1959.166667	0.179541
1959.250000	0.215799
1959.333333	0.371149
1959.416667	0.578247
1959.500000	0.222229
1959.583333	0.512911
1959.666667	0.354786
1959.750000	0.500431
1959.833333	0.727091
1959.916667	0.941105
1960.000000	1.044590
1960.083333	0.808283
1960.166667	0.769503
1960.250000	0.710199
1960.333333	0.729092
1960.416667	0.594238
1960.500000	0.699986
1960.583333	0.570293
1960.666667	0.354633
1960.750000	0.638138
1960.833333	0.489454
1960.916667	0.723417
1961.000000	0.319613
1961.083333	0.463840
1961.166667	0.445942
1961.250000	0.025800
1961.333333	0.150221
1961.416667	0.507387
1961.500000	0.126755
1961.583333	0.172260
1961.666667	0.021000
1961.750000	-0.151438
1961.833333	-0.098700
1961.916667	-0.125347
1962.000000	-0.128719
1962.083333	0.013800
1962.166667	0.015700
1962.250000	0.020800
1962.333333	0.147358
1962.416667	0.259565
1962.500000	0.021000
1962.583333	-0.065600
1962.666667	-0.230097
1962.750000	0.202091
1962.833333	0.181791
1962.916667	-0.031100
1963.000000	-0.060400
1963.083333	0.173433
1963.166667	0.282652
1963.250000	0.283678
1963.333333	0.543701
1963.416667	0.362669
1963.500000	0.507551
1963.583333	0.376068
1963.666667	0.576900
1963.750000	0.400249
1963.833333	0.419283
1963.916667	0.375433
1964.000000	0.515741
1964.083333	0.448673
1964.166667	0.652620
1964.250000	0.215998
1964.333333	0.015800
1964.416667	0.222431
1964.500000	0.072100
1964.583333	-0.316942
1964.666667	-0.316513
1964.750000	-0.476463
1964.833333	-0.619770
1964.916667	-0.853813
1965.000000	-0.640848
1965.083333	-0.371712
1965.166667	-0.146225
1965.250000	-0.446609
1965.333333	-0.332987
1965.416667	-0.268929
1965.500000	0.057500
1965.583333	-0.027000
1965.666667	-0.027000
1965.750000	0.236139
1965.833333	0.155146
1965.916667	0.413219
1966.000000	0.240011
1966.083333	0.096000
1966.166667	0.185457
1966.250000	0.192543
1966.333333	0.238903
1966.416667	0.654657
1966.500000	0.309725
1966.583333	0.162798
1966.666667	0.068900
1966.750000	0.004330
1966.833333	0.259684
1966.916667	-0.000650
1967.000000	0.309370
1967.083333	0.658722
1967.166667	0.752651
1967.250000	0.879990
1967.333333	0.673597
1967.416667	0.328493
1967.500000	-0.278162
1967.583333	-0.371460
1967.666667	-0.699957
1967.750000	-0.977102
1967.833333	-1.114070
1967.916667	-0.995537
1968.000000	-0.788435
1968.083333	-0.720793
1968.166667	-0.399054
1968.250000	-0.388037
1968.333333	-0.210470
1968.416667	-0.076900
1968.500000	0.033700
1968.583333	-0.041500
1968.666667	0.214422
1968.750000	0.463627
1968.833333	0.335180
1968.916667	0.535683
1969.000000	0.431313
1969.083333	0.574728
1969.166667	0.608152
1969.250000	0.339252
1969.333333	0.360893
1969.416667	0.203728
1969.500000	0.232119
1969.583333	-0.265453
1969.666667	0.129879
1969.750000	0.359623
1969.833333	0.183041
1969.916667	0.215076
1970.000000	0.038600
1970.083333	0.282982
1970.166667	0.281710
1970.250000	0.472403
1970.333333	0.583187
1970.416667	0.406548
1970.500000	0.310682
1970.583333	0.115208
1970.666667	-0.096800
1970.750000	-0.344568
1970.833333	-0.496639
1970.916667	-1.252400
1971.000000	-1.253730
1971.083333	-1.267420
1971.166667	-1.499570
1971.250000	-1.477860
1971.333333	-1.265540
1971.416667	-0.943964
1971.500000	-0.761391
1971.583333	-1.037260
1971.666667	-1.032200
1971.750000	-0.827118
1971.833333	-0.821508
1971.916667	-1.003670
1972.000000	-0.643467
1972.083333	-0.252537
1972.166667	-0.261557
1972.250000	-0.164751
1972.333333	-0.662827
1972.416667	-0.768162
1972.500000	-0.638462
1972.583333	-0.323856
1972.666667	-0.690548
1972.750000	-0.933369
1972.833333	-0.684208
1972.916667	-0.101063
1973.000000	-0.142908
1973.083333	0.071000
1973.166667	0.320862
1973.250000	0.190042
1973.333333	0.584318
1973.416667	0.742050
1973.500000	0.567253
1973.583333	0.557148
1973.666667	0.490328
1973.750000	0.525501
1973.833333	0.293737
1973.916667	0.630463
1974.000000	0.591393
1974.083333	0.412724
1974.166667	0.029600
1974.250000	0.078800
1974.333333	-0.091100
1974.416667	0.075400
1974.500000	-0.253103
1974.583333	-0.127031
1974.666667	-0.052600
1974.750000	-0.201023
1974.833333	-0.109787
1974.916667	0.063400
1975.000000	0.328047
1975.083333	0.362164
1975.166667	0.198996
1975.250000	-0.250362
1975.333333	-0.008470
1975.416667	0.031000
1975.500000	-0.484552
1975.583333	-0.573196
1975.666667	-0.379066
1975.750000	-0.404613
1975.833333	-0.123657
1975.916667	0.053600
1976.000000	-0.075200
1976.083333	0.264740
1976.166667	0.310152
1976.250000	0.224022
1976.333333	0.097100
1976.416667	0.035200
1976.500000	-0.151525
1976.583333	-0.388817
1976.666667	-0.213503
1976.750000	-0.444571
1976.833333	-0.021600
1976.916667	-0.191628
1977.000000	-0.265503
1977.083333	0.240482
1977.166667	0.150146
1977.250000	-0.294930
1977.333333	-0.244308
1977.416667	-0.429533
1977.500000	-0.490335
1977.583333	-0.576401
1977.666667	-0.240181
1977.750000	-0.144821
1977.833333	-0.396997
1977.916667	-0.320511
1978.000000	-0.597298
1978.083333	-0.459047
1978.166667	-0.130257
1978.250000	-0.228178
1978.333333	-0.445019
1978.416667	-0.320198
1978.500000	-0.236197
1978.583333	-0.639145
1978.666667	-0.945480
1978.750000	-0.892513
1978.833333	-0.892395
1978.916667	-0.405998
1979.000000	-0.705492
1979.083333	-0.469555
1979.166667	-0.399347
1979.250000	-0.021400
1979.333333	-0.380684
1979.416667	-0.059400
1979.500000	-0.652309
1979.583333	-0.668619
1979.666667	-1.055740
1979.750000	-0.954958
1979.833333	-0.924023
1979.916667	-0.970245
1980.000000	-1.412600
1980.083333	-1.721370
1980.166667	-1.104350
1980.250000	-0.846308
1980.333333	-0.862843
1980.416667	-0.955858
1980.500000	-0.750818
1980.583333	-0.556324
1980.666667	-0.177217
1980.750000	0.194775
1980.833333	0.200689
1980.916667	0.892685
1981.000000	0.433023
1981.083333	0.403322
1981.166667	0.158289
1981.250000	-0.052400
1981.333333	0.019100
1981.416667	-0.507048
1981.500000	-0.666689
1981.583333	-0.465395
1981.666667	-0.193190
1981.750000	-0.361477
1981.833333	-0.176411
1981.916667	-0.111994
1982.000000	-0.429792
1982.083333	0.178844
1982.166667	-0.218702
1982.250000	-0.477247
1982.333333	-0.286106
1982.416667	-0.322638
1982.500000	-0.311945
1982.583333	-0.412828
1982.666667	-0.594566
1982.750000	-0.522772
1982.833333	-0.601500
1982.916667	-0.232925
1983.000000	-0.407778
1983.083333	-0.115774
1983.166667	-0.353018
1983.250000	-0.046700
1983.333333	-0.335430
1983.416667	0.076100
1983.500000	0.122690
1983.583333	0.468752
1983.666667	0.468248
1983.750000	0.454380
1983.833333	0.646944
1983.916667	1.095230
1984.000000	1.211770
1984.083333	0.738672
1984.166667	1.007100
1984.250000	0.986782
1984.333333	1.115570
1984.416667	1.093560
1984.500000	1.627360
1984.583333	1.345150
1984.666667	1.199630
1984.750000	1.014330
1984.833333	0.804995
1984.916667	0.901865
1985.000000	0.555273
1985.083333	0.524580
1985.166667	0.058400
1985.250000	-0.048000
1985.333333	-0.139372
1985.416667	-0.280600
1985.500000	-0.092000
1985.583333	-0.055400
1985.666667	0.125788
1985.750000	0.173822
1985.833333	0.104681
1985.916667	0.287523
1986.000000	0.517471
1986.083333	0.517805
1986.166667	0.015600
1986.250000	0.449030
1986.333333	0.202723
1986.416667	0.470457
1986.500000	0.719822
1986.583333	0.340721
1986.666667	0.528692
1986.750000	0.579235
1986.833333	0.517881
1986.916667	0.513802
1987.000000	0.766365
1987.083333	0.583797
1987.166667	0.420998
1987.250000	0.340723
1987.333333	0.073800
1987.416667	0.214535
1987.500000	-0.014100
1987.583333	-0.205660
1987.666667	-0.321798
1987.750000	-0.233130
1987.833333	-0.480053
1987.916667	-0.335115
1988.000000	-0.412182
1988.083333	-0.489479
1988.166667	-0.335217
1988.250000	-0.601196
1988.333333	-0.215714
1988.416667	-0.433788
1988.500000	-0.410257
1988.583333	-0.076100
1988.666667	-0.558542
1988.750000	-0.225763
1988.833333	-0.046300
1988.916667	0.078500
1989.000000	0.250362
1989.083333	0.394609
1989.166667	-0.080600
1989.250000	0.508883
1989.333333	0.499233
1989.416667	0.389109
1989.500000	0.106432
1989.583333	-0.424742
1989.666667	-0.324642
1989.750000	-0.602190
1989.833333	-0.564709
1989.916667	-0.418327
1990.000000	-0.322481
1990.083333	-0.321617
1990.166667	-0.394550
1990.250000	0.048600
1990.333333	-0.026600
1990.416667	-0.344110
1990.500000	-0.432688
1990.583333	-0.118647
1990.666667	-0.110281
1990.750000	-0.299561
1990.833333	-0.417683
1990.916667	-0.117838
1991.000000	0.033600
1991.083333	-0.116882
1991.166667	0.084800
1991.250000	-0.065500
1991.333333	-0.122147
1991.416667	0.086500
1991.500000	-0.685692
1991.583333	-0.562197
1991.666667	-0.281467
1991.750000	-0.534748
1991.833333	-0.558012
1991.916667	-0.515903
1992.000000	-0.471720
1992.083333	-0.771635
1992.166667	-0.824175
1992.250000	-0.660145
1992.333333	-0.750824
1992.416667	-0.713396
1992.500000	-0.535738
1992.583333	-0.766100
1992.666667	-1.429310
1992.750000	-1.123100
1992.833333	-1.238720
1992.916667	-0.841488
1993.000000	-0.155655
1993.083333	-0.097500
1993.166667	-0.513418
1993.250000	-0.443977
1993.333333	-0.489918
1993.416667	-0.739180
1993.500000	-0.919155
1993.583333	-1.131710
1993.666667	-1.157690
1993.750000	-1.030070
1993.833333	-1.219510
1993.916667	-0.623737
1994.000000	-0.569117
1994.083333	-0.312883
1994.166667	-0.413877
1994.250000	-0.083600
1994.333333	-0.339907
1994.416667	-0.075000
1994.500000	-0.279207
1994.583333	0.065600
1994.666667	0.501133
1994.750000	0.325659
1994.833333	0.137980
1994.916667	-0.021200
1995.000000	-0.267792
1995.083333	-0.184742
1995.166667	0.078700
1995.250000	-0.137159
1995.333333	0.340631
1995.416667	0.210901
1995.500000	-0.243464
1995.583333	-0.128998
1995.666667	-0.489086
1995.750000	-0.409986
1995.833333	-0.365955
1995.916667	-0.524019
1996.000000	-0.606010
1996.083333	-0.236692
1996.166667	-0.668430
1996.250000	-0.757700
1996.333333	-0.783228
1996.416667	-0.711458
1996.500000	-0.459919
1996.583333	-0.252161
1996.666667	-0.294323
1996.750000	0.064100
1996.833333	0.000261
1996.916667	0.237350
1997.000000	-0.297867
1997.083333	-0.219862
1997.166667	-0.236483
1997.250000	-0.141125
1997.333333	-0.177279
1997.416667	-0.312286
1997.500000	0.237740
1997.583333	0.274040
1997.666667	0.386469
1997.750000	0.709799
1997.833333	0.740526
1997.916667	0.638712
1998.000000	0.733805
1998.083333	0.527243
1998.166667	0.406483
1998.250000	0.511572
1998.333333	0.620762
1998.416667	0.380768
1998.500000	0.256834
1998.583333	0.171728
1998.666667	0.188744
1998.750000	0.001390
1998.833333	-0.159048
1998.916667	-0.127626
1999.000000	0.049500
1999.083333	-0.315548
1999.166667	-0.456621
1999.250000	-0.357273
1999.333333	-0.577400
1999.416667	-0.741018
1999.500000	-1.283060
1999.583333	-0.981186
1999.666667	-0.846025
1999.750000	-1.339920
1999.833333	-1.220250
1999.916667	-1.128790
2000.000000	-0.699217
2000.083333	-0.760731
2000.166667	-0.814535
2000.250000	-1.321930
2000.333333	-1.172810
2000.416667	-1.426040
2000.500000	-1.721500
2000.583333	-1.585410
2000.666667	-1.418750
2000.750000	-1.295250
2000.833333	-1.389400
2000.916667	-1.055160
2001.000000	-0.576927
2001.083333	-0.158140
2001.166667	-0.195427
2001.250000	-0.307198
2001.333333	-0.273058
2001.416667	-0.498234
2001.500000	0.003860
2001.583333	0.081600
2001.666667	0.473331
2001.750000	0.316597
2001.833333	0.486113
2001.916667	0.698591
2002.000000	0.719088
2002.083333	0.649332
2002.166667	0.504230
2002.250000	0.466282
2002.333333	0.313946
2002.416667	0.313299
2002.500000	0.032400
2002.583333	0.110542
2002.666667	-0.141113
2002.750000	-0.454727
2002.833333	-0.641407
2002.916667	-0.630262
2003.000000	-0.770975
2003.083333	-0.753283
2003.166667	-0.798258
2003.250000	-0.821873
2003.333333	-0.608532
2003.416667	-0.614193
2003.500000	-0.481216
2003.583333	-0.153143
2003.666667	-0.030700
2003.750000	-0.105925
2003.833333	-0.126547
2003.916667	-0.178360
2004.000000	-0.702694
2004.083333	-1.081540
2004.166667	-1.357720
2004.250000	-1.553320
2004.333333	-1.743370
2004.416667	-1.769340
2004.500000	-1.808770
2004.583333	-1.758910
2004.666667	-1.339370
2004.750000	-1.200460
2004.833333	-0.956905
2004.916667	-1.078980
2005.000000	-1.083410
2005.083333	-0.833668
2005.166667	-0.783854
2005.250000	-0.271749
2005.333333	-0.393465
2005.416667	-0.217657
2005.500000	-0.592472
2005.583333	-0.123861
2005.666667	-0.106043
2005.750000	-0.155411
2005.833333	-0.219618
2005.916667	-0.120077
2006.000000	0.045400
2006.083333	-0.294973
2006.166667	-0.019800
2006.250000	0.027100
2006.333333	-0.059700
2006.416667	0.382982
2006.500000	0.467335
2006.583333	0.495241
2006.666667	0.724621
2006.750000	0.568447
2006.833333	0.484999
2006.916667	0.696865
2007.000000	0.680853
2007.083333	0.629215
2007.166667	0.881268
2007.250000	0.760048
2007.333333	0.933308
2007.416667	0.635742
2007.500000	0.532993
2007.583333	0.569952
2007.666667	0.372459
2007.750000	0.588448
2007.833333	0.767878
2007.916667	0.937464
2008.000000	0.650942
2008.083333	0.329212
2008.166667	0.022000
2008.250000	-0.208418
2008.333333	-0.093700
2008.416667	0.311203
2008.500000	-0.105478
2008.583333	0.046200
2008.666667	-0.157608
2008.750000	0.240438
2008.833333	0.246538
2008.916667	-0.015800
2009.000000	-0.050700
2009.083333	-0.306545
2009.166667	-0.112400
2009.250000	-0.022200
2009.333333	0.248545
2009.416667	0.504883
2009.500000	0.492691
2009.583333	0.623432
2009.666667	0.385582
2009.750000	0.587711
2009.833333	0.624792
2009.916667	0.475962
2010.000000	0.492062
2010.083333	0.209360
2010.166667	0.171129
2010.250000	-0.041500
2010.333333	-0.044300
2010.416667	-0.119293
2010.500000	-0.084300
2010.583333	-0.086400
2010.666667	-0.063400
2010.750000	0.101107
2010.833333	0.038100
2010.916667	0.079600
2011.000000	0.029500
2011.083333	0.346409
2011.166667	0.429293
2011.250000	0.602943
2011.333333	0.669844
2011.416667	0.874254
2011.500000	0.584806
2011.583333	0.711348
2011.666667	0.966913
2011.750000	1.043940
2011.833333	0.997189
2011.916667	0.940039
2012.000000	0.681320
2012.083333	0.671955
2012.166667	0.751850
2012.250000	0.674383
2012.333333	0.545839
2012.416667	0.796223
2012.500000	0.842010
2012.583333	0.486158
2012.666667	0.520002
2012.750000	0.581173
2012.833333	0.273682
2012.916667	0.081700
2013.000000	-0.029200
2013.083333	-0.340038
2013.166667	-0.082200
2013.250000	-0.077800
2013.333333	-0.141552
2013.416667	0.180861
2013.500000	0.116655
2013.583333	-0.117308
2013.666667	-0.412741
2013.750000	-0.257519
2013.833333	-0.248110
2013.916667	-0.413071
2014.000000	-0.597139
2014.083333	-0.349127
2014.166667	-0.315258
2014.250000	-0.351646
2014.333333	-0.337603
2014.416667	-0.653618
2014.500000	-1.049130
2014.583333	-1.249280
2014.666667	-1.535520
2014.750000	-1.082670
2014.833333	-0.924572
2014.916667	-1.037480
2015.000000	-0.913181
2015.083333	-1.222000
2015.166667	-1.311190
2015.250000	-1.465910
2015.333333	-1.399720
2015.416667	-1.096700
2015.500000	-1.056480
2015.583333	-0.887438
2015.666667	-0.584564
2015.750000	-0.266706
2015.833333	-0.524712
2015.916667	-0.011800
2016.000000	-0.219458
2016.083333	-0.349125
2016.166667	-0.146500
2016.250000	0.098600
2016.333333	0.122429
2016.416667	0.114458
2016.500000	0.406542
2016.583333	0.049800
2016.666667	0.073600
2016.750000	0.125210
2016.833333	0.171963
2016.916667	-0.008970
2017.000000	0.002420
2017.083333	-0.004730
2017.166667	0.192890
2017.250000	-0.053400
2017.333333	-0.133015
2017.416667	-0.128326
2017.500000	0.049200
2017.583333	-0.345331
2017.666667	-0.462700
2017.750000	-0.472618
2017.833333	-0.582981
2017.916667	-0.593645
2018.000000	-0.574318
2018.083333	-0.755320
2018.166667	-0.884689
2018.250000	-1.237550
2018.333333	-1.095380
2018.416667	-0.991426
2018.500000	-0.776865
2018.583333	-0.439917
2018.666667	-0.223190
2018.750000	0.289652
2018.833333	0.650061
2018.916667	0.646860
2019.000000	1.023760
2019.083333	0.803009
2019.166667	0.628029
2019.250000	0.246527
2019.333333	0.466063
2019.416667	0.547989
2019.500000	0.340952
2019.583333	0.221899
2019.666667	0.137297
2019.750000	0.292877
2019.833333	0.339149
2019.916667	0.108490
2020.000000	0.175070
2020.083333	0.480133
2020.166667	0.499443
2020.250000	0.380573
2020.333333	0.319033
2020.416667	0.549669
2020.500000	0.558149
2020.583333	0.625507
2020.666667	1.013600
2020.750000	0.959095
2020.833333	0.774151
2020.916667	0.287670
2021.000000	0.233383
2021.083333	0.185608
2021.166667	-0.061500
2021.250000	0.103907
2021.333333	-0.086300
2021.416667	-0.017800
2021.500000	0.061200
2021.583333	-0.138510
2021.666667	-0.291580
2021.750000	0.161510
2021.833333	0.037800
2021.916667	0.074500
2022.000000	-0.370184
2022.083333	-0.319353
