1880.000000	-1.550377
1880.083333	-1.080781
1880.166667	-1.139901
1880.250000	-2.016652
1880.333333	-2.183470
1880.416667	-1.538294
1880.500000	-1.136705
1880.583333	-0.688553
1880.666667	-0.037587
1880.750000	-0.124387
1880.833333	-0.259941
1880.916667	0.311251
1881.000000	0.367747
1881.083333	0.118342
1881.166667	0.079420
1881.250000	-0.351955
1881.333333	-0.858297
1881.416667	-1.135133
1881.500000	-1.067081
1881.583333	-1.076617
1881.666667	-1.527857
1881.750000	-2.032349
1881.833333	-2.068106
1881.916667	-1.420867
1882.000000	-0.808831
1882.083333	-0.687987
1882.166667	-0.851643
1882.250000	-1.426501
1882.333333	-2.104846
1882.416667	-2.019900
1882.500000	-1.453957
1882.583333	-0.884836
1882.666667	-0.606542
1882.750000	-1.006114
1882.833333	-1.398029
1882.916667	-1.028801
1883.000000	-0.677468
1883.083333	-0.384770
1883.166667	-0.044387
1883.250000	0.109784
1883.333333	0.232718
1883.416667	0.150701
1883.500000	-0.153289
1883.583333	0.086354
1883.666667	1.219392
1883.750000	1.771943
1883.833333	1.507913
1883.916667	1.439887
1884.000000	1.182235
1884.083333	1.146811
1884.166667	1.140368
1884.250000	0.704371
1884.333333	0.769535
1884.416667	1.520129
1884.500000	2.133027
1884.583333	1.983532
1884.666667	1.365343
1884.750000	1.248936
1884.833333	1.828060
1884.916667	1.836766
1885.000000	0.918865
1885.083333	0.676713
1885.166667	0.910035
1885.250000	0.722400
1885.333333	0.351520
1885.416667	0.248854
1885.500000	0.325875
1885.583333	0.086733
1885.666667	-0.034421
1885.750000	-0.211815
1885.833333	-0.668568
1885.916667	-0.992384
1886.000000	-1.278388
1886.083333	-0.873081
1886.166667	-0.007982
1886.250000	0.071497
1886.333333	-0.506597
1886.416667	-1.160369
1886.500000	-1.594161
1886.583333	-1.200530
1886.666667	-0.156291
1886.750000	0.056935
1886.833333	-0.380614
1886.916667	-0.405277
1887.000000	-0.201318
1887.083333	0.574107
1887.166667	1.153178
1887.250000	0.631288
1887.333333	0.052521
1887.416667	-0.316012
1887.500000	-0.854314
1887.583333	-1.128357
1887.666667	-0.603406
1887.750000	-0.367866
1887.833333	-1.056731
1887.916667	-1.843428
1888.000000	-1.330829
1888.083333	0.062590
1888.166667	1.376711
1888.250000	1.291911
1888.333333	0.378175
1888.416667	-0.208061
1888.500000	-0.454966
1888.583333	-0.356185
1888.666667	0.318881
1888.750000	0.901199
1888.833333	0.608188
1888.916667	0.213922
1889.000000	0.152277
1889.083333	0.586172
1889.166667	1.238021
1889.250000	1.126692
1889.333333	0.460895
1889.416667	-0.174030
1889.500000	-0.491737
1889.583333	-0.813984
1889.666667	-1.243219
1889.750000	-1.405245
1889.833333	-1.580460
1889.916667	-1.888941
1890.000000	-2.300095
1890.083333	-2.207220
1890.166667	-1.952325
1890.250000	-2.315159
1890.333333	-2.503360
1890.416667	-2.090580
1890.500000	-1.555796
1890.583333	-0.480357
1890.666667	0.824465
1890.750000	0.871223
1890.833333	0.017858
1890.916667	-0.257448
1891.000000	0.242638
1891.083333	1.440194
1891.166667	2.068549
1891.250000	0.948464
1891.333333	-0.005568
1891.416667	-0.018467
1891.500000	0.225504
1891.583333	0.426076
1891.666667	0.363810
1891.750000	0.168673
1891.833333	-0.051883
1891.916667	-0.146899
1892.000000	0.028376
1892.083333	0.544260
1892.166667	0.858781
1892.250000	0.525983
1892.333333	0.241543
1892.416667	0.253199
1892.500000	0.388832
1892.583333	0.232268
1892.666667	-0.443353
1892.750000	-1.249315
1892.833333	-1.518216
1892.916667	-1.107605
1893.000000	-0.875143
1893.083333	-0.863120
1893.166667	-0.985664
1893.250000	-1.586482
1893.333333	-1.874930
1893.416667	-1.666273
1893.500000	-1.313333
1893.583333	-0.924570
1893.666667	-0.405737
1893.750000	-0.250153
1893.833333	-0.457728
1893.916667	-0.817092
1894.000000	-1.162797
1894.083333	-1.026557
1894.166667	-0.636180
1894.250000	-0.746149
1894.333333	-1.145218
1894.416667	-1.415823
1894.500000	-1.648255
1894.583333	-1.768116
1894.666667	-1.235040
1894.750000	-0.384052
1894.833333	-0.129015
1894.916667	-0.446436
1895.000000	-0.680915
1895.083333	-0.440782
1895.166667	-0.269230
1895.250000	-0.776895
1895.333333	-1.259918
1895.416667	-1.465715
1895.500000	-1.325842
1895.583333	-0.926275
1895.666667	-0.542588
1895.750000	-0.284111
1895.833333	-0.249416
1895.916667	-0.348170
1896.000000	-0.254723
1896.083333	0.107469
1896.166667	0.001433
1896.250000	-0.792129
1896.333333	-1.585729
1896.416667	-2.006714
1896.500000	-1.843932
1896.583333	-1.421019
1896.666667	-0.944206
1896.750000	-0.380991
1896.833333	-0.011184
1896.916667	0.577556
1897.000000	1.117929
1897.083333	1.647398
1897.166667	1.908346
1897.250000	1.218885
1897.333333	0.418061
1897.416667	0.151720
1897.500000	0.442204
1897.583333	1.060551
1897.666667	1.464829
1897.750000	1.556204
1897.833333	1.619118
1897.916667	1.768549
1898.000000	1.407152
1898.083333	0.855501
1898.166667	0.815362
1898.250000	0.518928
1898.333333	0.359690
1898.416667	0.512656
1898.500000	0.637387
1898.583333	0.616869
1898.666667	0.360426
1898.750000	-0.073092
1898.833333	-0.221319
1898.916667	-0.233456
1899.000000	-0.095686
1899.083333	0.212033
1899.166667	0.136386
1899.250000	-0.336495
1899.333333	-0.722774
1899.416667	-0.904424
1899.500000	-0.946455
1899.583333	-0.730720
1899.666667	-0.063835
1899.750000	0.383565
1899.833333	0.381754
1899.916667	0.029276
1900.000000	-0.631483
1900.083333	-0.446706
1900.166667	-0.003460
1900.250000	-0.434070
1900.333333	-0.680343
1900.416667	-0.515004
1900.500000	-0.796979
1900.583333	-0.895068
1900.666667	-0.484695
1900.750000	-0.061720
1900.833333	0.254639
1900.916667	0.747135
1901.000000	0.927101
1901.083333	0.837880
1901.166667	0.808997
1901.250000	0.310261
1901.333333	-0.041835
1901.416667	0.188917
1901.500000	0.919339
1901.583333	1.592531
1901.666667	1.371780
1901.750000	0.780627
1901.833333	0.542296
1901.916667	0.537234
1902.000000	0.621236
1902.083333	1.252384
1902.166667	1.830767
1902.250000	1.624650
1902.333333	1.597929
1902.416667	1.963045
1902.500000	2.081664
1902.583333	1.822664
1902.666667	1.369297
1902.750000	1.577689
1902.833333	1.988731
1902.916667	1.613637
1903.000000	0.969287
1903.083333	1.078939
1903.166667	1.330862
1903.250000	1.237589
1903.333333	1.224631
1903.416667	1.054862
1903.500000	0.538274
1903.583333	0.117354
1903.666667	-0.104822
1903.750000	0.039401
1903.833333	0.389849
1903.916667	0.679844
1904.000000	0.934499
1904.083333	1.525862
1904.166667	1.905469
1904.250000	1.758214
1904.333333	1.753404
1904.416667	1.691658
1904.500000	1.569789
1904.583333	1.633032
1904.666667	1.965631
1904.750000	2.491194
1904.833333	2.915474
1904.916667	2.741369
1905.000000	2.054022
1905.083333	2.000272
1905.166667	2.067476
1905.250000	1.155097
1905.333333	0.079943
1905.416667	-0.376342
1905.500000	-0.607812
1905.583333	-0.887824
1905.666667	-0.537382
1905.750000	0.256103
1905.833333	0.870635
1905.916667	0.830325
1906.000000	0.315008
1906.083333	0.505648
1906.166667	1.100998
1906.250000	0.824315
1906.333333	0.128037
1906.416667	-0.258491
1906.500000	-0.091796
1906.583333	0.008110
1906.666667	-0.215829
1906.750000	-0.197548
1906.833333	0.521911
1906.916667	1.282962
1907.000000	1.086832
1907.083333	1.003723
1907.166667	1.365255
1907.250000	1.060671
1907.333333	0.221731
1907.416667	-0.599709
1907.500000	-0.742860
1907.583333	-0.129424
1907.666667	0.485504
1907.750000	0.615556
1907.833333	0.574857
1907.916667	0.458956
1908.000000	0.301058
1908.083333	1.111319
1908.166667	2.246086
1908.250000	1.774874
1908.333333	0.812560
1908.416667	0.636110
1908.500000	0.738920
1908.583333	0.771715
1908.666667	0.611120
1908.750000	0.335890
1908.833333	0.113490
1908.916667	-0.304308
1909.000000	-1.130620
1909.083333	-1.424266
1909.166667	-1.404762
1909.250000	-2.136992
1909.333333	-2.841076
1909.416667	-2.855450
1909.500000	-2.645217
1909.583333	-1.882128
1909.666667	-0.864455
1909.750000	-0.549478
1909.833333	-0.482177
1909.916667	-0.811900
1910.000000	-1.705708
1910.083333	-1.557370
1910.166667	-0.813838
1910.250000	-0.998965
1910.333333	-1.418109
1910.416667	-1.688940
1910.500000	-2.106641
1910.583333	-2.041106
1910.666667	-1.250526
1910.750000	-0.626939
1910.833333	-0.505013
1910.916667	-0.803674
1911.000000	-1.338960
1911.083333	-0.964267
1911.166667	-0.317864
1911.250000	-0.511139
1911.333333	-0.717294
1911.416667	-0.916702
1911.500000	-1.058390
1911.583333	-0.658995
1911.666667	0.244162
1911.750000	1.051543
1911.833333	0.822998
1911.916667	0.151521
1912.000000	-0.369553
1912.083333	-0.392343
1912.166667	-0.258801
1912.250000	-0.776293
1912.333333	-1.280712
1912.416667	-1.338685
1912.500000	-1.209922
1912.583333	-1.018753
1912.666667	-0.781399
1912.750000	-0.507930
1912.833333	-0.062665
1912.916667	0.193344
1913.000000	0.164164
1913.083333	0.460367
1913.166667	0.467066
1913.250000	-0.231186
1913.333333	-0.473681
1913.416667	-0.117298
1913.500000	0.641632
1913.583333	1.214379
1913.666667	1.019575
1913.750000	0.583793
1913.833333	0.230789
1913.916667	-0.001240
1914.000000	0.105152
1914.083333	0.854913
1914.166667	1.504527
1914.250000	1.294570
1914.333333	1.066634
1914.416667	0.945196
1914.500000	0.643221
1914.583333	0.490252
1914.666667	0.621521
1914.750000	0.316561
1914.833333	-0.173699
1914.916667	-0.169294
1915.000000	0.190311
1915.083333	1.076121
1915.166667	1.575040
1915.250000	0.820261
1915.333333	-0.120141
1915.416667	-0.861375
1915.500000	-1.144498
1915.583333	-1.091349
1915.666667	-1.345927
1915.750000	-1.488599
1915.833333	-1.076799
1915.916667	-0.782998
1916.000000	-0.567818
1916.083333	0.032985
1916.166667	0.114221
1916.250000	-0.480953
1916.333333	-0.798958
1916.416667	-1.206105
1916.500000	-1.711395
1916.583333	-1.786036
1916.666667	-1.559360
1916.750000	-1.355492
1916.833333	-1.261941
1916.916667	-1.285109
1917.000000	-1.243159
1917.083333	-0.704542
1917.166667	-0.331224
1917.250000	-1.008055
1917.333333	-1.564772
1917.416667	-1.337859
1917.500000	-0.973484
1917.583333	-0.460784
1917.666667	0.304136
1917.750000	0.338946
1917.833333	-0.148642
1917.916667	-0.491541
1918.000000	-0.947703
1918.083333	-0.767360
1918.166667	-0.145437
1918.250000	0.059380
1918.333333	0.036479
1918.416667	-0.217514
1918.500000	-0.644648
1918.583333	-1.069258
1918.666667	-1.346922
1918.750000	-1.127659
1918.833333	-0.699430
1918.916667	-0.393763
1919.000000	-0.464425
1919.083333	-0.368405
1919.166667	-0.197174
1919.250000	-0.489488
1919.333333	-0.837599
1919.416667	-1.033102
1919.500000	-1.233688
1919.583333	-1.139156
1919.666667	-0.904389
1919.750000	-0.865454
1919.833333	-0.655687
1919.916667	-0.262802
1920.000000	-0.196775
1920.083333	-0.081815
1920.166667	-0.136776
1920.250000	-0.930277
1920.333333	-1.698921
1920.416667	-2.172135
1920.500000	-2.466321
1920.583333	-2.083747
1920.666667	-1.307942
1920.750000	-1.073380
1920.833333	-1.056241
1920.916667	-1.131705
1921.000000	-1.935015
1921.083333	-2.076721
1921.166667	-1.555468
1921.250000	-2.032672
1921.333333	-2.847099
1921.416667	-2.768981
1921.500000	-1.876193
1921.583333	-0.737974
1921.666667	-0.278323
1921.750000	-0.826829
1921.833333	-1.414626
1921.916667	-1.385555
1922.000000	-0.986581
1922.083333	0.002612
1922.166667	0.169360
1922.250000	-0.812803
1922.333333	-1.241686
1922.416667	-1.657329
1922.500000	-2.379044
1922.583333	-2.176315
1922.666667	-1.157309
1922.750000	-0.161604
1922.833333	0.786024
1922.916667	2.016915
1923.000000	2.565796
1923.083333	2.725774
1923.166667	2.199822
1923.250000	0.716447
1923.333333	-0.031588
1923.416667	-0.259207
1923.500000	-0.569122
1923.583333	-0.245061
1923.666667	0.698504
1923.750000	1.275746
1923.833333	0.960032
1923.916667	0.577070
1924.000000	0.136807
1924.083333	0.229097
1924.166667	0.603288
1924.250000	0.229076
1924.333333	-0.280490
1924.416667	-0.474181
1924.500000	-0.498529
1924.583333	-0.590320
1924.666667	-0.719512
1924.750000	-0.380476
1924.833333	0.263101
1924.916667	0.227457
1925.000000	-0.417865
1925.083333	-0.115588
1925.166667	0.614054
1925.250000	0.141879
1925.333333	-0.571606
1925.416667	-0.753284
1925.500000	-0.982026
1925.583333	-0.593126
1925.666667	0.521946
1925.750000	1.116350
1925.833333	1.305793
1925.916667	1.272051
1926.000000	0.730341
1926.083333	0.618829
1926.166667	0.663351
1926.250000	0.049364
1926.333333	-0.455790
1926.416667	-0.235430
1926.500000	0.384006
1926.583333	0.714858
1926.666667	0.449009
1926.750000	0.049408
1926.833333	0.214806
1926.916667	0.388474
1927.000000	0.030578
1927.083333	0.209792
1927.166667	0.471380
1927.250000	-0.056046
1927.333333	-0.329561
1927.416667	-0.324405
1927.500000	-0.532106
1927.583333	-0.466886
1927.666667	-0.168523
1927.750000	-0.123381
1927.833333	0.253008
1927.916667	0.655170
1928.000000	0.168414
1928.083333	-0.264480
1928.166667	-0.545917
1928.250000	-1.206344
1928.333333	-1.364062
1928.416667	-1.332623
1928.500000	-1.519296
1928.583333	-1.384857
1928.666667	-1.001054
1928.750000	-0.243277
1928.833333	1.028220
1928.916667	1.790065
1929.000000	0.961679
1929.083333	0.141217
1929.166667	0.165147
1929.250000	0.401582
1929.333333	1.045140
1929.416667	1.626403
1929.500000	1.474190
1929.583333	1.299472
1929.666667	1.741804
1929.750000	2.712601
1929.833333	3.381368
1929.916667	2.457324
1930.000000	1.279575
1930.083333	1.510497
1930.166667	1.891187
1930.250000	1.337192
1930.333333	1.069183
1930.416667	1.077697
1930.500000	0.744917
1930.583333	0.555472
1930.666667	1.022874
1930.750000	1.823370
1930.833333	2.695631
1930.916667	2.979780
1931.000000	2.383747
1931.083333	2.389053
1931.166667	2.422969
1931.250000	1.483394
1931.333333	0.905312
1931.416667	0.690007
1931.500000	0.299100
1931.583333	-0.186024
1931.666667	-0.407367
1931.750000	-0.419916
1931.833333	-0.190682
1931.916667	0.156291
1932.000000	-0.109769
1932.083333	-0.111348
1932.166667	-0.025876
1932.250000	-0.693991
1932.333333	-1.000017
1932.416667	-1.025302
1932.500000	-1.014622
1932.583333	-1.139507
1932.666667	-1.690203
1932.750000	-2.014113
1932.833333	-1.455073
1932.916667	-0.849556
1933.000000	-1.179688
1933.083333	-1.545794
1933.166667	-1.356929
1933.250000	-1.335944
1933.333333	-1.093219
1933.416667	-0.798285
1933.500000	-0.965446
1933.583333	-1.523322
1933.666667	-1.809111
1933.750000	-1.241198
1933.833333	-0.061343
1933.916667	0.691369
1934.000000	0.872682
1934.083333	1.141861
1934.166667	0.839955
1934.250000	-0.272742
1934.333333	-0.996668
1934.416667	-1.024694
1934.500000	-0.924173
1934.583333	-0.688892
1934.666667	-0.445620
1934.750000	-0.404205
1934.833333	-0.203544
1934.916667	0.119163
1935.000000	0.174944
1935.083333	0.491797
1935.166667	0.638054
1935.250000	0.182634
1935.333333	0.051884
1935.416667	0.179043
1935.500000	0.152253
1935.583333	0.133133
1935.666667	0.226050
1935.750000	0.613406
1935.833333	0.878894
1935.916667	0.551747
1936.000000	0.466134
1936.083333	1.355837
1936.166667	1.810118
1936.250000	1.105674
1936.333333	0.887571
1936.416667	1.641748
1936.500000	2.027998
1936.583333	1.318335
1936.666667	0.506737
1936.750000	0.261109
1936.833333	1.052492
1936.916667	2.033062
1937.000000	1.836645
1937.083333	1.679335
1937.166667	1.698743
1937.250000	0.730009
1937.333333	-0.229919
1937.416667	-0.311740
1937.500000	0.130714
1937.583333	0.960216
1937.666667	1.787710
1937.750000	1.973708
1937.833333	1.697321
1937.916667	1.138051
1938.000000	0.206289
1938.083333	-0.273738
1938.166667	-0.299249
1938.250000	-0.508643
1938.333333	-0.173578
1938.416667	0.333092
1938.500000	0.366207
1938.583333	0.209012
1938.666667	0.251404
1938.750000	0.573163
1938.833333	1.055876
1938.916667	0.961612
1939.000000	0.097941
1939.083333	-0.125722
1939.166667	0.238222
1939.250000	0.128950
1939.333333	0.131635
1939.416667	0.337591
1939.500000	0.034182
1939.583333	-0.340787
1939.666667	-0.114154
1939.750000	0.316851
1939.833333	0.892306
1939.916667	1.344544
1940.000000	1.330441
1940.083333	1.314329
1940.166667	1.367396
1940.250000	0.950516
1940.333333	0.718528
1940.416667	1.046411
1940.500000	1.387974
1940.583333	1.124666
1940.666667	1.276919
1940.750000	2.006815
1940.833333	2.434537
1940.916667	2.259813
1941.000000	1.692231
1941.083333	1.805426
1941.166667	2.273267
1941.250000	1.876389
1941.333333	1.646032
1941.416667	1.806930
1941.500000	1.627807
1941.583333	0.991258
1941.666667	0.614021
1941.750000	0.645367
1941.833333	0.809654
1941.916667	1.009107
1942.000000	0.742222
1942.083333	0.728829
1942.166667	0.911733
1942.250000	0.177546
1942.333333	-0.651795
1942.416667	-0.528786
1942.500000	0.154128
1942.583333	0.085755
1942.666667	-0.354230
1942.750000	-0.204557
1942.833333	0.627843
1942.916667	0.795272
1943.000000	-0.344579
1943.083333	-0.856437
1943.166667	-0.790052
1943.250000	-0.974438
1943.333333	-0.776285
1943.416667	-0.724510
1943.500000	-1.123520
1943.583333	-1.503513
1943.666667	-1.781517
1943.750000	-1.624595
1943.833333	-0.987862
1943.916667	-0.471180
1944.000000	-0.266932
1944.083333	0.140716
1944.166667	0.229607
1944.250000	-0.688181
1944.333333	-1.157766
1944.416667	-1.011171
1944.500000	-1.260500
1944.583333	-1.816782
1944.666667	-2.206025
1944.750000	-2.048543
1944.833333	-0.932636
1944.916667	0.192177
1945.000000	0.274231
1945.083333	0.080032
1945.166667	-0.084925
1945.250000	-0.822239
1945.333333	-1.518586
1945.416667	-1.570454
1945.500000	-1.831270
1945.583333	-2.643210
1945.666667	-2.017170
1945.750000	-1.173060
1945.833333	-0.421038
1945.916667	0.120533
1946.000000	0.642148
1946.083333	1.948621
1946.166667	2.306053
1946.250000	0.683190
1946.333333	-0.415709
1946.416667	-0.250491
1946.500000	-0.774030
1946.583333	-2.302459
1946.666667	-2.864311
1946.750000	-1.837044
1946.833333	-1.127361
1946.916667	-0.777032
1947.000000	-1.030075
1947.083333	-0.946803
1947.166667	-0.460413
1947.250000	-0.595417
1947.333333	-0.558350
1947.416667	-0.035744
1947.500000	-0.096129
1947.583333	-0.550073
1947.666667	-0.496033
1947.750000	-0.226539
1947.833333	-0.025119
1947.916667	0.338347
1948.000000	0.147104
1948.083333	-0.359450
1948.166667	-0.167527
1948.250000	0.154930
1948.333333	0.394891
1948.416667	0.566095
1948.500000	0.142685
1948.583333	-0.893522
1948.666667	-1.384759
1948.750000	-0.882847
1948.833333	-0.310622
1948.916667	-0.060586
1949.000000	-0.597876
1949.083333	-0.921340
1949.166667	-1.191996
1949.250000	-2.262315
1949.333333	-2.680170
1949.416667	-2.294569
1949.500000	-2.208165
1949.583333	-2.542513
1949.666667	-2.440769
1949.750000	-1.707878
1949.833333	-1.282222
1949.916667	-1.380712
1950.000000	-1.391485
1950.083333	-0.946343
1950.166667	-0.738513
1950.250000	-1.088448
1950.333333	-1.220371
1950.416667	-1.238483
1950.500000	-1.459431
1950.583333	-1.862384
1950.666667	-2.201664
1950.750000	-2.346086
1950.833333	-2.475902
1950.916667	-2.146372
1951.000000	-1.523483
1951.083333	-0.571469
1951.166667	0.137339
1951.250000	-0.210931
1951.333333	-0.529627
1951.416667	-0.330585
1951.500000	-0.376023
1951.583333	-1.049985
1951.666667	-1.375286
1951.750000	-1.117123
1951.833333	-0.789783
1951.916667	-0.765176
1952.000000	-1.039016
1952.083333	-0.576205
1952.166667	0.032074
1952.250000	-0.344669
1952.333333	-0.511339
1952.416667	0.216947
1952.500000	0.621903
1952.583333	0.312213
1952.666667	0.456499
1952.750000	0.849778
1952.833333	0.984531
1952.916667	1.456601
1953.000000	1.498241
1953.083333	1.688331
1953.166667	1.776020
1953.250000	0.758670
1953.333333	-0.164455
1953.416667	-0.050586
1953.500000	0.121200
1953.583333	0.291474
1953.666667	0.963841
1953.750000	1.189748
1953.833333	0.891762
1953.916667	0.553700
1954.000000	-0.208497
1954.083333	-0.213990
1954.166667	0.383517
1954.250000	-0.191267
1954.333333	-0.716687
1954.416667	-0.273755
1954.500000	-0.007796
1954.583333	-0.414486
1954.666667	-0.852739
1954.750000	-0.863790
1954.833333	-0.686322
1954.916667	-0.718295
1955.000000	-0.957354
1955.083333	-0.500390
1955.166667	0.154667
1955.250000	-0.283472
1955.333333	-0.947531
1955.416667	-1.091111
1955.500000	-1.432832
1955.583333	-2.013072
1955.666667	-1.962604
1955.750000	-1.304802
1955.833333	-0.699193
1955.916667	-0.879469
1956.000000	-1.599689
1956.083333	-1.341154
1956.166667	-0.632436
1956.250000	-0.597323
1956.333333	-0.494242
1956.416667	-0.300810
1956.500000	-1.144795
1956.583333	-1.881962
1956.666667	-1.303971
1956.750000	-0.402615
1956.833333	0.071153
1956.916667	0.162962
1957.000000	0.065378
1957.083333	0.760929
1957.166667	1.572390
1957.250000	1.110599
1957.333333	0.308863
1957.416667	-0.043068
1957.500000	-0.556685
1957.583333	-1.067388
1957.666667	-0.691281
1957.750000	0.038024
1957.833333	0.479945
1957.916667	0.454254
1958.000000	-0.016374
1958.083333	0.072089
1958.166667	0.544856
1958.250000	0.168199
1958.333333	0.123850
1958.416667	1.042515
1958.500000	1.523542
1958.583333	1.299871
1958.666667	1.453206
1958.750000	1.540490
1958.833333	0.982439
1958.916667	0.182231
1959.000000	-0.337051
1959.083333	0.137138
1959.166667	0.618639
1959.250000	0.082341
1959.333333	-0.250402
1959.416667	-0.256099
1959.500000	-0.681567
1959.583333	-0.857082
1959.666667	-0.060416
1959.750000	0.834907
1959.833333	0.781126
1959.916667	0.338484
1960.000000	0.322000
1960.083333	0.898460
1960.166667	1.183948
1960.250000	0.645595
1960.333333	0.398257
1960.416667	0.460611
1960.500000	0.213325
1960.583333	-0.290469
1960.666667	-0.602704
1960.750000	-0.288020
1960.833333	-0.056901
1960.916667	-0.203398
1961.000000	-0.126760
1961.083333	0.667410
1961.166667	1.167953
1961.250000	0.534075
1961.333333	0.025015
1961.416667	0.079766
1961.500000	0.352329
1961.583333	0.208191
1961.666667	-0.047678
1961.750000	0.324932
1961.833333	0.299880
1961.916667	0.032612
1962.000000	0.201189
1962.083333	0.900989
1962.166667	1.002490
1962.250000	0.483282
1962.333333	0.422716
1962.416667	0.406432
1962.500000	-0.296973
1962.583333	-1.466951
1962.666667	-1.790915
1962.750000	-1.237745
1962.833333	-1.003900
1962.916667	-1.014384
1963.000000	-0.718668
1963.083333	0.310548
1963.166667	0.854590
1963.250000	0.020835
1963.333333	-0.385826
1963.416667	-0.173406
1963.500000	-0.253304
1963.583333	-0.380275
1963.666667	-0.164851
1963.750000	0.165782
1963.833333	0.350089
1963.916667	0.013729
1964.000000	-0.768005
1964.083333	-0.647611
1964.166667	0.112946
1964.250000	-0.165549
1964.333333	-0.228240
1964.416667	0.293215
1964.500000	-0.389564
1964.583333	-1.313548
1964.666667	-1.107422
1964.750000	-0.498451
1964.833333	-0.096064
1964.916667	-0.410315
1965.000000	-1.151968
1965.083333	-0.561780
1965.166667	0.815384
1965.250000	0.993104
1965.333333	0.640703
1965.416667	1.133557
1965.500000	1.265088
1965.583333	0.274557
1965.666667	-0.298637
1965.750000	-0.302008
1965.833333	0.179678
1965.916667	0.633824
1966.000000	0.400303
1966.083333	0.649925
1966.166667	1.000709
1966.250000	0.263063
1966.333333	0.148447
1966.416667	0.924018
1966.500000	0.641451
1966.583333	-0.542307
1966.666667	-1.558176
1966.750000	-1.856742
1966.833333	-1.317752
1966.916667	-1.162827
1967.000000	-1.588097
1967.083333	-1.129950
1967.166667	-0.335591
1967.250000	-0.277828
1967.333333	0.083235
1967.416667	0.630724
1967.500000	0.383678
1967.583333	0.151846
1967.666667	0.368851
1967.750000	0.322927
1967.833333	0.062378
1967.916667	-0.227965
1968.000000	-0.644495
1968.083333	-0.401085
1968.166667	0.099706
1968.250000	-0.218721
1968.333333	-0.739535
1968.416667	-0.961961
1968.500000	-1.463542
1968.583333	-2.050100
1968.666667	-1.995769
1968.750000	-1.477510
1968.833333	-1.080749
1968.916667	-0.843230
1969.000000	-1.041087
1969.083333	-0.750857
1969.166667	-0.165627
1969.250000	-0.830352
1969.333333	-1.481799
1969.416667	-1.262530
1969.500000	-1.197940
1969.583333	-0.739592
1969.666667	0.107616
1969.750000	0.418337
1969.833333	0.177405
1969.916667	-0.263437
1970.000000	-0.444758
1970.083333	0.267853
1970.166667	1.052349
1970.250000	0.663140
1970.333333	-0.030108
1970.416667	-0.439305
1970.500000	-0.699838
1970.583333	-0.946776
1970.666667	-1.343710
1970.750000	-1.692081
1970.833333	-1.331882
1970.916667	-0.804379
1971.000000	-1.154736
1971.083333	-1.346263
1971.166667	-1.074278
1971.250000	-1.178519
1971.333333	-0.990837
1971.416667	-0.338605
1971.500000	-0.057888
1971.583333	-0.337102
1971.666667	-0.716876
1971.750000	-0.604354
1971.833333	-0.620320
1971.916667	-1.021214
1972.000000	-1.135699
1972.083333	-0.705799
1972.166667	-0.554465
1972.250000	-1.144316
1972.333333	-1.628743
1972.416667	-1.797378
1972.500000	-1.969028
1972.583333	-1.729700
1972.666667	-1.240762
1972.750000	-1.060351
1972.833333	-0.778128
1972.916667	-0.395938
1973.000000	-0.854716
1973.083333	-1.333571
1973.166667	-1.372380
1973.250000	-1.687398
1973.333333	-1.444597
1973.416667	-0.910743
1973.500000	-1.338362
1973.583333	-1.981074
1973.666667	-2.087314
1973.750000	-1.855114
1973.833333	-1.131790
1973.916667	-0.413503
1974.000000	-0.459232
1974.083333	-0.467034
1974.166667	-0.332860
1974.250000	-0.895065
1974.333333	-0.889666
1974.416667	-0.039741
1974.500000	0.325995
1974.583333	-0.313526
1974.666667	-0.761011
1974.750000	0.054294
1974.833333	1.062690
1974.916667	0.715234
1975.000000	-0.054570
1975.083333	-0.264468
1975.166667	-0.146656
1975.250000	-0.384770
1975.333333	-0.286726
1975.416667	0.409515
1975.500000	0.473358
1975.583333	-0.212518
1975.666667	-0.421776
1975.750000	-0.160049
1975.833333	-0.016902
1975.916667	-0.454658
1976.000000	-1.005266
1976.083333	-0.333514
1976.166667	0.909788
1976.250000	1.030390
1976.333333	1.022706
1976.416667	1.316003
1976.500000	0.966205
1976.583333	0.548478
1976.666667	0.273035
1976.750000	-0.073908
1976.833333	-0.297425
1976.916667	-0.440798
1977.000000	-0.314126
1977.083333	0.237298
1977.166667	0.764072
1977.250000	0.545743
1977.333333	-0.002604
1977.416667	-0.387248
1977.500000	-0.943632
1977.583333	-1.313318
1977.666667	-1.221441
1977.750000	-0.765247
1977.833333	0.059345
1977.916667	0.676910
1978.000000	0.580741
1978.083333	0.583344
1978.166667	0.357276
1978.250000	-0.405244
1978.333333	-0.704971
1978.416667	-0.217040
1978.500000	0.304867
1978.583333	0.457601
1978.666667	0.372976
1978.750000	-0.013743
1978.833333	-0.436300
1978.916667	-0.436201
1979.000000	0.075631
1979.083333	1.138405
1979.166667	1.724339
1979.250000	1.049058
1979.333333	0.444387
1979.416667	0.571927
1979.500000	0.381757
1979.583333	0.054599
1979.666667	0.001456
1979.750000	-0.220922
1979.833333	-0.143223
1979.916667	0.602255
1980.000000	0.972200
1980.083333	1.438701
1980.166667	2.046794
1980.250000	1.637074
1980.333333	1.088523
1980.416667	1.143156
1980.500000	1.173730
1980.583333	1.511830
1980.666667	2.118913
1980.750000	2.159712
1980.833333	2.011647
1980.916667	1.923943
1981.000000	1.894054
1981.083333	2.640219
1981.166667	3.228437
1981.250000	2.901318
1981.333333	2.699131
1981.416667	1.997591
1981.500000	0.775544
1981.583333	-0.098899
1981.666667	-0.276308
1981.750000	0.225476
1981.833333	0.967803
1981.916667	0.727426
1982.000000	-0.413356
1982.083333	-0.742143
1982.166667	-0.439514
1982.250000	-0.489464
1982.333333	-0.326207
1982.416667	0.104942
1982.500000	0.384856
1982.583333	0.652138
1982.666667	0.692225
1982.750000	0.662207
1982.833333	1.069622
1982.916667	1.414400
1983.000000	1.031895
1983.083333	1.293304
1983.166667	2.052996
1983.250000	1.791405
1983.333333	1.454355
1983.416667	1.861703
1983.500000	1.884762
1983.583333	1.471890
1983.666667	1.342183
1983.750000	1.336519
1983.833333	1.187891
1983.916667	1.044823
1984.000000	0.876952
1984.083333	1.400138
1984.166667	2.067904
1984.250000	1.972139
1984.333333	1.548904
1984.416667	0.901826
1984.500000	0.201443
1984.583333	-0.399293
1984.666667	-0.999854
1984.750000	-1.046992
1984.833333	-0.374955
1984.916667	0.034101
1985.000000	0.524629
1985.083333	2.165322
1985.166667	3.363097
1985.250000	2.357361
1985.333333	1.731497
1985.416667	2.435485
1985.500000	2.287254
1985.583333	1.535984
1985.666667	1.488508
1985.750000	1.869152
1985.833333	2.493708
1985.916667	2.778407
1986.000000	2.114209
1986.083333	1.960896
1986.166667	2.474022
1986.250000	2.426663
1986.333333	1.850338
1986.416667	1.403479
1986.500000	1.082656
1986.583333	0.531602
1986.666667	0.185613
1986.750000	0.370102
1986.833333	0.734831
1986.916667	1.019464
1987.000000	1.036873
1987.083333	1.482492
1987.166667	2.279840
1987.250000	2.433364
1987.333333	2.191780
1987.416667	2.296289
1987.500000	1.966403
1987.583333	0.860007
1987.666667	-0.227511
1987.750000	-0.658937
1987.833333	-0.547997
1987.916667	-0.273183
1988.000000	0.067457
1988.083333	0.561455
1988.166667	0.633603
1988.250000	0.239906
1988.333333	0.096808
1988.416667	0.208428
1988.500000	0.231335
1988.583333	0.379933
1988.666667	0.531965
1988.750000	0.606043
1988.833333	1.201265
1988.916667	1.698279
1989.000000	0.996864
1989.083333	0.634973
1989.166667	0.601990
1989.250000	-0.170492
1989.333333	-0.923713
1989.416667	-1.263034
1989.500000	-1.548557
1989.583333	-1.238214
1989.666667	-0.126014
1989.750000	0.392746
1989.833333	0.235303
1989.916667	0.279279
1990.000000	0.678843
1990.083333	1.110447
1990.166667	0.755825
1990.250000	-0.237562
1990.333333	-0.609916
1990.416667	-0.348240
1990.500000	-0.230805
1990.583333	-0.428125
1990.666667	-0.525745
1990.750000	-0.570134
1990.833333	-0.741651
1990.916667	-0.878375
1991.000000	-0.825849
1991.083333	-0.179645
1991.166667	0.458037
1991.250000	0.355708
1991.333333	0.342682
1991.416667	0.822868
1991.500000	1.034263
1991.583333	0.686716
1991.666667	0.570252
1991.750000	0.985351
1991.833333	1.060893
1991.916667	0.525237
1992.000000	-0.085744
1992.083333	0.221091
1992.166667	1.061456
1992.250000	0.819915
1992.333333	0.491776
1992.416667	0.439201
1992.500000	0.019064
1992.583333	-0.449971
1992.666667	-0.607154
1992.750000	-0.308803
1992.833333	0.411427
1992.916667	0.800326
1993.000000	1.157052
1993.083333	1.801645
1993.166667	1.996535
1993.250000	1.551003
1993.333333	1.832247
1993.416667	2.899772
1993.500000	3.347200
1993.583333	2.507280
1993.666667	1.641868
1993.750000	1.468774
1993.833333	0.895913
1993.916667	-0.167995
1994.000000	-0.543161
1994.083333	-0.238337
1994.166667	-0.439426
1994.250000	-1.004240
1994.333333	-0.897474
1994.416667	-0.399323
1994.500000	-0.376286
1994.583333	-0.453140
1994.666667	-0.185332
1994.750000	-0.051348
1994.833333	-0.192688
1994.916667	-0.198126
1995.000000	0.208438
1995.083333	1.038683
1995.166667	1.248099
1995.250000	0.169965
1995.333333	-0.740078
1995.416667	-0.692244
1995.500000	-0.586683
1995.583333	-0.539830
1995.666667	-0.184719
1995.750000	0.115806
1995.833333	0.201515
1995.916667	0.150944
1996.000000	0.074842
1996.083333	0.636592
1996.166667	1.176791
1996.250000	0.994395
1996.333333	0.662605
1996.416667	0.115844
1996.500000	-0.823271
1996.583333	-1.184457
1996.666667	-0.798914
1996.750000	0.082103
1996.833333	1.115578
1996.916667	1.515289
1997.000000	1.583374
1997.083333	2.001531
1997.166667	2.286172
1997.250000	1.895059
1997.333333	1.484647
1997.416667	1.703681
1997.500000	1.723914
1997.583333	1.093717
1997.666667	0.520871
1997.750000	0.667712
1997.833333	1.333863
1997.916667	1.352010
1998.000000	0.753647
1998.083333	1.075385
1998.166667	2.156150
1998.250000	2.546538
1998.333333	2.082135
1998.416667	1.775662
1998.500000	1.461980
1998.583333	0.401362
1998.666667	-0.870583
1998.750000	-1.278313
1998.833333	-1.064328
1998.916667	-0.958218
1999.000000	-1.034060
1999.083333	-0.633164
1999.166667	-0.449840
1999.250000	-1.193977
1999.333333	-1.697699
1999.416667	-1.517236
1999.500000	-1.432586
1999.583333	-1.081178
1999.666667	-0.414811
1999.750000	-0.192222
1999.833333	0.020608
1999.916667	0.230636
2000.000000	-0.041869
2000.083333	-0.064487
2000.166667	-0.104244
2000.250000	-0.863302
2000.333333	-1.433511
2000.416667	-1.456398
2000.500000	-1.955319
2000.583333	-2.072849
2000.666667	-1.297726
2000.750000	-0.586488
2000.833333	0.028937
2000.916667	0.209735
2001.000000	-0.028103
2001.083333	0.487880
2001.166667	1.060444
2001.250000	0.340705
2001.333333	-0.684980
2001.416667	-1.463771
2001.500000	-2.434761
2001.583333	-2.300467
2001.666667	-1.268753
2001.750000	-0.396844
2001.833333	0.401251
2001.916667	0.452765
2002.000000	-0.044028
2002.083333	0.262213
2002.166667	0.648441
2002.250000	0.139492
2002.333333	-0.024558
2002.416667	0.808734
2002.500000	1.751627
2002.583333	2.141388
2002.666667	1.838135
2002.750000	1.444067
2002.833333	1.485686
2002.916667	1.484475
2003.000000	1.052276
2003.083333	1.191684
2003.166667	1.475124
2003.250000	0.623811
2003.333333	-0.566953
2003.416667	-0.741201
2003.500000	-0.383614
2003.583333	-0.264647
2003.666667	0.133415
2003.750000	0.731659
2003.833333	1.257934
2003.916667	1.502129
2004.000000	1.760691
2004.083333	2.772655
2004.166667	3.512288
2004.250000	2.889086
2004.333333	1.710637
2004.416667	0.633586
2004.500000	-0.514637
2004.583333	-1.068033
2004.666667	-0.806933
2004.750000	-0.087967
2004.833333	0.610051
2004.916667	0.500413
2005.000000	0.143320
2005.083333	0.551919
2005.166667	0.794567
2005.250000	0.253134
2005.333333	-0.048357
2005.416667	-0.014526
2005.500000	-0.206316
2005.583333	0.044805
2005.666667	0.896461
2005.750000	1.583274
2005.833333	1.795740
2005.916667	1.414249
2006.000000	1.032171
2006.083333	1.365005
2006.166667	1.373081
2006.250000	0.702480
2006.333333	0.338179
2006.416667	0.213986
2006.500000	0.000780
2006.583333	-0.216105
2006.666667	0.024024
2006.750000	0.500561
2006.833333	0.961269
2006.916667	0.745041
2007.000000	0.020575
2007.083333	0.277859
2007.166667	1.043105
2007.250000	0.608662
2007.333333	-0.369842
2007.416667	-0.608472
2007.500000	-0.508251
2007.583333	-0.828730
2007.666667	-1.442043
2007.750000	-1.308934
2007.833333	-0.442622
2007.916667	-0.118798
2008.000000	-0.663053
2008.083333	-0.906961
2008.166667	-1.167279
2008.250000	-1.796076
2008.333333	-2.073600
2008.416667	-2.221736
2008.500000	-2.397002
2008.583333	-2.036975
2008.666667	-0.837963
2008.750000	0.473900
2008.833333	0.715929
2008.916667	0.091052
2009.000000	-0.037019
2009.083333	0.785472
2009.166667	1.340613
2009.250000	1.260498
2009.333333	1.102435
2009.416667	0.841989
2009.500000	0.418230
2009.583333	0.478956
2009.666667	0.677568
2009.750000	0.064227
2009.833333	-0.623911
2009.916667	-1.451090
2010.000000	-2.304188
2010.083333	-1.390610
2010.166667	-0.736609
2010.250000	-0.863905
2010.333333	-0.461486
2010.416667	0.247397
2010.500000	0.547687
2010.583333	0.484997
2010.666667	0.016559
2010.750000	-0.454945
2010.833333	-0.260306
2010.916667	-0.000605
2011.000000	0.084854
2011.083333	0.461864
2011.166667	0.264673
2011.250000	-0.631191
2011.333333	-1.387530
2011.416667	-1.750419
2011.500000	-2.050141
2011.583333	-2.014846
2011.666667	-1.430097
2011.750000	-0.835973
2011.833333	-0.545471
2011.916667	-0.628230
2012.000000	-0.722138
2012.083333	-0.063878
2012.166667	0.326742
2012.250000	-0.099085
2012.333333	-0.073974
2012.416667	0.170746
2012.500000	-0.174455
2012.583333	-0.628223
2012.666667	-1.097761
2012.750000	-1.457336
2012.833333	-1.470975
2012.916667	-1.566904
2013.000000	-2.216524
2013.083333	-2.592368
2013.166667	-1.392216
2013.250000	-0.717577
2013.333333	-0.347977
2013.416667	0.183140
2013.500000	0.368913
2013.583333	-0.019165
2013.666667	-0.519307
2013.750000	-0.475529
2013.833333	0.029244
2013.916667	0.510394
2014.000000	1.104360
2014.083333	1.660844
2014.166667	1.363220
2014.250000	0.294861
2014.333333	-0.236470
2014.416667	0.028337
2014.500000	0.369217
2014.583333	0.080138
2014.666667	-0.427074
2014.750000	-0.050246
2014.833333	1.229902
2014.916667	2.086674
2015.000000	1.589174
2015.083333	1.087071
2015.166667	0.819782
2015.250000	0.224391
2015.333333	-0.183009
2015.416667	-0.404524
2015.500000	-0.405553
2015.583333	-0.164474
2015.666667	-0.060512
2015.750000	0.162127
2015.833333	0.820814
2015.916667	1.172151
2016.000000	1.103219
2016.083333	1.423426
2016.166667	1.678129
2016.250000	1.393452
2016.333333	1.492818
2016.416667	1.607039
2016.500000	1.239014
2016.583333	0.420399
2016.666667	-0.480975
2016.750000	-0.643880
2016.833333	-0.133167
2016.916667	-0.029066
2017.000000	-0.110394
2017.083333	0.530139
2017.166667	0.926793
2017.250000	0.392734
2017.333333	0.107242
2017.416667	0.106510
2017.500000	0.202016
2017.583333	0.436749
2017.666667	0.273525
2017.750000	0.151181
2017.833333	0.476398
2017.916667	0.464967
2018.000000	-0.052962
2018.083333	-0.164211
2018.166667	-0.001834
2018.250000	-0.244121
2018.333333	-0.339571
2018.416667	-0.262027
2018.500000	-0.448025
2018.583333	-0.594506
2018.666667	-0.343938
2018.750000	-0.326103
2018.833333	-0.227696
2018.916667	0.403434
2019.000000	0.924877
2019.083333	1.336753
2019.166667	1.308737
2019.250000	0.869779
2019.333333	0.442010
2019.416667	0.209496
2019.500000	0.476422
2019.583333	0.814753
2019.666667	0.696075
2019.750000	0.499737
2019.833333	0.460033
2019.916667	0.078081
2020.000000	-0.613887
2020.083333	-0.752593
2020.166667	-0.444953
2020.250000	-0.275798
2020.333333	-0.391430
2020.416667	-0.510632
2020.500000	-0.442165
2020.583333	-0.450975
2020.666667	-0.752245
2020.750000	-0.827861
2020.833333	-0.464649
2020.916667	-0.421655
2021.000000	-0.658191
2021.083333	-0.314618
2021.166667	-0.024163
2021.250000	-0.636626
2021.333333	-1.098291
2021.416667	-0.997190
2021.500000	-1.368137
2021.583333	-1.695654
2021.666667	-1.940268
2021.750000	-2.921511
2021.833333	-2.718768
2021.916667	-1.435842
2022.000000	-0.809425
2022.083333	-1.044634
