1880.000000	0.481851
1880.083333	0.210368
1880.166667	0.395658
1880.250000	0.587726
1880.333333	0.219228
1880.416667	-0.356302
1880.500000	-0.496813
1880.583333	-0.370803
1880.666667	-0.440023
1880.750000	-0.622862
1880.833333	-0.190371
1880.916667	0.524475
1881.000000	0.970823
1881.083333	1.205260
1881.166667	1.089297
1881.250000	0.921059
1881.333333	1.301965
1881.416667	2.109782
1881.500000	2.577219
1881.583333	2.499261
1881.666667	2.211526
1881.750000	2.366296
1881.833333	2.555877
1881.916667	2.443538
1882.000000	2.029838
1882.083333	1.255267
1882.166667	0.589845
1882.250000	0.250912
1882.333333	0.308608
1882.416667	0.727691
1882.500000	1.265678
1882.583333	1.787182
1882.666667	1.882292
1882.750000	1.743117
1882.833333	1.713557
1882.916667	1.862051
1883.000000	1.846343
1883.083333	1.324102
1883.166667	0.824382
1883.250000	0.841958
1883.333333	1.151424
1883.416667	1.324434
1883.500000	0.826266
1883.583333	0.029451
1883.666667	-0.230738
1883.750000	-0.140816
1883.833333	0.029858
1883.916667	0.460778
1884.000000	0.693337
1884.083333	0.493396
1884.166667	0.270156
1884.250000	-0.067340
1884.333333	-0.524503
1884.416667	-0.628692
1884.500000	-0.288805
1884.583333	-0.087872
1884.666667	0.265600
1884.750000	0.388673
1884.833333	0.174977
1884.916667	0.053831
1885.000000	-0.490488
1885.083333	-0.716565
1885.166667	-0.089498
1885.250000	0.083678
1885.333333	-0.183579
1885.416667	-0.325472
1885.500000	-0.385346
1885.583333	-0.676203
1885.666667	-1.107763
1885.750000	-1.103160
1885.833333	-0.903983
1885.916667	-0.764455
1886.000000	-0.105537
1886.083333	0.642460
1886.166667	0.759334
1886.250000	0.840954
1886.333333	0.961374
1886.416667	0.660383
1886.500000	0.646383
1886.583333	1.209051
1886.666667	1.464509
1886.750000	1.070424
1886.833333	0.620078
1886.916667	0.494417
1887.000000	0.606704
1887.083333	0.773218
1887.166667	0.846640
1887.250000	0.647638
1887.333333	0.246809
1887.416667	-0.020220
1887.500000	-0.502050
1887.583333	-1.198418
1887.666667	-1.185047
1887.750000	-0.679166
1887.833333	-0.271505
1887.916667	0.214310
1888.000000	0.951236
1888.083333	1.332853
1888.166667	1.044395
1888.250000	0.414227
1888.333333	-0.060892
1888.416667	-0.114802
1888.500000	-0.069309
1888.583333	-0.474447
1888.666667	-1.008243
1888.750000	-1.002964
1888.833333	-0.738356
1888.916667	-0.706754
1889.000000	-0.885361
1889.083333	-0.966688
1889.166667	-0.902402
1889.250000	-1.127231
1889.333333	-1.353477
1889.416667	-1.057027
1889.500000	-0.755545
1889.583333	-0.637684
1889.666667	-0.485569
1889.750000	-0.049386
1889.833333	0.758531
1889.916667	1.256985
1890.000000	1.152020
1890.083333	0.993056
1890.166667	0.837118
1890.250000	0.661117
1890.333333	0.795337
1890.416667	1.188652
1890.500000	1.071189
1890.583333	0.304241
1890.666667	-0.563797
1890.750000	-0.891397
1890.833333	-0.835027
1890.916667	-0.638182
1891.000000	-0.219559
1891.083333	0.061129
1891.166667	0.208691
1891.250000	0.457359
1891.333333	0.773923
1891.416667	0.991763
1891.500000	1.006860
1891.583333	1.143686
1891.666667	1.314698
1891.750000	1.319220
1891.833333	1.049284
1891.916667	0.907824
1892.000000	1.123314
1892.083333	1.093238
1892.166667	1.204287
1892.250000	1.185380
1892.333333	0.725936
1892.416667	0.372594
1892.500000	0.768985
1892.583333	1.838077
1892.666667	2.295781
1892.750000	2.215613
1892.833333	2.320005
1892.916667	2.357591
1893.000000	2.195736
1893.083333	1.599055
1893.166667	0.914653
1893.250000	0.570350
1893.333333	0.314547
1893.416667	0.121274
1893.500000	0.174488
1893.583333	0.837169
1893.666667	1.744301
1893.750000	1.661803
1893.833333	0.898636
1893.916667	0.380246
1894.000000	-0.030492
1894.083333	-0.009200
1894.166667	0.553464
1894.250000	1.053328
1894.333333	0.942552
1894.416667	0.098403
1894.500000	-0.536289
1894.583333	-0.453854
1894.666667	0.108535
1894.750000	0.852831
1894.833333	1.241304
1894.916667	0.901939
1895.000000	0.207186
1895.083333	0.096778
1895.166667	0.544092
1895.250000	0.294107
1895.333333	-0.704812
1895.416667	-1.424345
1895.500000	-1.345601
1895.583333	-1.111163
1895.666667	-1.301798
1895.750000	-1.480041
1895.833333	-1.445398
1895.916667	-1.377010
1896.000000	-1.208981
1896.083333	-0.676325
1896.166667	0.119953
1896.250000	0.650318
1896.333333	0.551729
1896.416667	0.344505
1896.500000	0.682729
1896.583333	0.924734
1896.666667	0.867939
1896.750000	0.847584
1896.833333	1.153892
1896.916667	1.401692
1897.000000	1.321515
1897.083333	1.219424
1897.166667	1.416160
1897.250000	1.294259
1897.333333	0.352685
1897.416667	-0.500842
1897.500000	-0.687143
1897.583333	-0.293052
1897.666667	0.291296
1897.750000	0.580043
1897.833333	0.669772
1897.916667	0.696472
1898.000000	1.099637
1898.083333	1.575698
1898.166667	1.625938
1898.250000	1.716124
1898.333333	2.045311
1898.416667	2.731578
1898.500000	2.957907
1898.583333	2.270642
1898.666667	2.020344
1898.750000	2.356028
1898.833333	2.792895
1898.916667	2.486074
1899.000000	1.898961
1899.083333	1.689784
1899.166667	1.804121
1899.250000	1.846834
1899.333333	1.970836
1899.416667	2.210714
1899.500000	2.133289
1899.583333	1.904848
1899.666667	1.548349
1899.750000	1.188761
1899.833333	1.377320
1899.916667	1.488781
1900.000000	1.301972
1900.083333	1.448886
1900.166667	1.836302
1900.250000	1.626710
1900.333333	1.349074
1900.416667	1.432544
1900.500000	1.151676
1900.583333	0.881928
1900.666667	1.018127
1900.750000	1.142539
1900.833333	1.413052
1900.916667	1.415734
1901.000000	0.831614
1901.083333	0.395948
1901.166667	0.500138
1901.250000	0.565833
1901.333333	0.312065
1901.416667	-0.306908
1901.500000	-0.850872
1901.583333	-0.489481
1901.666667	0.185570
1901.750000	0.064240
1901.833333	-0.311313
1901.916667	-0.297380
1902.000000	-0.199918
1902.083333	-0.221436
1902.166667	-0.101031
1902.250000	0.206589
1902.333333	0.527149
1902.416667	0.444425
1902.500000	-0.142036
1902.583333	-0.749604
1902.666667	-0.878579
1902.750000	-0.512244
1902.833333	-0.231747
1902.916667	-0.152987
1903.000000	-0.082871
1903.083333	-0.154570
1903.166667	-0.175135
1903.250000	0.196198
1903.333333	0.977039
1903.416667	1.863809
1903.500000	2.479015
1903.583333	2.774565
1903.666667	2.781465
1903.750000	2.518033
1903.833333	2.278325
1903.916667	2.033960
1904.000000	1.848552
1904.083333	1.780239
1904.166667	1.939540
1904.250000	2.211700
1904.333333	2.089448
1904.416667	1.500846
1904.500000	1.144113
1904.583333	1.154075
1904.666667	1.301705
1904.750000	1.376845
1904.833333	1.260839
1904.916667	0.962246
1905.000000	0.666407
1905.083333	1.037117
1905.166667	1.555389
1905.250000	1.427340
1905.333333	1.020431
1905.416667	0.805024
1905.500000	0.920723
1905.583333	1.135697
1905.666667	1.139990
1905.750000	0.956430
1905.833333	0.153031
1905.916667	-0.763463
1906.000000	-0.941880
1906.083333	-0.781903
1906.166667	-0.889180
1906.250000	-1.260710
1906.333333	-1.374747
1906.416667	-1.127289
1906.500000	-1.138948
1906.583333	-1.377612
1906.666667	-1.336727
1906.750000	-1.338987
1906.833333	-1.312678
1906.916667	-1.031114
1907.000000	-0.945069
1907.083333	-0.951725
1907.166667	-0.658563
1907.250000	-0.411147
1907.333333	-0.207568
1907.416667	0.028148
1907.500000	0.025504
1907.583333	-0.154020
1907.666667	-0.129081
1907.750000	0.242833
1907.833333	0.532327
1907.916667	0.563085
1908.000000	0.593643
1908.083333	0.524833
1908.166667	0.086542
1908.250000	-0.149612
1908.333333	0.393541
1908.416667	1.213419
1908.500000	1.563835
1908.583333	1.221720
1908.666667	0.735393
1908.750000	0.362907
1908.833333	-0.004229
1908.916667	-0.232305
1909.000000	-0.323335
1909.083333	-0.448648
1909.166667	-0.760000
1909.250000	-0.968634
1909.333333	-0.939483
1909.416667	-0.924357
1909.500000	-1.060667
1909.583333	-1.190202
1909.666667	-0.592729
1909.750000	0.118433
1909.833333	-0.016863
1909.916667	-0.306833
1910.000000	-0.477232
1910.083333	-0.485434
1910.166667	0.014955
1910.250000	0.377850
1910.333333	0.292866
1910.416667	0.356051
1910.500000	0.347315
1910.583333	0.060824
1910.666667	-0.187647
1910.750000	-0.397731
1910.833333	-0.381122
1910.916667	-0.306309
1911.000000	-0.728895
1911.083333	-1.213739
1911.166667	-1.168249
1911.250000	-0.697667
1911.333333	-0.284218
1911.416667	-0.420395
1911.500000	-0.473193
1911.583333	0.310674
1911.666667	0.794452
1911.750000	0.182010
1911.833333	-0.830788
1911.916667	-1.536920
1912.000000	-1.898209
1912.083333	-1.853434
1912.166667	-1.460535
1912.250000	-0.845746
1912.333333	-0.423103
1912.416667	-0.432929
1912.500000	-0.498674
1912.583333	-0.809584
1912.666667	-1.283191
1912.750000	-1.348837
1912.833333	-0.846652
1912.916667	-0.299710
1913.000000	0.000000
1913.083333	-0.127073
1913.166667	-0.609592
1913.250000	-1.102048
1913.333333	-1.491501
1913.416667	-1.188039
1913.500000	-0.528984
1913.583333	-0.399809
1913.666667	-0.440000
1913.750000	-0.765045
1913.833333	-1.202155
1913.916667	-1.278813
1914.000000	-1.237565
1914.083333	-1.078871
1914.166667	-1.088652
1914.250000	-1.399082
1914.333333	-1.629096
1914.416667	-1.503254
1914.500000	-1.211451
1914.583333	-1.097815
1914.666667	-1.152120
1914.750000	-0.959865
1914.833333	-0.466496
1914.916667	0.088036
1915.000000	0.344331
1915.083333	0.287839
1915.166667	-0.188453
1915.250000	-0.738249
1915.333333	-0.561334
1915.416667	0.064003
1915.500000	0.452531
1915.583333	0.459950
1915.666667	0.225089
1915.750000	0.100607
1915.833333	0.283804
1915.916667	0.189514
1916.000000	-0.541967
1916.083333	-0.875443
1916.166667	-0.467019
1916.250000	-0.029245
1916.333333	-0.055916
1916.416667	-0.462661
1916.500000	-0.867274
1916.583333	-0.955095
1916.666667	-0.814345
1916.750000	-1.042662
1916.833333	-1.806772
1916.916667	-2.449652
1917.000000	-1.917752
1917.083333	-1.161565
1917.166667	-0.960838
1917.250000	-1.281998
1917.333333	-1.364012
1917.416667	-1.026262
1917.500000	-0.843936
1917.583333	-0.892821
1917.666667	-0.971004
1917.750000	-0.944276
1917.833333	-0.714155
1917.916667	-0.775092
1918.000000	-1.195864
1918.083333	-1.834903
1918.166667	-2.682025
1918.250000	-2.926411
1918.333333	-2.751912
1918.416667	-2.407320
1918.500000	-2.086377
1918.583333	-1.822252
1918.666667	-1.641849
1918.750000	-1.414593
1918.833333	-1.188584
1918.916667	-0.823232
1919.000000	-0.615445
1919.083333	-0.941778
1919.166667	-1.580426
1919.250000	-1.733676
1919.333333	-1.347708
1919.416667	-0.930882
1919.500000	-0.980748
1919.583333	-1.190098
1919.666667	-1.170131
1919.750000	-1.050117
1919.833333	-0.761507
1919.916667	-0.258434
1920.000000	0.289971
1920.083333	0.569816
1920.166667	0.821226
1920.250000	1.120200
1920.333333	0.706928
1920.416667	-0.173999
1920.500000	-0.776053
1920.583333	-1.115456
1920.666667	-1.171849
1920.750000	-0.916690
1920.833333	-0.789111
1920.916667	-0.860814
1921.000000	-1.027209
1921.083333	-1.191429
1921.166667	-1.426081
1921.250000	-1.532748
1921.333333	-1.076122
1921.416667	-0.680397
1921.500000	-0.847838
1921.583333	-1.072174
1921.666667	-1.102156
1921.750000	-1.091100
1921.833333	-1.075121
1921.916667	-0.650416
1922.000000	0.178308
1922.083333	0.607055
1922.166667	0.581048
1922.250000	0.295843
1922.333333	-0.043423
1922.416667	0.089708
1922.500000	0.372085
1922.583333	0.297204
1922.666667	0.190490
1922.750000	0.089949
1922.833333	-0.342413
1922.916667	-0.800695
1923.000000	-1.056340
1923.083333	-1.361794
1923.166667	-1.438126
1923.250000	-1.229794
1923.333333	-1.171188
1923.416667	-1.303988
1923.500000	-1.597761
1923.583333	-2.041527
1923.666667	-2.335884
1923.750000	-2.136532
1923.833333	-1.864906
1923.916667	-1.700019
1924.000000	-1.308770
1924.083333	-0.874076
1924.166667	-0.736013
1924.250000	-0.734586
1924.333333	-0.856416
1924.416667	-1.139279
1924.500000	-1.245249
1924.583333	-1.104579
1924.666667	-0.794760
1924.750000	-0.363737
1924.833333	-0.424668
1924.916667	-0.987161
1925.000000	-1.311524
1925.083333	-1.094279
1925.166667	-0.686415
1925.250000	-0.420569
1925.333333	-0.668651
1925.416667	-1.046910
1925.500000	-0.805575
1925.583333	0.098385
1925.666667	0.732042
1925.750000	0.448503
1925.833333	-0.234058
1925.916667	-0.479475
1926.000000	-0.113355
1926.083333	0.239639
1926.166667	0.433629
1926.250000	0.714090
1926.333333	0.755271
1926.416667	0.480904
1926.500000	0.444550
1926.583333	0.563686
1926.666667	0.400126
1926.750000	0.114717
1926.833333	-0.036719
1926.916667	-0.146532
1927.000000	-0.223511
1927.083333	-0.228430
1927.166667	0.165147
1927.250000	0.881872
1927.333333	1.495632
1927.416667	1.915069
1927.500000	2.082545
1927.583333	2.189126
1927.666667	1.815936
1927.750000	0.891379
1927.833333	0.216377
1927.916667	0.177128
1928.000000	0.678174
1928.083333	1.280640
1928.166667	1.510538
1928.250000	1.070311
1928.333333	-0.030708
1928.416667	-0.796223
1928.500000	-0.757293
1928.583333	-0.723098
1928.666667	-1.148386
1928.750000	-1.419857
1928.833333	-1.263746
1928.916667	-1.268443
1929.000000	-1.640753
1929.083333	-2.106995
1929.166667	-2.620885
1929.250000	-2.469021
1929.333333	-1.733090
1929.416667	-1.297768
1929.500000	-0.865470
1929.583333	-0.306456
1929.666667	-0.418762
1929.750000	-1.144255
1929.833333	-1.482776
1929.916667	-1.233076
1930.000000	-0.527168
1930.083333	0.136886
1930.166667	0.429308
1930.250000	0.277691
1930.333333	-0.295341
1930.416667	-0.644441
1930.500000	-0.396696
1930.583333	-0.008186
1930.666667	0.249906
1930.750000	0.226833
1930.833333	-0.107944
1930.916667	-0.145528
1931.000000	0.346942
1931.083333	0.730364
1931.166667	0.675209
1931.250000	0.481828
1931.333333	0.315884
1931.416667	0.217116
1931.500000	0.222703
1931.583333	0.500249
1931.666667	0.743542
1931.750000	0.619217
1931.833333	0.419927
1931.916667	0.571613
1932.000000	0.765938
1932.083333	0.361817
1932.166667	-0.288644
1932.250000	-0.430541
1932.333333	-0.170003
1932.416667	0.154068
1932.500000	0.599554
1932.583333	1.142944
1932.666667	1.544383
1932.750000	1.547381
1932.833333	1.054222
1932.916667	0.466607
1933.000000	0.220997
1933.083333	0.486696
1933.166667	0.695933
1933.250000	0.739154
1933.333333	1.196384
1933.416667	1.736708
1933.500000	1.326208
1933.583333	0.614796
1933.666667	0.682864
1933.750000	1.381133
1933.833333	1.474664
1933.916667	0.804496
1934.000000	0.554963
1934.083333	0.818997
1934.166667	0.959969
1934.250000	0.819407
1934.333333	0.517573
1934.416667	0.087144
1934.500000	-0.093921
1934.583333	0.263887
1934.666667	0.815156
1934.750000	1.237061
1934.833333	1.451591
1934.916667	1.382516
1935.000000	1.455938
1935.083333	1.590801
1935.166667	1.235379
1935.250000	0.570061
1935.333333	0.298223
1935.416667	0.206399
1935.500000	0.022153
1935.583333	0.278028
1935.666667	0.726097
1935.750000	0.978036
1935.833333	1.128453
1935.916667	1.009459
1936.000000	1.208650
1936.083333	2.004680
1936.166667	2.478208
1936.250000	2.403358
1936.333333	2.418107
1936.416667	2.538752
1936.500000	2.476977
1936.583333	2.183858
1936.666667	1.442356
1936.750000	0.953680
1936.833333	1.041454
1936.916667	1.125820
1937.000000	0.896822
1937.083333	0.497001
1937.166667	-0.055977
1937.250000	-0.102810
1937.333333	0.404919
1937.416667	0.833117
1937.500000	1.070694
1937.583333	1.138128
1937.666667	1.335331
1937.750000	1.879388
1937.833333	2.185076
1937.916667	2.076380
1938.000000	1.765076
1938.083333	1.445084
1938.166667	1.271521
1938.250000	1.142513
1938.333333	1.376733
1938.416667	1.777715
1938.500000	1.742045
1938.583333	1.535138
1938.666667	1.535744
1938.750000	1.288305
1938.833333	0.524124
1938.916667	-0.066521
1939.000000	0.343974
1939.083333	0.983141
1939.166667	1.079961
1939.250000	0.967583
1939.333333	0.912793
1939.416667	0.812694
1939.500000	0.639190
1939.583333	0.432411
1939.666667	0.274839
1939.750000	0.526790
1939.833333	0.716872
1939.916667	0.604463
1940.000000	0.739999
1940.083333	1.171810
1940.166667	1.688650
1940.250000	1.790641
1940.333333	1.542115
1940.416667	1.109674
1940.500000	0.890020
1940.583333	0.959417
1940.666667	0.682492
1940.750000	0.244391
1940.833333	0.340043
1940.916667	0.559240
1941.000000	0.354834
1941.083333	0.002698
1941.166667	0.252626
1941.250000	0.906231
1941.333333	1.195976
1941.416667	1.094039
1941.500000	1.000469
1941.583333	0.791476
1941.666667	0.282382
1941.750000	-0.261800
1941.833333	-0.106218
1941.916667	0.429763
1942.000000	0.588370
1942.083333	0.618613
1942.166667	0.757318
1942.250000	0.954446
1942.333333	1.332794
1942.416667	1.790488
1942.500000	1.626928
1942.583333	1.122876
1942.666667	0.795576
1942.750000	0.564960
1942.833333	0.341451
1942.916667	0.336648
1943.000000	0.319386
1943.083333	0.195121
1943.166667	0.178082
1943.250000	-0.073925
1943.333333	-0.292558
1943.416667	-0.043868
1943.500000	0.119919
1943.583333	0.304594
1943.666667	0.532516
1943.750000	0.297102
1943.833333	0.320722
1943.916667	0.549960
1944.000000	0.276583
1944.083333	-0.169693
1944.166667	-0.614145
1944.250000	-0.898024
1944.333333	-0.734171
1944.416667	-0.278401
1944.500000	0.018310
1944.583333	-0.199637
1944.666667	-0.845795
1944.750000	-1.520445
1944.833333	-1.648553
1944.916667	-1.071066
1945.000000	-0.484658
1945.083333	-0.161514
1945.166667	-0.212145
1945.250000	-0.389971
1945.333333	-0.102956
1945.416667	0.302687
1945.500000	0.376283
1945.583333	0.123388
1945.666667	-0.331542
1945.750000	-0.841331
1945.833333	-1.192739
1945.916667	-1.413671
1946.000000	-1.518680
1946.083333	-1.352023
1946.166667	-1.335256
1946.250000	-1.475983
1946.333333	-1.518891
1946.416667	-1.521143
1946.500000	-1.511668
1946.583333	-1.464641
1946.666667	-1.315124
1946.750000	-1.148882
1946.833333	-0.958733
1946.916667	-0.982923
1947.000000	-1.348144
1947.083333	-1.534543
1947.166667	-1.445063
1947.250000	-1.040913
1947.333333	-0.599797
1947.416667	-0.468667
1947.500000	-0.429834
1947.583333	-0.373387
1947.666667	-0.484525
1947.750000	-0.825815
1947.833333	-1.280749
1947.916667	-1.600338
1948.000000	-1.535018
1948.083333	-1.358491
1948.166667	-1.248305
1948.250000	-1.208129
1948.333333	-1.098722
1948.416667	-0.954131
1948.500000	-0.934497
1948.583333	-1.116312
1948.666667	-1.109854
1948.750000	-0.946256
1948.833333	-0.963395
1948.916667	-0.775807
1949.000000	-0.657300
1949.083333	-0.616517
1949.166667	0.124361
1949.250000	1.060529
1949.333333	1.200637
1949.416667	0.579151
1949.500000	0.042940
1949.583333	-0.146141
1949.666667	-0.534019
1949.750000	-0.922953
1949.833333	-1.218975
1949.916667	-1.409916
1950.000000	-1.227471
1950.083333	-0.603902
1950.166667	0.076750
1950.250000	0.324192
1950.333333	0.267632
1950.416667	0.105898
1950.500000	-0.135672
1950.583333	-0.389377
1950.666667	-0.552537
1950.750000	-0.477899
1950.833333	-0.260112
1950.916667	-0.173618
1951.000000	-0.291034
1951.083333	-0.390984
1951.166667	-0.481909
1951.250000	-0.606509
1951.333333	-0.790771
1951.416667	-1.074387
1951.500000	-1.365715
1951.583333	-1.431610
1951.666667	-1.418141
1951.750000	-1.495526
1951.833333	-1.659006
1951.916667	-1.823929
1952.000000	-2.048916
1952.083333	-2.131530
1952.166667	-2.039466
1952.250000	-2.167107
1952.333333	-2.415026
1952.416667	-2.511363
1952.500000	-2.524414
1952.583333	-2.839362
1952.666667	-3.403397
1952.750000	-3.380701
1952.833333	-2.554375
1952.916667	-1.617975
1953.000000	-1.111740
1953.083333	-0.778617
1953.166667	-0.432232
1953.250000	-0.338164
1953.333333	-0.455914
1953.416667	-0.651275
1953.500000	-0.991638
1953.583333	-1.169159
1953.666667	-0.975000
1953.750000	-0.634087
1953.833333	-0.465842
1953.916667	-0.386803
1954.000000	0.250731
1954.083333	0.920650
1954.166667	0.960155
1954.250000	0.643014
1954.333333	0.241173
1954.416667	-0.091283
1954.500000	-0.020078
1954.583333	0.325991
1954.666667	0.721595
1954.750000	1.231081
1954.833333	1.633749
1954.916667	1.872863
1955.000000	2.067039
1955.083333	1.757576
1955.166667	1.231438
1955.250000	1.035496
1955.333333	1.141995
1955.416667	1.543767
1955.500000	1.577595
1955.583333	1.024975
1955.666667	0.331256
1955.750000	-0.193007
1955.833333	-0.423382
1955.916667	-0.220859
1956.000000	0.207657
1956.083333	0.489653
1956.166667	0.675043
1956.250000	0.749623
1956.333333	0.890840
1956.416667	1.217572
1956.500000	1.252942
1956.583333	0.493765
1956.666667	-0.557390
1956.750000	-1.052816
1956.833333	-1.325332
1956.916667	-1.657270
1957.000000	-1.684978
1957.083333	-1.443789
1957.166667	-1.172089
1957.250000	-0.679975
1957.333333	-0.124675
1957.416667	0.024107
1957.500000	0.120260
1957.583333	0.583433
1957.666667	1.039744
1957.750000	1.336936
1957.833333	1.871981
1957.916667	2.410655
1958.000000	2.551574
1958.083333	2.411382
1958.166667	2.092563
1958.250000	1.880499
1958.333333	1.760060
1958.416667	1.597438
1958.500000	2.162293
1958.583333	3.110557
1958.666667	3.319184
1958.750000	3.171807
1958.833333	2.968963
1958.916667	3.142333
1959.000000	2.967963
1959.083333	2.316477
1959.166667	1.774966
1959.250000	1.225330
1959.333333	1.442068
1959.416667	2.481256
1959.500000	3.271236
1959.583333	3.540387
1959.666667	3.259293
1959.750000	2.564179
1959.833333	2.176726
1959.916667	2.050651
1960.000000	2.156410
1960.083333	2.062344
1960.166667	1.956741
1960.250000	1.984986
1960.333333	2.141108
1960.416667	1.840581
1960.500000	0.894067
1960.583333	0.548628
1960.666667	0.767660
1960.750000	0.457274
1960.833333	-0.235598
1960.916667	-0.277401
1961.000000	0.479960
1961.083333	1.186498
1961.166667	1.276619
1961.250000	1.140415
1961.333333	0.893823
1961.416667	0.610376
1961.500000	0.742282
1961.583333	0.963680
1961.666667	0.885069
1961.750000	0.757023
1961.833333	0.568499
1961.916667	0.431294
1962.000000	0.194810
1962.083333	0.053605
1962.166667	0.149909
1962.250000	-0.030360
1962.333333	-0.361065
1962.416667	-0.251252
1962.500000	0.446888
1962.583333	1.139033
1962.666667	0.870484
1962.750000	0.038085
1962.833333	-0.137327
1962.916667	0.209536
1963.000000	0.330845
1963.083333	0.028189
1963.166667	-0.567610
1963.250000	-1.047443
1963.333333	-1.190561
1963.416667	-1.338975
1963.500000	-1.760272
1963.583333	-1.871778
1963.666667	-1.997867
1963.750000	-2.268802
1963.833333	-2.092894
1963.916667	-1.681499
1964.000000	-1.367308
1964.083333	-1.462400
1964.166667	-1.532467
1964.250000	-1.022364
1964.333333	-0.385759
1964.416667	0.098820
1964.500000	0.464089
1964.583333	0.690165
1964.666667	0.825169
1964.750000	0.576608
1964.833333	-0.113616
1964.916667	-0.271783
1965.000000	0.298264
1965.083333	0.645700
1965.166667	0.515685
1965.250000	0.208557
1965.333333	0.092242
1965.416667	0.042327
1965.500000	-0.167569
1965.583333	-0.288512
1965.666667	-0.059972
1965.750000	0.298625
1965.833333	0.480260
1965.916667	0.671414
1966.000000	0.652315
1966.083333	0.075812
1966.166667	-0.135449
1966.250000	0.257418
1966.333333	0.394605
1966.416667	-0.298571
1966.500000	-1.605038
1966.583333	-2.524353
1966.666667	-2.476908
1966.750000	-2.010214
1966.833333	-1.905881
1966.916667	-1.878129
1967.000000	-1.805966
1967.083333	-1.769264
1967.166667	-1.598608
1967.250000	-1.029309
1967.333333	-0.269938
1967.416667	0.185336
1967.500000	-0.220478
1967.583333	-1.230438
1967.666667	-1.659764
1967.750000	-1.465203
1967.833333	-1.211139
1967.916667	-0.998735
1968.000000	-0.829433
1968.083333	-0.664865
1968.166667	-0.192559
1968.250000	0.451243
1968.333333	0.597698
1968.416667	0.327595
1968.500000	0.375358
1968.583333	0.388169
1968.666667	0.153134
1968.750000	0.734679
1968.833333	1.798095
1968.916667	1.731440
1969.000000	1.226382
1969.083333	1.436818
1969.166667	1.640004
1969.250000	1.634720
1969.333333	0.836201
1969.416667	-0.655719
1969.500000	-1.552486
1969.583333	-1.575887
1969.666667	-1.020713
1969.750000	-0.428436
1969.833333	0.045062
1969.916667	0.635681
1970.000000	0.528551
1970.083333	-0.428898
1970.166667	-0.855046
1970.250000	-0.314768
1970.333333	0.057702
1970.416667	-0.263527
1970.500000	-0.342153
1970.583333	-0.152739
1970.666667	-0.129354
1970.750000	0.097519
1970.833333	0.576568
1970.916667	0.972690
1971.000000	1.125005
1971.083333	0.982028
1971.166667	0.798428
1971.250000	0.907685
1971.333333	1.095972
1971.416667	0.866799
1971.500000	0.435484
1971.583333	0.165664
1971.666667	0.040917
1971.750000	0.179983
1971.833333	0.630258
1971.916667	0.857285
1972.000000	0.494087
1972.083333	0.217281
1972.166667	0.555733
1972.250000	0.857314
1972.333333	1.214172
1972.416667	1.739889
1972.500000	1.494295
1972.583333	1.108245
1972.666667	1.192414
1972.750000	1.376093
1972.833333	1.425866
1972.916667	1.322074
1973.000000	1.266218
1973.083333	1.228971
1973.166667	0.766272
1973.250000	0.160925
1973.333333	0.277977
1973.416667	1.070776
1973.500000	1.838416
1973.583333	2.116633
1973.666667	2.194622
1973.750000	2.096158
1973.833333	1.492531
1973.916667	0.178824
1974.000000	-1.198799
1974.083333	-1.798786
1974.166667	-1.905023
1974.250000	-2.230451
1974.333333	-2.657724
1974.416667	-2.464561
1974.500000	-1.982680
1974.583333	-1.816977
1974.666667	-1.642561
1974.750000	-1.354389
1974.833333	-1.019189
1974.916667	-0.768401
1975.000000	-1.007331
1975.083333	-1.278433
1975.166667	-1.383594
1975.250000	-1.790465
1975.333333	-2.179183
1975.416667	-1.910996
1975.500000	-1.310279
1975.583333	-0.742611
1975.666667	-0.401241
1975.750000	-0.201171
1975.833333	-0.481278
1975.916667	-1.032647
1976.000000	-1.425623
1976.083333	-1.907455
1976.166667	-2.388999
1976.250000	-2.203187
1976.333333	-1.866693
1976.416667	-1.618625
1976.500000	-1.302682
1976.583333	-1.041676
1976.666667	-0.796516
1976.750000	-0.412802
1976.833333	-0.069509
1976.916667	0.088559
1977.000000	0.201954
1977.083333	0.220374
1977.166667	0.199600
1977.250000	0.323173
1977.333333	0.404836
1977.416667	0.481176
1977.500000	0.708893
1977.583333	0.804398
1977.666667	1.049874
1977.750000	1.634703
1977.833333	1.873141
1977.916667	1.416764
1978.000000	1.204065
1978.083333	1.467179
1978.166667	1.210850
1978.250000	0.401838
1978.333333	-0.150540
1978.416667	-0.306387
1978.500000	-0.168474
1978.583333	0.177293
1978.666667	0.618034
1978.750000	0.665957
1978.833333	0.270796
1978.916667	0.103944
1979.000000	0.117512
1979.083333	0.030403
1979.166667	0.211428
1979.250000	0.134658
1979.333333	-0.301933
1979.416667	-0.406743
1979.500000	-0.154866
1979.583333	0.000000
1979.666667	-0.139473
1979.750000	-0.539796
1979.833333	-0.698880
1979.916667	-0.679387
1980.000000	-0.658911
1980.083333	-0.333751
1980.166667	-0.142368
1980.250000	-0.755831
1980.333333	-1.389118
1980.416667	-1.684470
1980.500000	-1.643116
1980.583333	-1.099828
1980.666667	-0.814083
1980.750000	-1.078906
1980.833333	-1.256091
1980.916667	-1.043940
1981.000000	-0.876597
1981.083333	-1.009949
1981.166667	-1.002139
1981.250000	-0.691895
1981.333333	-0.253000
1981.416667	-0.007999
1981.500000	-0.198380
1981.583333	-0.072730
1981.666667	0.526954
1981.750000	0.181368
1981.833333	-0.716629
1981.916667	-0.659328
1982.000000	-0.085812
1982.083333	0.013690
1982.166667	-0.198079
1982.250000	-0.347642
1982.333333	-0.397854
1982.416667	-0.692990
1982.500000	-1.152874
1982.583333	-1.190804
1982.666667	-0.812305
1982.750000	-0.460558
1982.833333	-0.242821
1982.916667	-0.121893
1983.000000	-0.093900
1983.083333	-0.434683
1983.166667	-1.035002
1983.250000	-1.331929
1983.333333	-1.257000
1983.416667	-0.881977
1983.500000	-0.019869
1983.583333	0.729928
1983.666667	0.575112
1983.750000	0.164734
1983.833333	-0.046057
1983.916667	-0.387142
1984.000000	-0.738856
1984.083333	-0.849130
1984.166667	-0.950851
1984.250000	-1.164636
1984.333333	-1.086955
1984.416667	-0.918310
1984.500000	-1.063466
1984.583333	-1.209050
1984.666667	-0.806141
1984.750000	-0.112236
1984.833333	0.256752
1984.916667	0.099644
1985.000000	0.181509
1985.083333	0.404252
1985.166667	0.555358
1985.250000	0.634207
1985.333333	0.300441
1985.416667	-0.271648
1985.500000	-0.593378
1985.583333	-0.931124
1985.666667	-1.304168
1985.750000	-1.236364
1985.833333	-0.794373
1985.916667	-0.525544
1986.000000	-0.805019
1986.083333	-1.083590
1986.166667	-0.868131
1986.250000	-0.520330
1986.333333	-0.186794
1986.416667	0.046705
1986.500000	0.036248
1986.583333	-0.206462
1986.666667	-0.318145
1986.750000	-0.062019
1986.833333	0.303723
1986.916667	0.414911
1987.000000	0.211207
1987.083333	-0.127741
1987.166667	-0.539309
1987.250000	-0.823942
1987.333333	-0.725000
1987.416667	-0.303033
1987.500000	-0.051427
1987.583333	-0.178564
1987.666667	-0.109570
1987.750000	0.190815
1987.833333	0.308724
1987.916667	0.717511
1988.000000	1.402108
1988.083333	1.851781
1988.166667	1.878204
1988.250000	1.798483
1988.333333	1.856862
1988.416667	1.924100
1988.500000	1.762642
1988.583333	1.645378
1988.666667	1.987491
1988.750000	2.490515
1988.833333	2.899940
1988.916667	2.575919
1989.000000	2.128891
1989.083333	1.700035
1989.166667	1.474441
1989.250000	1.141438
1989.333333	0.200703
1989.416667	-0.587920
1989.500000	-0.714447
1989.583333	-0.622143
1989.666667	-0.314719
1989.750000	-0.049323
1989.833333	-0.107029
1989.916667	-0.439629
1990.000000	-0.801507
1990.083333	-0.857309
1990.166667	-0.843648
1990.250000	-0.775071
1990.333333	-0.627055
1990.416667	-0.625149
1990.500000	-0.486217
1990.583333	-0.464520
1990.666667	-0.738861
1990.750000	-0.659692
1990.833333	-0.232952
1990.916667	-0.059163
1991.000000	-0.137466
1991.083333	-0.430126
1991.166667	-1.056680
1991.250000	-1.702132
1991.333333	-1.889634
1991.416667	-1.863848
1991.500000	-1.833954
1991.583333	-1.428597
1991.666667	-0.631422
1991.750000	-0.434493
1991.833333	-0.785467
1991.916667	-0.965292
1992.000000	-1.124299
1992.083333	-1.304534
1992.166667	-1.386266
1992.250000	-1.554065
1992.333333	-1.676421
1992.416667	-1.449954
1992.500000	-1.410599
1992.583333	-1.624053
1992.666667	-1.698355
1992.750000	-1.952072
1992.833333	-2.626312
1992.916667	-2.822390
1993.000000	-2.773964
1993.083333	-2.748349
1993.166667	-2.742767
1993.250000	-2.904829
1993.333333	-3.239523
1993.416667	-3.057542
1993.500000	-2.804839
1993.583333	-2.653262
1993.666667	-2.182655
1993.750000	-1.761717
1993.833333	-0.982111
1993.916667	0.125179
1994.000000	0.818828
1994.083333	0.772780
1994.166667	0.500920
1994.250000	0.445651
1994.333333	0.429549
1994.416667	0.580972
1994.500000	0.544395
1994.583333	0.085907
1994.666667	0.028557
1994.750000	0.822384
1994.833333	1.921298
1994.916667	2.297022
1995.000000	1.884298
1995.083333	1.034809
1995.166667	0.265497
1995.250000	-0.019404
1995.333333	0.037096
1995.416667	0.433153
1995.500000	0.844746
1995.583333	0.790607
1995.666667	0.437089
1995.750000	0.520212
1995.833333	0.727688
1995.916667	0.713255
1996.000000	0.978336
1996.083333	1.335625
1996.166667	1.138563
1996.250000	0.536191
1996.333333	0.116702
1996.416667	0.013624
1996.500000	0.144372
1996.583333	0.406602
1996.666667	0.703497
1996.750000	0.664672
1996.833333	0.522103
1996.916667	0.720566
1997.000000	0.791368
1997.083333	0.659874
1997.166667	0.343365
1997.250000	-0.171476
1997.333333	-0.522870
1997.416667	-0.463393
1997.500000	-0.442337
1997.583333	-0.646775
1997.666667	-0.478132
1997.750000	-0.253671
1997.833333	-0.454531
1997.916667	-0.445242
1998.000000	0.140081
1998.083333	0.690334
1998.166667	0.344511
1998.250000	-0.491056
1998.333333	-0.927182
1998.416667	-0.851579
1998.500000	-0.228957
1998.583333	0.441277
1998.666667	0.489231
1998.750000	0.185597
1998.833333	0.035894
1998.916667	0.286059
1999.000000	0.436496
1999.083333	0.210330
1999.166667	0.026062
1999.250000	-0.012375
1999.333333	-0.397128
1999.416667	-0.626209
1999.500000	-0.100199
1999.583333	0.453184
1999.666667	0.199648
1999.750000	-0.323878
1999.833333	-0.177727
1999.916667	0.092895
2000.000000	0.170211
2000.083333	0.454841
2000.166667	0.561080
2000.250000	-0.020223
2000.333333	-0.296672
2000.416667	-0.004545
2000.500000	0.092720
2000.583333	0.180626
2000.666667	0.384237
2000.750000	0.415675
2000.833333	0.251758
2000.916667	0.168797
2001.000000	0.387853
2001.083333	0.425728
2001.166667	-0.233360
2001.250000	-0.736599
2001.333333	-0.864269
2001.416667	-0.935870
2001.500000	-0.688610
2001.583333	-0.038114
2001.666667	-0.022634
2001.750000	-0.986206
2001.833333	-1.780115
2001.916667	-1.962123
2002.000000	-2.141460
2002.083333	-2.390862
2002.166667	-2.363456
2002.250000	-1.973109
2002.333333	-1.767504
2002.416667	-1.958882
2002.500000	-2.476458
2002.583333	-2.672227
2002.666667	-2.452898
2002.750000	-2.191757
2002.833333	-2.383270
2002.916667	-2.081115
2003.000000	-1.441900
2003.083333	-1.202708
2003.166667	-0.966022
2003.250000	-0.980836
2003.333333	-1.468673
2003.416667	-1.678967
2003.500000	-1.398583
2003.583333	-1.304398
2003.666667	-1.671371
2003.750000	-1.744309
2003.833333	-1.389646
2003.916667	-1.177208
2004.000000	-0.876207
2004.083333	-0.499801
2004.166667	-0.589615
2004.250000	-0.869531
2004.333333	-0.920000
2004.416667	-1.026252
2004.500000	-1.368768
2004.583333	-1.583510
2004.666667	-1.782501
2004.750000	-2.068188
2004.833333	-1.984628
2004.916667	-1.647739
2005.000000	-1.028708
2005.083333	-0.672080
2005.166667	-0.612941
2005.250000	-0.333292
2005.333333	-0.168080
2005.416667	-0.231158
2005.500000	-0.574919
2005.583333	-1.006572
2005.666667	-1.097905
2005.750000	-1.223540
2005.833333	-1.559967
2005.916667	-1.713195
2006.000000	-1.651137
2006.083333	-1.589939
2006.166667	-1.966499
2006.250000	-2.727106
2006.333333	-2.783052
2006.416667	-2.502547
2006.500000	-2.279240
2006.583333	-2.335448
2006.666667	-1.854232
2006.750000	-1.617412
2006.833333	-1.883367
2006.916667	-2.080555
2007.000000	-1.788485
2007.083333	-1.360648
2007.166667	-1.248180
2007.250000	-1.260135
2007.333333	-1.031162
2007.416667	-0.858763
2007.500000	-0.510751
2007.583333	-0.017096
2007.666667	0.068720
2007.750000	-0.028399
2007.833333	0.225360
2007.916667	0.544621
2008.000000	0.509601
2008.083333	0.428542
2008.166667	0.648657
2008.250000	0.911341
2008.333333	0.997316
2008.416667	0.813537
2008.500000	0.441207
2008.583333	0.351925
2008.666667	0.643600
2008.750000	0.763716
2008.833333	0.472747
2008.916667	0.160855
2009.000000	0.167808
2009.083333	0.511210
2009.166667	0.610988
2009.250000	0.244421
2009.333333	-0.200000
2009.416667	-0.655080
2009.500000	-0.735617
2009.583333	-0.248120
2009.666667	-0.043263
2009.750000	-0.229385
2009.833333	-0.212544
2009.916667	-0.312275
2010.000000	-0.408815
2010.083333	-0.344655
2010.166667	-0.210038
2010.250000	0.341523
2010.333333	1.114785
2010.416667	1.390612
2010.500000	1.252553
2010.583333	0.735382
2010.666667	-0.029859
2010.750000	-0.510369
2010.833333	-0.601713
2010.916667	-0.492257
2011.000000	-0.342900
2011.083333	-0.075058
2011.166667	0.138166
2011.250000	-0.014461
2011.333333	0.311958
2011.416667	1.232262
2011.500000	1.682282
2011.583333	1.351459
2011.666667	0.792014
2011.750000	0.668372
2011.833333	0.743252
2011.916667	0.829010
2012.000000	1.055936
2012.083333	1.023950
2012.166667	0.795961
2012.250000	0.859914
2012.333333	1.354510
2012.416667	1.793364
2012.500000	1.751573
2012.583333	1.671191
2012.666667	1.744192
2012.750000	2.023288
2012.833333	2.062016
2012.916667	1.517282
2013.000000	0.891943
2013.083333	0.628457
2013.166667	0.363551
2013.250000	-0.084082
2013.333333	-0.639103
2013.416667	-1.027398
2013.500000	-0.819441
2013.583333	-0.483103
2013.666667	-0.342324
2013.750000	-0.365959
2013.833333	-0.582596
2013.916667	-0.828130
2014.000000	-1.043375
2014.083333	-0.922981
2014.166667	-0.494627
2014.250000	-0.006387
2014.333333	0.522989
2014.416667	0.581471
2014.500000	0.292460
2014.583333	0.018082
2014.666667	0.000000
2014.750000	0.352963
2014.833333	0.727904
2014.916667	1.051864
2015.000000	1.210985
2015.083333	1.305780
2015.166667	1.668293
2015.250000	1.880457
2015.333333	1.245189
2015.416667	0.105689
2015.500000	-0.266637
2015.583333	0.131891
2015.666667	0.154162
2015.750000	0.024197
2015.833333	0.165943
2015.916667	0.371491
2016.000000	0.631638
2016.083333	0.433428
2016.166667	-0.604579
2016.250000	-1.440333
2016.333333	-1.708113
2016.416667	-1.700513
2016.500000	-1.268486
2016.583333	-0.965756
2016.666667	-1.250736
2016.750000	-1.567483
2016.833333	-1.521651
2016.916667	-1.233106
2017.000000	-0.983939
2017.083333	-1.029380
2017.166667	-1.176470
2017.250000	-1.238484
2017.333333	-1.005915
2017.416667	-0.163788
2017.500000	0.411690
2017.583333	0.397431
2017.666667	0.343449
2017.750000	0.007195
2017.833333	-0.298425
2017.916667	-0.054489
2018.000000	0.190548
2018.083333	0.441506
2018.166667	0.754832
2018.250000	0.486815
2018.333333	-0.079863
2018.416667	-0.221468
2018.500000	-0.312743
2018.583333	-0.754523
2018.666667	-1.058939
2018.750000	-1.245038
2018.833333	-1.417722
2018.916667	-1.480029
2019.000000	-1.291455
2019.083333	-0.863512
2019.166667	-0.396188
2019.250000	-0.118879
2019.333333	-0.262793
2019.416667	-0.803279
2019.500000	-1.278087
2019.583333	-1.306271
2019.666667	-1.422496
2019.750000	-1.685970
2019.833333	-1.343312
2019.916667	-0.761728
2020.000000	-0.530815
2020.083333	-0.085490
2020.166667	0.760583
2020.250000	1.071775
2020.333333	1.198140
2020.416667	1.709116
2020.500000	1.664175
2020.583333	1.297928
2020.666667	1.657494
2020.750000	2.190315
2020.833333	2.350812
2020.916667	2.471966
2021.000000	2.411870
2021.083333	2.169961
2021.166667	2.047081
2021.250000	2.231669
2021.333333	2.316124
2021.416667	2.283204
2021.500000	2.337954
2021.583333	2.255650
2021.666667	2.082673
2021.750000	1.963412
2021.833333	1.552609
2021.916667	1.245048
2022.000000	1.170326
2022.083333	0.908488
