1880.000000	1.879388
1880.083333	2.067039
1880.166667	2.033960
1880.250000	1.898961
1880.333333	1.547381
1880.416667	1.255267
1880.500000	1.301965
1880.583333	1.535138
1880.666667	1.798483
1880.750000	2.128891
1880.833333	2.350812
1880.916667	2.195736
1881.000000	1.884298
1881.083333	1.689784
1881.166667	1.294259
1881.250000	0.920650
1881.333333	0.639190
1881.416667	0.300441
1881.500000	0.362907
1881.583333	0.942552
1881.666667	1.152020
1881.750000	0.907824
1881.833333	1.123314
1881.916667	1.838077
1882.000000	1.873141
1882.083333	1.301972
1882.166667	1.301705
1882.250000	1.634703
1882.333333	1.332853
1882.416667	0.833117
1882.500000	0.682729
1882.583333	0.571613
1882.666667	0.297204
1882.750000	-0.190371
1882.833333	-0.428436
1882.916667	-0.102956
1883.000000	0.466607
1883.083333	1.122876
1883.166667	1.626710
1883.250000	1.744301
1883.333333	1.848552
1883.416667	1.500846
1883.500000	1.053328
1883.583333	1.142513
1883.666667	1.335625
1883.750000	1.552609
1883.833333	1.872863
1883.916667	2.023288
1884.000000	2.029838
1884.083333	1.736708
1884.166667	1.332794
1884.250000	0.963680
1884.333333	0.536191
1884.416667	0.298223
1884.500000	-0.028399
1884.583333	-0.738249
1884.666667	-1.414593
1884.750000	-1.780115
1884.833333	-1.618625
1884.916667	-1.600338
1885.000000	-1.534543
1885.083333	-1.195864
1885.166667	-1.424345
1885.250000	-1.790465
1885.333333	-1.598608
1885.416667	-1.227471
1885.500000	-1.019189
1885.583333	-0.534019
1885.666667	0.068720
1885.750000	0.064003
1885.833333	-0.163788
1885.916667	-0.187647
1886.000000	0.118433
1886.083333	0.773923
1886.166667	1.455938
1886.250000	1.448886
1886.333333	1.416160
1886.416667	1.963412
1886.500000	1.880499
1886.583333	1.154075
1886.666667	0.967583
1886.750000	0.866799
1886.833333	0.914653
1886.916667	1.915069
1887.000000	2.518033
1887.083333	2.283204
1887.166667	1.871981
1887.250000	1.762642
1887.333333	2.020344
1887.416667	2.499261
1887.500000	3.142333
1887.583333	3.259293
1887.666667	2.551574
1887.750000	2.109782
1887.833333	2.062344
1887.916667	2.092563
1888.000000	2.047081
1888.083333	1.804121
1888.166667	1.657494
1888.250000	1.744192
1888.333333	1.543767
1888.416667	1.416764
1888.500000	1.382516
1888.583333	0.881928
1888.666667	0.304241
1888.750000	0.144372
1888.833333	0.208691
1888.916667	0.457359
1889.000000	0.757023
1889.083333	0.580043
1889.166667	-0.149612
1889.250000	-0.916690
1889.333333	-1.213739
1889.416667	-1.438126
1889.500000	-2.106995
1889.583333	-2.751912
1889.666667	-2.554375
1889.750000	-1.866693
1889.833333	-1.078906
1889.916667	-0.485434
1890.000000	-0.464520
1890.083333	-0.704812
1890.166667	-0.794373
1890.250000	-0.539796
1890.333333	-0.306456
1890.416667	-0.278401
1890.500000	-0.175135
1890.583333	-0.030708
1890.666667	-0.121893
1890.750000	-0.085490
1890.833333	0.324192
1890.916667	0.356051
1891.000000	0.098820
1891.083333	0.388673
1891.166667	0.682864
1891.250000	0.372085
1891.333333	-0.323878
1891.416667	-0.796516
1891.500000	-0.868131
1891.583333	-0.512244
1891.666667	-0.168080
1891.750000	0.002698
1891.833333	0.190548
1891.916667	0.085907
1892.000000	0.029451
1892.083333	0.393541
1892.166667	0.277977
1892.250000	0.018082
1892.333333	0.013624
1892.416667	-0.342900
1892.500000	-0.891397
1892.583333	-1.365715
1892.666667	-1.681499
1892.750000	-1.624053
1892.833333	-1.532748
1892.916667	-1.482776
1893.000000	-1.353477
1893.083333	-1.338975
1893.166667	-1.281998
1893.250000	-1.208129
1893.333333	-1.211451
1893.416667	-1.190804
1893.500000	-1.233106
1893.583333	-1.889634
1893.666667	-2.335448
1893.750000	-1.984628
1893.833333	-1.782501
1893.916667	-1.278433
1894.000000	-0.306309
1894.083333	0.441506
1894.166667	0.575112
1894.250000	0.319386
1894.333333	0.097519
1894.416667	-0.084082
1894.500000	-0.599797
1894.583333	-1.043940
1894.666667	-0.944276
1894.750000	-0.342413
1894.833333	0.196198
1894.916667	0.013690
1895.000000	-0.754523
1895.083333	-1.398583
1895.166667	-1.700019
1895.250000	-1.684470
1895.333333	-1.910996
1895.416667	-2.469021
1895.500000	-2.511363
1895.583333	-2.415026
1895.666667	-2.086377
1895.750000	-1.854232
1895.833333	-2.068188
1895.916667	-2.010214
1896.000000	-1.657270
1896.083333	-1.245038
1896.166667	-1.056340
1896.250000	-1.148386
1896.333333	-1.268443
1896.416667	-1.302682
1896.500000	-1.343312
1896.583333	-1.503254
1896.666667	-1.583510
1896.750000	-1.348837
1896.833333	-0.954131
1896.916667	-0.676325
1897.000000	-0.483103
1897.083333	-0.198380
1897.166667	-0.253000
1897.250000	-0.625149
1897.333333	-0.849130
1897.416667	-0.864269
1897.500000	-0.466496
1897.583333	0.024197
1897.666667	0.225089
1897.750000	0.406602
1897.833333	0.588370
1897.916667	0.524475
1898.000000	0.214310
1898.083333	-0.004545
1898.166667	-0.210038
1898.250000	-0.658911
1898.333333	-1.031114
1898.416667	-1.335256
1898.500000	-1.605038
1898.583333	-1.338987
1898.666667	-1.171849
1898.750000	-1.348144
1898.833333	-1.419857
1898.916667	-1.567483
1899.000000	-1.905023
1899.083333	-2.279240
1899.166667	-2.141460
1899.250000	-1.907455
1899.333333	-2.136532
1899.416667	-2.335884
1899.500000	-2.131530
1899.583333	-1.559967
1899.666667	-1.041676
1899.750000	-0.851579
1899.833333	-0.966022
1899.916667	-0.965756
1900.000000	-0.494627
1900.083333	-0.093921
1900.166667	-0.152987
1900.250000	-0.253671
1900.333333	-0.177727
1900.416667	-0.288805
1900.500000	-0.541967
1900.583333	-0.785467
1900.666667	-0.812305
1900.750000	-0.228957
1900.833333	0.565833
1900.916667	0.647638
1901.000000	0.217116
1901.083333	-0.109570
1901.166667	-0.020078
1901.250000	0.371491
1901.333333	0.263887
1901.416667	-0.434683
1901.500000	-1.007331
1901.583333	-1.280749
1901.666667	-1.278087
1901.750000	-1.107763
1901.833333	-1.031162
1901.916667	-1.301798
1902.000000	-1.532467
1902.083333	-1.520445
1902.166667	-1.552486
1902.250000	-1.368768
1902.333333	-0.927182
1902.416667	-0.311313
1902.500000	-0.154866
1902.583333	-0.429834
1902.666667	-0.201171
1902.750000	0.265600
1902.833333	0.244391
1902.916667	-0.199637
1903.000000	-0.843936
1903.083333	-1.104579
1903.166667	-0.687143
1903.250000	0.029858
1903.333333	0.597698
1903.416667	0.804398
1903.500000	1.135697
1903.583333	1.777715
1903.666667	1.671191
1903.750000	1.024975
1903.833333	0.703497
1903.916667	0.727688
1904.000000	0.580972
1904.083333	0.256752
1904.166667	0.330845
1904.250000	0.583433
1904.333333	0.517573
1904.416667	0.217281
1904.500000	0.185336
1904.583333	0.404919
1904.666667	0.195121
1904.750000	-0.234058
1904.833333	0.287839
1904.916667	0.993056
1905.000000	1.151424
1905.083333	1.664175
1905.166667	2.403358
1905.250000	2.538752
1905.333333	2.162293
1905.416667	1.198140
1905.500000	0.372594
1905.583333	0.181509
1905.666667	0.480260
1905.750000	0.721595
1905.833333	0.380246
1905.916667	-0.171476
1906.000000	-0.206462
1906.083333	-0.118879
1906.166667	-0.306387
1906.250000	-0.510751
1906.333333	-0.679166
1906.416667	-0.874076
1906.500000	-0.889180
1906.583333	-0.778617
1906.666667	-0.876597
1906.750000	-0.958733
1906.833333	-0.706754
1906.916667	-0.370803
1907.000000	-0.223511
1907.083333	-0.135449
1907.166667	-0.178564
1907.250000	-0.510369
1907.333333	-0.655080
1907.416667	-0.467019
1907.500000	-0.486217
1907.583333	-0.679387
1907.666667	-0.847838
1907.750000	-1.148882
1907.833333	-1.700513
1907.916667	-2.203187
1908.000000	-1.982680
1908.083333	-1.218975
1908.166667	-0.490488
1908.250000	0.089708
1908.333333	0.524124
1908.416667	0.841958
1908.500000	0.819407
1908.583333	0.459950
1908.666667	-0.154570
1908.750000	-0.688610
1908.833333	-0.567610
1908.916667	-0.016863
1909.000000	0.395658
1909.083333	0.500249
1909.166667	0.246809
1909.250000	-0.406743
1909.333333	-0.755831
1909.416667	-0.387142
1909.500000	0.241173
1909.583333	0.831614
1909.666667	1.139990
1909.750000	1.099637
1909.833333	1.060529
1909.916667	1.039744
1910.000000	0.898636
1910.083333	0.962246
1910.166667	0.959417
1910.250000	0.544621
1910.333333	0.149909
1910.416667	-0.012375
1910.500000	0.022153
1910.583333	-0.069309
1910.666667	-0.439629
1910.750000	-0.736599
1910.833333	-0.644441
1910.916667	-0.342153
1911.000000	0.030403
1911.083333	0.308724
1911.166667	0.098403
1911.250000	-0.303033
1911.333333	-0.232305
1911.416667	0.036248
1911.500000	0.136886
1911.583333	0.511210
1911.666667	1.070311
1911.750000	1.139033
1911.833333	0.696472
1911.916667	0.278028
1912.000000	0.500138
1912.083333	1.402108
1912.166667	1.939540
1912.250000	1.668293
1912.333333	1.195976
1912.416667	0.444550
1912.500000	-0.356302
1912.583333	-0.173999
1912.666667	0.277691
1912.750000	-0.067340
1912.833333	-0.803279
1912.916667	-1.152120
1913.000000	-1.115456
1913.083333	-1.042662
1913.166667	-1.032647
1913.250000	-1.027209
1913.333333	-1.026262
1913.416667	-1.046910
1913.500000	-1.029380
1913.583333	-0.775071
1913.666667	-0.389971
1913.750000	0.000000
1913.833333	0.311958
1913.916667	0.524833
1914.000000	0.548628
1914.083333	0.292460
1914.166667	-0.112236
1914.250000	-0.293052
1914.333333	0.181368
1914.416667	0.734679
1914.500000	0.829010
1914.583333	0.669772
1914.666667	0.497001
1914.750000	-0.059972
1914.833333	-0.892821
1914.916667	-1.465203
1915.000000	-1.853434
1915.083333	-1.798786
1915.166667	-1.383594
1915.250000	-1.188584
1915.333333	-1.315124
1915.416667	-1.589939
1915.500000	-1.495526
1915.583333	-1.124299
1915.666667	-0.902402
1915.750000	-0.819441
1915.833333	-0.828130
1915.916667	-0.823942
1916.000000	-1.002139
1916.083333	-1.352023
1916.166667	-1.190561
1916.250000	-0.522870
1916.333333	-0.107944
1916.416667	-0.230738
1916.500000	-0.221468
1916.583333	-0.022634
1916.666667	0.200703
1916.750000	0.437089
1916.833333	0.340043
1916.916667	-0.091283
1917.000000	-0.297380
1917.083333	-0.365959
1917.166667	-0.496813
1917.250000	-0.650416
1917.333333	-0.691895
1917.416667	-0.672080
1917.500000	-0.502050
1917.583333	-0.347642
1917.666667	-0.373387
1917.750000	-0.150540
1917.833333	0.086542
1917.916667	-0.129354
1918.000000	-0.484658
1918.083333	-0.781903
1918.166667	-1.099828
1918.250000	-1.109854
1918.333333	-0.627055
1918.416667	-0.325472
1918.500000	-0.440023
1918.583333	-0.445242
1918.666667	-0.220478
1918.750000	-0.059163
1918.833333	-0.363737
1918.916667	-0.841331
1919.000000	-1.445063
1919.083333	-1.997867
1919.166667	-1.871778
1919.250000	-1.713195
1919.333333	-1.973109
1919.416667	-1.834903
1919.500000	-1.190098
1919.583333	-0.796223
1919.666667	-0.885361
1919.750000	-1.008243
1919.833333	-1.304534
1919.916667	-1.702132
1920.000000	-1.617975
1920.083333	-1.198799
1920.166667	-0.761507
1920.250000	-0.292558
1920.333333	-0.019404
1920.416667	-0.073925
1920.500000	-0.698880
1920.583333	-1.027398
1920.666667	-0.288644
1920.750000	0.579151
1920.833333	1.205260
1920.916667	1.413052
1921.000000	0.642460
1921.083333	0.119953
1921.166667	0.436496
1921.250000	1.070776
1921.333333	1.432544
1921.416667	1.204065
1921.500000	0.659874
1921.583333	0.441277
1921.666667	0.433153
1921.750000	0.244421
1921.833333	0.179983
1921.916667	0.190490
1922.000000	-0.129081
1922.083333	-0.397854
1922.166667	-0.271648
1922.250000	-0.069509
1922.333333	0.092895
1922.416667	0.207186
1922.500000	0.216377
1922.583333	0.037096
1922.666667	0.000000
1922.750000	0.211428
1922.833333	0.153134
1922.916667	-0.198079
1923.000000	-0.169693
1923.083333	0.165943
1923.166667	0.178082
1923.250000	0.103944
1923.333333	0.445651
1923.416667	1.055936
1923.500000	1.442356
1923.583333	1.319220
1923.666667	1.138563
1923.750000	1.265678
1923.833333	1.297928
1923.916667	0.982028
1924.000000	0.604463
1924.083333	0.634207
1924.166667	0.983141
1924.250000	1.120200
1924.333333	0.818997
1924.416667	0.388169
1924.500000	-0.029859
1924.583333	-0.344655
1924.666667	-0.481909
1924.750000	-0.168474
1924.833333	0.297102
1924.916667	0.190815
1925.000000	-0.318145
1925.083333	-0.561334
1925.166667	-0.258434
1925.250000	-0.093900
1925.333333	-0.229385
1925.416667	-0.004229
1925.500000	0.341451
1925.583333	0.283804
1925.666667	0.098385
1925.750000	0.089949
1925.833333	-0.006387
1925.916667	-0.105537
1926.000000	0.046705
1926.083333	0.553464
1926.166667	1.128453
1926.250000	1.688650
1926.333333	2.211526
1926.416667	2.443538
1926.500000	2.490515
1926.583333	2.481256
1926.666667	2.082545
1926.750000	1.232262
1926.833333	0.772780
1926.916667	0.921059
1927.000000	1.625938
1927.083333	2.210714
1927.166667	1.904848
1927.250000	0.991763
1927.333333	0.561080
1927.416667	0.791476
1927.500000	1.225330
1927.583333	1.542115
1927.666667	1.280640
1927.750000	0.457274
1927.833333	-0.477232
1927.916667	-0.478132
1928.000000	0.134658
1928.083333	0.257418
1928.166667	-0.046057
1928.250000	-0.154020
1928.333333	0.164734
1928.416667	0.428542
1928.500000	0.489231
1928.583333	0.690334
1928.666667	1.009459
1928.750000	1.094039
1928.833333	1.035496
1928.916667	0.954446
1929.000000	0.581048
1929.083333	-0.055977
1929.166667	-0.251252
1929.250000	0.220997
1929.333333	0.727904
1929.416667	0.790607
1929.500000	0.419927
1929.583333	-0.075058
1929.666667	-0.263527
1929.750000	0.108535
1929.833333	0.527149
1929.916667	0.274839
1930.000000	-0.525544
1930.083333	-0.736013
1930.166667	-0.242821
1930.250000	0.199648
1930.333333	0.160925
1930.416667	-0.361065
1930.500000	-0.765045
1930.583333	-1.097905
1930.666667	-1.386266
1930.750000	-1.428597
1930.833333	-1.413671
1930.916667	-1.188039
1931.000000	-1.002964
1931.083333	-1.229794
1931.166667	-1.475983
1931.250000	-1.075121
1931.333333	-0.855046
1931.416667	-1.306271
1931.500000	-1.744309
1931.583333	-1.878129
1931.666667	-1.805966
1931.750000	-1.418141
1931.833333	-0.646775
1931.916667	0.276583
1932.000000	0.661117
1932.083333	0.749623
1932.166667	0.812694
1932.250000	0.619217
1932.333333	0.207657
1932.416667	0.088559
1932.500000	0.481828
1932.583333	0.758531
1932.666667	0.587726
1932.750000	0.291296
1932.833333	0.397431
1932.916667	0.840954
1933.000000	1.070694
1933.083333	0.836201
1933.166667	0.589845
1933.250000	0.894067
1933.333333	1.474441
1933.416667	1.790488
1933.500000	1.700035
1933.583333	1.474664
1933.666667	1.555389
1933.750000	2.062016
1933.833333	2.045311
1933.916667	1.266218
1934.000000	0.695933
1934.083333	0.201954
1934.166667	-0.428898
1934.250000	-0.664865
1934.333333	-0.626209
1934.416667	-0.411147
1934.500000	-0.030492
1934.583333	0.210330
1934.666667	0.852831
1934.750000	1.856862
1934.833333	1.882292
1934.916667	1.226382
1935.000000	0.773218
1935.083333	0.453184
1935.166667	0.251758
1935.250000	-0.054489
1935.333333	-0.484525
1935.416667	-0.085812
1935.500000	0.460778
1935.583333	0.208557
1935.666667	-0.014461
1935.750000	0.429549
1935.833333	0.805024
1935.916667	0.630258
1936.000000	-0.262793
1936.083333	-1.009949
1936.166667	-0.869531
1936.250000	-0.408815
1936.333333	-0.062019
1936.416667	0.131891
1936.500000	0.304594
1936.583333	0.298264
1936.666667	-0.232952
1936.750000	-0.946256
1936.833333	-1.083590
1936.916667	-0.809584
1937.000000	-0.659692
1937.083333	-0.951725
1937.166667	-1.040913
1937.250000	-0.601713
1937.333333	0.083678
1937.416667	0.395948
1937.500000	0.739154
1937.583333	1.142539
1937.666667	1.095972
1937.750000	0.908488
1937.833333	0.924734
1937.916667	1.071775
1938.000000	1.213419
1938.083333	0.997316
1938.166667	0.526954
1938.250000	0.294107
1938.333333	0.341523
1938.416667	0.570061
1938.500000	0.881872
1938.583333	1.138128
1938.666667	1.196384
1938.750000	1.023950
1938.833333	0.532516
1938.916667	0.061129
1939.000000	-0.170003
1939.083333	-0.454531
1939.166667	-0.679975
1939.250000	-0.448648
1939.333333	0.298625
1939.416667	0.652315
1939.500000	0.643014
1939.583333	0.610988
1939.666667	0.486815
1939.750000	0.414227
1939.833333	0.404836
1939.916667	0.303723
1940.000000	0.125179
1940.083333	-0.020223
1940.166667	-0.106218
1940.250000	-0.100199
1940.333333	-0.220859
1940.416667	-0.498674
1940.500000	-0.734586
1940.583333	-0.845746
1940.666667	-0.634087
1940.750000	-0.291034
1940.833333	-0.055916
1940.916667	0.165664
1941.000000	0.024107
1941.083333	-0.167569
1941.166667	0.174977
1941.250000	0.766272
1941.333333	1.114785
1941.416667	1.170326
1941.500000	1.349074
1941.583333	1.260839
1941.666667	0.576608
1941.750000	-0.271783
1941.833333	-0.845795
1941.916667	-1.233076
1942.000000	-1.056680
1942.083333	-0.266637
1942.166667	-0.087872
1942.250000	-0.858763
1942.333333	-1.374747
1942.416667	-1.198418
1942.500000	-0.734171
1942.583333	-0.301933
1942.666667	-0.142368
1942.750000	-0.146532
1942.833333	-0.089498
1942.916667	0.265497
1943.000000	0.791368
1943.083333	0.978036
1943.166667	0.735393
1943.250000	0.618034
1943.333333	0.671414
1943.416667	0.464089
1943.500000	0.312065
1943.583333	0.743542
1943.666667	1.140415
1943.750000	0.798428
1943.833333	0.117512
1943.916667	-0.186794
1944.000000	0.270156
1944.083333	0.222703
1944.166667	-0.423382
1944.250000	-0.468667
1944.333333	0.000000
1944.416667	0.320722
1944.500000	0.433629
1944.583333	0.270796
1944.666667	0.167808
1944.750000	0.210368
1944.833333	-0.212145
1944.916667	-0.878579
1945.000000	-0.716629
1945.083333	-0.114802
1945.166667	0.064240
1945.250000	0.121274
1945.333333	0.250731
1945.416667	0.481176
1945.500000	0.344505
1945.583333	-0.142036
1945.666667	-0.312743
1945.750000	-0.524503
1945.833333	-0.835027
1945.916667	-0.931124
1946.000000	-0.857309
1946.083333	-0.934497
1946.166667	-1.238484
1946.250000	-1.480029
1946.333333	-1.139279
1946.416667	-0.312275
1946.500000	-0.051427
1946.583333	-0.622143
1946.666667	-1.035002
1946.750000	-1.331929
1946.833333	-1.443789
1946.916667	-0.898024
1947.000000	-0.423103
1947.083333	-0.757293
1947.166667	-0.863512
1947.250000	-0.385759
1947.333333	0.045062
1947.416667	0.178824
1947.500000	0.282382
1947.583333	0.486696
1947.666667	0.480904
1947.750000	0.199600
1947.833333	-0.079863
1947.916667	-0.082871
1948.000000	0.028148
1948.083333	-0.188453
1948.166667	-0.333292
1948.250000	0.076750
1948.333333	0.912793
1948.416667	1.488781
1948.500000	1.535744
1948.583333	1.846834
1948.666667	2.183858
1948.750000	1.924100
1948.833333	1.716124
1948.916667	1.577595
1949.000000	1.037117
1949.083333	0.344511
1949.166667	0.096778
1949.250000	0.292866
1949.333333	0.177293
1949.416667	-0.491056
1949.500000	-1.057027
1949.583333	-1.170131
1949.666667	-1.202708
1949.750000	-1.164636
1949.833333	-0.865470
1949.916667	-0.651275
1950.000000	-0.622862
1950.083333	-0.589615
1950.166667	-0.593378
1950.250000	-0.856416
1950.333333	-1.176470
1950.416667	-1.127231
1950.500000	-0.801507
1950.583333	-0.563797
1950.666667	-0.714447
1950.750000	-1.103160
1950.833333	-1.440333
1950.916667	-1.536920
1951.000000	-1.360648
1951.083333	-1.202155
1951.166667	-1.043375
1951.250000	-0.963395
1951.333333	-1.161565
1951.416667	-1.389646
1951.500000	-1.449954
1951.583333	-1.304168
1951.666667	-1.028708
1951.750000	-1.088652
1951.833333	-1.325332
1951.916667	-1.250736
1952.000000	-1.091100
1952.083333	-1.248180
1952.166667	-1.733676
1952.250000	-2.167107
1952.333333	-2.452898
1952.416667	-2.048916
1952.500000	-1.111740
1952.583333	-0.806141
1952.666667	-1.211139
1952.750000	-1.767504
1952.833333	-2.041527
1952.916667	-1.952072
1953.000000	-1.659764
1953.083333	-1.462400
1953.166667	-1.905881
1953.250000	-2.653262
1953.333333	-2.822390
1953.416667	-2.727106
1953.500000	-2.449652
1953.583333	-1.863848
1953.666667	-1.409916
1953.750000	-1.260710
1953.833333	-1.468673
1953.916667	-2.390862
1954.000000	-3.380701
1954.083333	-3.403397
1954.166667	-3.057542
1954.250000	-2.783052
1954.333333	-2.682025
1954.416667	-2.388999
1954.500000	-1.833954
1954.583333	-1.822252
1954.666667	-2.383270
1954.750000	-2.626312
1954.833333	-2.179183
1954.916667	-1.460535
1955.000000	-1.098722
1955.083333	-0.825815
1955.166667	-0.473193
1955.250000	-0.183579
1955.333333	-0.113616
1955.416667	-0.219559
1955.500000	-0.140816
1955.583333	0.120260
1955.666667	0.415675
1955.750000	0.648657
1955.833333	0.767660
1955.916667	0.411690
1956.000000	-0.199918
1956.083333	-0.269938
1956.166667	0.194810
1956.250000	1.079961
1956.333333	2.156410
1956.416667	2.116633
1956.500000	1.305780
1956.583333	1.108245
1956.666667	0.960155
1956.750000	0.618613
1956.833333	0.568499
1956.916667	0.544395
1957.000000	0.249906
1957.083333	0.007195
1957.166667	0.138166
1957.250000	0.242833
1957.333333	0.057702
1957.416667	-0.113355
1957.500000	-0.233360
1957.583333	-0.235598
1957.666667	-0.049386
1957.750000	-0.008186
1957.833333	-0.017096
1957.916667	0.165147
1958.000000	0.441207
1958.083333	0.837169
1958.166667	1.442068
1958.250000	1.846343
1958.333333	1.798095
1958.416667	1.510538
1958.500000	1.143686
1958.583333	0.896822
1958.666667	0.735382
1958.750000	0.646383
1958.833333	0.599554
1958.916667	0.631638
1959.000000	1.141438
1959.083333	1.851781
1959.166667	1.709116
1959.250000	0.972690
1959.333333	0.614796
1959.416667	0.610376
1959.500000	0.768985
1959.583333	0.906231
1959.666667	1.219424
1959.750000	1.921298
1959.833333	2.215613
1959.916667	1.863809
1960.000000	1.326208
1960.083333	1.271521
1960.166667	1.425866
1960.250000	1.645378
1960.333333	2.082673
1960.416667	2.231669
1960.500000	2.366296
1960.583333	2.555877
1960.666667	2.575919
1960.750000	2.486074
1960.833333	2.320005
1960.916667	2.270642
1961.000000	2.418107
1961.083333	2.792895
1961.166667	3.110557
1961.250000	2.899940
1961.333333	2.194622
1961.416667	2.133289
1961.500000	2.774565
1961.583333	3.271236
1961.666667	3.540387
1961.750000	3.319184
1961.833333	2.781465
1961.916667	2.411870
1962.000000	2.211700
1962.083333	1.790641
1962.166667	1.153892
1962.250000	1.221720
1962.333333	1.713557
1962.416667	1.590801
1962.500000	1.256985
1962.583333	0.907685
1962.666667	0.714090
1962.750000	0.961374
1962.833333	1.235379
1962.916667	1.314698
1963.000000	1.445084
1963.083333	1.575698
1963.166667	1.044395
1963.250000	0.185570
1963.333333	-0.030360
1963.416667	0.400126
1963.500000	0.363551
1963.583333	-0.060892
1963.666667	-0.038114
1963.750000	0.515685
1963.833333	1.034809
1963.916667	1.049874
1964.000000	0.643600
1964.083333	-0.009200
1964.166667	-0.485569
1964.250000	-0.659328
1964.333333	-0.959865
1964.416667	-1.377010
1964.500000	-1.760272
1964.583333	-1.788485
1964.666667	-1.640753
1964.750000	-1.268486
1964.833333	-0.536289
1964.916667	0.028189
1965.000000	-0.342324
1965.083333	-1.026252
1965.166667	-1.111163
1965.250000	-0.941880
1965.333333	-0.945069
1965.416667	-0.986206
1965.500000	-1.052816
1965.583333	-1.209050
1965.666667	-1.399082
1965.750000	-1.102156
1965.833333	-0.043263
1965.916667	1.006860
1966.000000	1.381133
1966.083333	1.390612
1966.166667	1.793364
1966.250000	2.476977
1966.333333	2.731578
1966.416667	2.185076
1966.500000	1.210985
1966.583333	0.754832
1966.666667	0.795337
1966.750000	0.891943
1966.833333	1.054222
1966.916667	1.640004
1967.000000	2.096158
1967.083333	1.757576
1967.166667	1.494295
1967.250000	1.322074
1967.333333	0.857285
1967.416667	0.682492
1967.500000	0.607055
1967.583333	-0.029245
1967.666667	-0.876207
1967.750000	-1.020713
1967.833333	-0.987161
1967.916667	-1.076122
1968.000000	-0.930882
1968.083333	-0.805019
1968.166667	-1.006572
1968.250000	-1.311524
1968.333333	-1.647739
1968.416667	-1.676421
1968.500000	-1.417722
1968.583333	-1.291455
1968.666667	-1.464641
1968.750000	-1.554065
1968.833333	-1.169159
1968.916667	-0.500842
1969.000000	-0.146141
1969.083333	-0.306833
1969.166667	-0.489481
1969.250000	-0.761728
1969.333333	-0.991638
1969.416667	-1.257000
1969.500000	-1.816977
1969.583333	-2.363456
1969.666667	-2.476458
1969.750000	-2.476908
1969.833333	-2.502547
1969.916667	-2.524353
1970.000000	-2.092894
1970.083333	-1.431610
1970.166667	-1.312678
1970.250000	-1.237565
1970.333333	-0.582596
1970.416667	0.160855
1970.500000	0.154068
1970.583333	-0.306908
1970.666667	-0.789111
1970.750000	-1.072174
1970.833333	-0.738356
1970.916667	0.028557
1971.000000	0.526790
1971.083333	0.870484
1971.166667	1.171810
1971.250000	1.563835
1971.333333	1.880457
1971.416667	1.987491
1971.500000	2.050651
1971.583333	1.751573
1971.666667	1.231081
1971.750000	0.885069
1971.833333	0.794452
1971.916667	1.185380
1972.000000	1.376845
1972.083333	0.891379
1972.166667	0.472747
1972.250000	0.250912
1972.333333	0.267632
1972.416667	0.454841
1972.500000	0.377850
1972.583333	0.140081
1972.666667	0.220374
1972.750000	0.448503
1972.833333	0.431294
1972.916667	-0.007999
1973.000000	-0.552537
1973.083333	-0.728895
1973.166667	-0.592729
1973.250000	-0.102810
1973.333333	0.581471
1973.416667	1.200637
1973.500000	1.415734
1973.583333	1.020431
1973.666667	0.308608
1973.750000	-0.231747
1973.833333	-0.465842
1973.916667	-0.612941
1974.000000	-0.614145
1974.083333	-0.557390
1974.166667	-0.776053
1974.250000	-0.960838
1974.333333	-1.138948
1974.416667	-1.597761
1974.500000	-1.958882
1974.583333	-2.081115
1974.666667	-1.962123
1974.750000	-1.364012
1974.833333	-0.941778
1974.916667	-0.955095
1975.000000	-0.790771
1975.083333	-0.127741
1975.166667	0.219228
1975.250000	-0.231158
1975.333333	-0.814083
1975.416667	-0.742611
1975.500000	-0.462661
1975.583333	-0.655719
1975.666667	-1.071066
1975.750000	-1.303988
1975.833333	-1.256091
1975.916667	-1.230438
1976.000000	-1.425623
1976.083333	-1.480041
1976.166667	-1.248305
1976.250000	-1.190202
1976.333333	-1.354389
1976.416667	-1.310279
1976.500000	-0.881977
1976.583333	-0.434493
1976.666667	-0.390984
1976.750000	-0.723098
1976.833333	-1.022364
1976.916667	-1.058939
1977.000000	-1.063466
1977.083333	-0.968634
1977.166667	-0.481278
1977.250000	-0.173618
1977.333333	-0.440000
1977.416667	-0.814345
1977.500000	-0.922953
1977.583333	-0.829433
1977.666667	-0.775092
1977.750000	-0.860814
1977.833333	-0.998735
1977.916667	-1.094279
1978.000000	-1.171188
1978.083333	-1.185047
1978.166667	-1.297768
1978.250000	-1.358491
1978.333333	-1.263746
1978.416667	-1.389118
1978.500000	-1.575887
1978.583333	-1.521143
1978.666667	-0.982923
1978.750000	-0.463393
1978.833333	-0.749604
1978.916667	-1.192739
1979.000000	-1.308770
1979.083333	-1.177208
1979.166667	-0.971004
1979.250000	-1.422496
1979.333333	-2.407320
1979.416667	-2.672227
1979.500000	-2.182655
1979.583333	-1.678967
1979.666667	-1.518680
1979.750000	-1.223540
1979.833333	-0.980748
1979.916667	-0.983939
1980.000000	-1.127289
1980.083333	-1.441900
1980.166667	-1.864906
1980.250000	-2.191757
1980.333333	-2.620885
1980.416667	-2.773964
1980.500000	-2.839362
1980.583333	-2.904829
1980.666667	-2.804839
1980.750000	-2.657724
1980.833333	-2.464561
1980.916667	-2.748349
1981.000000	-3.239523
1981.083333	-2.926411
1981.166667	-2.742767
1981.250000	-2.524414
1981.333333	-2.268802
1981.416667	-1.917752
1981.500000	-1.708113
1981.583333	-1.659006
1981.666667	-1.642561
1981.750000	-1.410599
1981.833333	-1.047443
1981.916667	-0.980836
1982.000000	-1.097815
1982.083333	-0.830788
1982.166667	-0.228430
1982.250000	0.354834
1982.333333	0.206399
1982.416667	-0.639103
1982.500000	-1.345601
1982.583333	-1.671371
1982.666667	-1.629096
1982.750000	-1.172089
1982.833333	-0.193007
1982.916667	0.520212
1983.000000	0.620078
1983.083333	0.743252
1983.166667	0.759334
1983.250000	0.289971
1983.333333	-0.284218
1983.416667	-0.261800
1983.500000	0.018310
1983.583333	0.375358
1983.666667	0.664672
1983.750000	0.387853
1983.833333	-0.432929
1983.916667	-0.922981
1984.000000	-0.768401
1984.083333	-0.135672
1984.166667	0.446888
1984.250000	0.901939
1984.333333	1.760060
1984.416667	2.295781
1984.500000	1.878204
1984.583333	1.288305
1984.666667	0.977039
1984.750000	0.555358
1984.833333	0.119919
1984.916667	0.087144
1985.000000	0.352685
1985.083333	0.343365
1985.166667	-0.107029
1985.250000	-0.527168
1985.333333	-0.738856
1985.416667	-1.078871
1985.500000	-1.684978
1985.583333	-2.080555
1985.666667	-1.806772
1985.750000	-1.260135
1985.833333	-0.453854
1985.916667	0.347315
1986.000000	0.570350
1986.083333	0.314547
1986.166667	0.092242
1986.250000	0.185597
1986.333333	0.114717
1986.416667	-0.323335
1986.500000	-0.676203
1986.583333	-0.875443
1986.666667	-0.935870
1986.750000	-0.604579
1986.833333	-0.299710
1986.916667	-0.539309
1987.000000	-0.950851
1987.083333	-1.245249
1987.166667	-1.367308
1987.250000	-1.347708
1987.333333	-1.641849
1987.416667	-2.230451
1987.500000	-2.039466
1987.583333	-1.074387
1987.666667	-0.735617
1987.750000	-1.050117
1987.833333	-1.191429
1987.916667	-1.168249
1988.000000	-1.491501
1988.083333	-1.698355
1988.166667	-1.426081
1988.250000	-0.850872
1988.333333	0.177128
1988.416667	0.563686
1988.500000	0.180626
1988.583333	-0.212544
1988.666667	-0.455914
1988.750000	-0.333751
1988.833333	-0.043868
1988.916667	0.042940
1989.000000	-0.152739
1989.083333	-0.615445
1989.166667	-0.903983
1989.250000	-0.939483
1989.333333	-0.714155
1989.416667	-0.288512
1989.500000	0.168797
1989.583333	0.528551
1989.666667	0.822384
1989.750000	1.208650
1989.833333	1.836302
1989.916667	2.255650
1990.000000	2.410655
1990.083333	2.356028
1990.166667	1.731440
1990.250000	1.041454
1990.333333	1.204287
1990.416667	1.231438
1990.500000	0.727691
1990.583333	0.315884
1990.666667	0.310674
1990.750000	0.325991
1990.833333	0.211207
1990.916667	0.432411
1991.000000	0.559240
1991.083333	0.295843
1991.166667	0.014955
1991.250000	-0.137466
1991.333333	-0.127073
1991.416667	-0.049323
1991.500000	-0.207568
1991.583333	-0.686415
1991.666667	-1.116312
1991.750000	-1.377612
1991.833333	-1.535018
1991.916667	-1.445398
1992.000000	-1.336727
1992.083333	-1.304398
1992.166667	-1.580426
1992.250000	-1.769264
1992.333333	-1.521651
1992.416667	-1.152874
1992.500000	-0.738861
1992.583333	-0.401241
1992.666667	-0.338164
1992.750000	-0.420395
1992.833333	-0.396188
1992.916667	0.025504
1993.000000	0.576568
1993.083333	0.693337
1993.166667	0.720566
1993.250000	0.911341
1993.333333	1.252942
1993.416667	1.838416
1993.500000	1.815936
1993.583333	1.427340
1993.666667	1.765076
1993.750000	2.189126
1993.833333	1.840581
1993.916667	1.125820
1994.000000	0.824382
1994.083333	0.690165
1994.166667	0.509601
1994.250000	0.060824
1994.333333	-0.637684
1994.416667	-0.924357
1994.500000	-1.005915
1994.583333	-0.975000
1994.666667	-0.418762
1994.750000	-0.221436
1994.833333	-0.381122
1994.916667	0.105689
1995.000000	0.493396
1995.083333	0.351925
1995.166667	-0.137327
1995.250000	-0.716565
1995.333333	-0.965292
1995.416667	-1.029309
1995.500000	-0.697667
1995.583333	-0.124675
1995.666667	-0.019869
1995.750000	0.100607
1995.833333	0.404252
1995.916667	0.352963
1996.000000	-0.139473
1996.083333	-0.638182
1996.166667	-0.587920
1996.250000	-0.298571
1996.333333	-0.296672
1996.416667	-0.298425
1996.500000	-0.424668
1996.583333	-0.760000
1996.666667	-0.805575
1996.750000	-0.430126
1996.833333	0.099644
1996.916667	0.286059
1997.000000	0.154162
1997.083333	0.500920
1997.166667	1.354510
1997.250000	1.743117
1997.333333	1.376733
1997.416667	0.951236
1997.500000	0.725936
1997.583333	0.555733
1997.666667	0.554963
1997.750000	0.628457
1997.833333	0.668372
1997.916667	0.384237
1998.000000	-0.389377
1998.083333	-0.725000
1998.166667	-0.680397
1998.250000	-0.609592
1998.333333	-0.477899
1998.416667	-0.574919
1998.500000	-0.200000
1998.583333	0.563085
1998.666667	0.890020
1998.750000	1.109674
1998.833333	1.517282
1998.916667	1.467179
1999.000000	0.825169
1999.083333	0.708893
1999.166667	0.867939
1999.250000	0.635681
1999.333333	0.551729
1999.416667	0.401838
1999.500000	-0.432232
1999.583333	-1.060667
1999.666667	-0.763463
1999.750000	0.053831
1999.833333	0.331256
1999.916667	0.429763
2000.000000	0.757318
2000.083333	0.956430
2000.166667	1.070424
2000.250000	1.210850
2000.333333	1.217572
2000.416667	1.186498
2000.500000	1.321515
2000.583333	1.682282
2000.666667	1.970836
2000.750000	2.176726
2000.833333	2.278325
2000.916667	2.076380
2001.000000	1.544383
2001.083333	1.241304
2001.166667	1.245189
2001.250000	1.142944
2001.333333	0.846640
2001.416667	0.732042
2001.500000	0.645700
2001.583333	0.493765
2001.666667	0.569816
2001.750000	0.818828
2001.833333	1.351459
2001.916667	2.004680
2002.000000	2.411382
2002.083333	2.337954
2002.166667	2.089448
2002.250000	2.471966
2002.333333	2.957907
2002.416667	2.564179
2002.500000	1.661803
2002.583333	1.000469
2002.666667	0.920723
2002.750000	1.125005
2002.833333	1.188652
2002.916667	0.857314
2003.000000	0.593643
2003.083333	0.665957
2003.166667	0.813537
2003.250000	0.716872
2003.333333	0.742282
2003.416667	0.953680
2003.500000	0.837118
2003.583333	0.675043
2003.666667	1.151676
2003.750000	1.956741
2003.833333	2.316477
2003.916667	2.357591
2004.000000	1.774966
2004.083333	0.706928
2004.166667	0.182010
2004.250000	0.225360
2004.333333	0.549960
2004.416667	0.522989
2004.500000	-0.072730
2004.583333	-0.295341
2004.666667	0.327595
2004.750000	0.730364
2004.833333	0.532327
2004.916667	0.116702
2005.000000	-0.412802
2005.083333	-0.764455
2005.166667	-0.603902
2005.250000	-0.314768
2005.333333	-0.616517
2005.416667	-0.966688
2005.500000	-1.102048
2005.583333	-1.278813
2005.666667	-1.511668
2005.750000	-1.617412
2005.833333	-1.823929
2005.916667	-1.898209
2006.000000	-1.643116
2006.083333	-1.651137
2006.166667	-1.966499
2006.250000	-1.883367
2006.333333	-1.733090
2006.416667	-1.648553
2006.500000	-1.361794
2006.583333	-0.843648
2006.666667	-0.474447
2006.750000	-0.657300
2006.833333	-0.982111
2006.916667	-1.086955
2007.000000	-0.846652
2007.083333	-0.192559
2007.166667	0.494417
2007.250000	0.792014
2007.333333	0.346942
2007.416667	-0.499801
2007.500000	-0.692990
2007.583333	-0.442337
2007.666667	-0.277401
2007.750000	-0.314719
2007.833333	-0.920000
2007.916667	-1.685970
2008.000000	-1.761717
2008.083333	-1.208981
2008.166667	-0.823232
2008.250000	-0.430541
2008.333333	-0.145528
2008.416667	-0.385346
2008.500000	-0.668651
2008.583333	-0.492257
2008.666667	0.075812
2008.750000	0.444425
2008.833333	0.425728
2008.916667	0.429308
2009.000000	0.826266
2009.083333	1.336936
2009.166667	1.276619
2009.250000	1.093238
2009.333333	1.335331
2009.416667	1.780239
2009.500000	1.984986
2009.583333	1.739889
2009.666667	0.970823
2009.750000	0.451243
2009.833333	0.481851
2009.916667	0.452531
2010.000000	0.252626
2010.083333	0.092720
2010.166667	-0.331542
2010.250000	-0.658563
2010.333333	-0.420569
2010.416667	0.226833
2010.500000	0.847584
2010.583333	1.245048
2010.666667	1.436818
2010.750000	1.634720
2010.833333	1.626928
2010.916667	1.018127
2011.000000	0.544092
2011.083333	0.435484
2011.166667	0.343974
2011.250000	0.361817
2011.333333	0.323173
2011.416667	0.088036
2011.500000	-0.066521
2011.583333	0.038085
2011.666667	0.123388
2011.750000	0.040917
2011.833333	0.178308
2011.916667	0.765938
2012.000000	1.787182
2012.083333	2.479015
2012.166667	2.316124
2012.250000	1.324434
2012.333333	0.494087
2012.416667	0.489653
2012.500000	0.821226
2012.583333	1.051864
2012.666667	1.492531
2012.750000	2.297022
2012.833333	2.967963
2012.916667	3.171807
2013.000000	2.968963
2013.083333	2.577219
2013.166667	2.478208
2013.250000	2.190315
2013.333333	1.742045
2013.416667	1.548349
2013.500000	1.451591
2013.583333	1.144113
2013.666667	0.795961
2013.750000	0.717511
2013.833333	0.795576
2013.916667	0.564960
2014.000000	0.336648
2014.083333	0.343449
2014.166667	0.206589
2014.250000	-0.020220
2014.333333	-0.036719
2014.416667	0.209536
2014.500000	0.042327
2014.583333	-0.775807
2014.666667	-1.144255
2014.750000	-0.918310
2014.833333	-0.755545
2014.916667	-0.800695
2015.000000	-0.631422
2015.083333	0.035894
2015.166667	0.433428
2015.250000	0.124361
2015.333333	-0.628692
2015.416667	-1.283191
2015.500000	-1.518891
2015.583333	-1.236364
2015.666667	-0.794760
2015.750000	-0.043423
2015.833333	0.660383
2015.916667	0.739999
2016.000000	0.174488
2016.083333	-0.397731
2016.166667	-0.271505
2016.250000	0.239639
2016.333333	0.666407
2016.416667	0.760583
2016.500000	0.893823
2016.583333	1.597438
2016.666667	2.169961
2016.750000	2.141108
2016.833333	1.862051
2016.916667	1.209051
2017.000000	0.859914
2017.083333	0.815156
2017.166667	0.675209
2017.250000	0.678174
2017.333333	0.844746
2017.416667	1.141995
2017.500000	1.401692
2017.583333	1.192414
2017.666667	0.713255
2017.750000	0.394605
2017.833333	0.153031
2017.916667	0.302687
2018.000000	0.726097
2018.083333	0.479960
2018.166667	-0.520330
2018.250000	-0.867274
2018.333333	-0.606509
2018.416667	-0.530815
2018.500000	-0.460558
2018.583333	-0.161514
2018.666667	-0.260112
2018.750000	-0.397128
2018.833333	0.170211
2018.916667	0.763716
2019.000000	0.959969
2019.083333	0.890840
2019.166667	0.650318
2019.250000	0.376283
2019.333333	0.344331
2019.416667	0.606704
2019.500000	0.804496
2019.583333	0.978336
2019.666667	1.049284
2019.750000	0.755271
2019.833333	0.189514
2019.916667	-0.386803
2020.000000	-0.528984
2020.083333	-0.479475
2020.166667	-0.396696
2020.250000	-0.399809
2020.333333	-0.248120
2020.416667	0.053605
2020.500000	0.105898
2020.583333	-0.101031
2020.666667	0.026062
2020.750000	0.414911
2020.833333	0.522103
2020.916667	0.729928
2021.000000	1.214172
2021.083333	1.599055
2021.166667	1.633749
2021.250000	1.464509
2021.333333	1.324102
2021.416667	1.376093
2021.500000	1.237061
2021.583333	1.089297
2021.666667	1.228971
2021.750000	1.377320
2021.833333	1.188761
2021.916667	1.071189
2022.000000	1.252553
2022.083333	1.495632
