1880	1.79048793
1880.083333	1.64777086
1880.166667	1.16373129
1880.25	0.824396082
1880.333333	1.07457452
1880.416667	1.40871652
1880.5	1.22005584
1880.583333	0.847289849
1880.666667	0.296554791
1880.75	-0.169258891
1880.833333	-0.434878592
1880.916667	-0.933357911
1881	-1.27078764
1881.083333	-1.14807562
1881.166667	-0.557589511
1881.25	0.0294019567
1881.333333	0.174620714
1881.416667	0.315554048
1881.5	0.377307407
1881.583333	-0.100394914
1881.666667	-0.761268882
1881.75	-0.798680576
1881.833333	-0.307009741
1881.916667	-0.219900903
1882	-0.597531338
1882.083333	-0.702328165
1882.166667	-0.323849018
1882.25	0.1765637
1882.333333	0.30376942
1882.416667	0.0108943635
1882.5	-0.408498748
1882.583333	-0.645500372
1882.666667	-0.486837734
1882.75	-0.0648978311
1882.833333	-0.0612423318
1882.916667	-0.132181812
1883	0.270166486
1883.083333	0.55387157
1883.166667	0.0653220875
1883.25	-0.628564513
1883.333333	-1.18114416
1883.416667	-1.56290712
1883.5	-1.37960075
1883.583333	-0.850205653
1883.666667	-0.328792151
1883.75	0.0771254011
1883.833333	0.112164085
1883.916667	-0.261297632
1884	-0.430060773
1884.083333	-0.381664523
1884.166667	-0.260407233
1884.25	-0.105014629
1884.333333	0.0183642223
1884.416667	0.266487205
1884.5	0.789795875
1884.583333	1.09222671
1884.666667	1.1885814
1884.75	1.41022169
1884.833333	1.60676574
1884.916667	1.96490311
1885	2.68083744
1885.083333	3.00558602
1885.166667	2.89209008
1885.25	2.63340255
1885.333333	2.30473964
1885.416667	1.94284781
1885.5	1.33290804
1885.583333	1.11273793
1885.666667	1.5729328
1885.75	2.11732655
1885.833333	2.60162041
1885.916667	3.14567753
1886	3.05442143
1886.083333	2.46684955
1886.166667	2.44936025
1886.25	2.76242243
1886.333333	3.1371887
1886.416667	3.50890904
1886.5	3.17100137
1886.583333	2.82402867
1886.666667	2.8745851
1886.75	3.14514152
1886.833333	3.23579143
1886.916667	3.14335574
1887	3.04002377
1887.083333	3.00592418
1887.166667	2.80602861
1887.25	2.62778079
1887.333333	2.86768246
1887.416667	3.25382311
1887.5	3.14843128
1887.583333	2.55824838
1887.666667	1.9778256
1887.75	1.69192033
1887.833333	1.757531
1887.916667	2.0561675
1888	2.02350396
1888.083333	1.59722771
1888.166667	1.26445043
1888.25	1.2140643
1888.333333	1.39963461
1888.416667	1.68903518
1888.5	1.67927466
1888.583333	1.22236502
1888.666667	0.773412171
1888.75	0.742367199
1888.833333	0.690917674
1888.916667	0.505461369
1889	0.564476959
1889.083333	0.546792302
1889.166667	0.783555203
1889.25	1.17001475
1889.333333	0.743592724
1889.416667	0.0933343015
1889.5	-0.186707983
1889.583333	-0.0533855572
1889.666667	0.262490205
1889.75	0.415915117
1889.833333	-0.285346339
1889.916667	-1.06539643
1890	-1.24133349
1890.083333	-1.32270455
1890.166667	-1.06745353
1890.25	-0.186120308
1890.333333	0.376348934
1890.416667	0.190724276
1890.5	-0.367764753
1890.583333	-0.739213176
1890.666667	-0.787037778
1890.75	-0.482431435
1890.833333	0.238344313
1890.916667	0.717728957
1891	0.505487074
1891.083333	0.390340652
1891.166667	0.786960643
1891.25	1.03932172
1891.333333	0.91220715
1891.416667	0.694268693
1891.5	0.33686208
1891.583333	0.262577122
1891.666667	0.487792561
1891.75	0.905776239
1891.833333	1.16754642
1891.916667	1.34879326
1892	1.89873606
1892.083333	2.51870936
1892.166667	2.61413388
1892.25	2.33063853
1892.333333	1.92674596
1892.416667	1.6641682
1892.5	1.72591572
1892.583333	1.93600874
1892.666667	2.22672612
1892.75	2.11180639
1892.833333	1.77028574
1892.916667	1.59017739
1893	1.61272551
1893.083333	1.55200912
1893.166667	1.29390962
1893.25	1.04483005
1893.333333	0.544345666
1893.416667	-0.39974703
1893.5	-0.574087867
1893.583333	0.36108708
1893.666667	1.37135708
1893.75	1.54659417
1893.833333	1.23363962
1893.916667	1.07556686
1894	1.27059858
1894.083333	1.50293888
1894.166667	1.45616289
1894.25	1.20948325
1894.333333	1.03734568
1894.416667	0.987816946
1894.5	0.896151281
1894.583333	0.94156862
1894.666667	0.886588032
1894.75	0.408372788
1894.833333	0.0434906095
1894.916667	-0.176197633
1895	-0.424536164
1895.083333	-0.594140742
1895.166667	-0.729619673
1895.25	-0.59325239
1895.333333	-0.219663152
1895.416667	-0.0195812967
1895.5	0.0279605445
1895.583333	0.152418276
1895.666667	0.273067292
1895.75	0.342031579
1895.833333	0.478747196
1895.916667	0.537009768
1896	0.368320702
1896.083333	0.249754712
1896.166667	0.355291616
1896.25	0.359484122
1896.333333	0.0485729237
1896.416667	-0.189955041
1896.5	-0.259507623
1896.583333	-0.266404746
1896.666667	-0.0176912905
1896.75	0.387210644
1896.833333	0.518817615
1896.916667	0.331661813
1897	-0.0483864921
1897.083333	-0.402657091
1897.166667	-0.316926538
1897.25	0.232313372
1897.333333	0.315356041
1897.416667	-0.0794503334
1897.5	-0.311238108
1897.583333	-0.211610694
1897.666667	-0.172900511
1897.75	-0.400590804
1897.833333	-0.81091623
1897.916667	-1.08279763
1898	-0.976565715
1898.083333	-0.862459498
1898.166667	-0.843480705
1898.25	-0.628048885
1898.333333	-0.430132513
1898.416667	-0.773454298
1898.5	-0.776535953
1898.583333	-0.276563906
1898.666667	-0.135186174
1898.75	-0.380798508
1898.833333	-0.873333758
1898.916667	-1.15671234
1899	-0.759698299
1899.083333	-0.141063926
1899.166667	0.0464506962
1899.25	0.0188559788
1899.333333	0.00254708289
1899.416667	-0.0640388989
1899.5	-0.267587406
1899.583333	-0.800650159
1899.666667	-1.29358258
1899.75	-1.31692186
1899.833333	-1.09375901
1899.916667	-0.663265514
1900	0.287754508
1900.083333	1.19991748
1900.166667	1.46452769
1900.25	1.05088341
1900.333333	0.424400139
1900.416667	0.205649822
1900.5	0.785666303
1900.583333	1.47334138
1900.666667	0.978730779
1900.75	0.097429734
1900.833333	-0.00921099147
1900.916667	0.0785968614
1901	-0.064640369
1901.083333	-0.161280979
1901.166667	-0.393665132
1901.25	-0.685500834
1901.333333	-0.612738285
1901.416667	-0.33372181
1901.5	-0.657189344
1901.583333	-0.865947015
1901.666667	-0.610317802
1901.75	-0.882334303
1901.833333	-1.30163319
1901.916667	-1.36686568
1902	-1.37538143
1902.083333	-1.1478631
1902.166667	-0.74172059
1902.25	-0.741757002
1902.333333	-0.886391362
1902.416667	-0.602521875
1902.5	0.0359750787
1902.583333	0.207953361
1902.666667	0.212676706
1902.75	0.375862275
1902.833333	0.708520999
1902.916667	1.44893844
1903	2.15615325
1903.083333	2.51724708
1903.166667	2.25600849
1903.25	1.8752754
1903.333333	1.73034503
1903.416667	1.24927487
1903.5	0.592579093
1903.583333	0.279566093
1903.666667	0.379877031
1903.75	0.802656794
1903.833333	1.29532226
1903.916667	1.6157347
1904	1.78400224
1904.083333	2.02255817
1904.166667	2.07429685
1904.25	1.57562096
1904.333333	1.11280804
1904.416667	1.18436444
1904.5	1.08649824
1904.583333	0.716352123
1904.666667	0.621438043
1904.75	0.980857314
1904.833333	1.51767042
1904.916667	1.52552005
1905	0.979010652
1905.083333	0.56365331
1905.166667	0.0964263061
1905.25	-0.271534604
1905.333333	0.190683975
1905.416667	1.12059896
1905.5	1.14307421
1905.583333	0.416574564
1905.666667	0.0663049691
1905.75	-0.0745413851
1905.833333	0.140124022
1905.916667	0.897770594
1906	1.64600499
1906.083333	1.97499142
1906.166667	1.82611348
1906.25	1.60624483
1906.333333	1.41194448
1906.416667	1.36783471
1906.5	1.50122704
1906.583333	1.49704571
1906.666667	1.42043341
1906.75	1.76292656
1906.833333	2.32842836
1906.916667	2.33862102
1907	1.63270031
1907.083333	1.07082193
1907.166667	0.928154145
1907.25	0.977200816
1907.333333	1.14898246
1907.416667	1.13247189
1907.5	0.769454497
1907.583333	0.681762774
1907.666667	0.835170218
1907.75	0.690671237
1907.833333	0.523851183
1907.916667	1.16116835
1908	1.94650519
1908.083333	2.1554691
1908.166667	1.94772923
1908.25	1.30659616
1908.333333	0.436962795
1908.416667	0.14056101
1908.5	0.218365777
1908.583333	0.320163454
1908.666667	0.534890047
1908.75	0.715607152
1908.833333	0.655029648
1908.916667	0.617857141
1909	0.79120996
1909.083333	1.00930803
1909.166667	0.884502654
1909.25	0.287354928
1909.333333	-0.566430968
1909.416667	-0.745739757
1909.5	-0.0301430854
1909.583333	0.604861222
1909.666667	0.76581573
1909.75	0.849941538
1909.833333	0.904107045
1909.916667	0.716924943
1910	0.552433013
1910.083333	0.270134302
1910.166667	-0.135025935
1910.25	-0.383970173
1910.333333	-0.874306656
1910.416667	-1.65290214
1910.5	-1.82677425
1910.583333	-1.99449798
1910.666667	-2.33797692
1910.75	-2.36500282
1910.833333	-2.19060954
1910.916667	-1.67045676
1911	-0.860643078
1911.083333	-0.707264524
1911.166667	-0.716516159
1911.25	-0.849893001
1911.333333	-1.18552288
1911.416667	-1.20903042
1911.5	-0.8615127
1911.583333	-0.400007503
1911.666667	-0.186740287
1911.75	0.121579288
1911.833333	0.716845748
1911.916667	0.967985765
1912	0.82935389
1912.083333	0.417405091
1912.166667	-0.340880408
1912.25	-0.800986028
1912.333333	-0.812405744
1912.416667	-0.684737682
1912.5	-0.367422869
1912.583333	-0.304726998
1912.666667	-0.691514961
1912.75	-1.00317584
1912.833333	-0.79096321
1912.916667	-0.267484509
1913	0.0578158523
1913.083333	0.12637123
1913.166667	-0.0936555817
1913.25	-0.254608343
1913.333333	-0.15888744
1913.416667	-0.150709344
1913.5	-0.310779808
1913.583333	-0.534350547
1913.666667	-0.743124412
1913.75	-0.997940179
1913.833333	-1.01129645
1913.916667	-0.459852544
1914	-0.00257443793
1914.083333	-0.0240925327
1914.166667	-0.362338359
1914.25	-0.719965802
1914.333333	-0.2423128
1914.416667	0.962973792
1914.5	1.77948603
1914.583333	1.97084414
1914.666667	1.66831295
1914.75	1.32020707
1914.833333	0.524146367
1914.916667	0.0397335537
1915	-0.351642154
1915.083333	-1.12679567
1915.166667	-1.53298852
1915.25	-1.44720031
1915.333333	-1.42175183
1915.416667	-1.38173814
1915.5	-0.976872775
1915.583333	-0.52033331
1915.666667	-0.372675211
1915.75	-0.546873159
1915.833333	-0.850482498
1915.916667	-0.892485378
1916	-1.01217344
1916.083333	-1.08861641
1916.166667	-0.821004385
1916.25	-0.572896186
1916.333333	-0.517733575
1916.416667	-0.592785929
1916.5	-0.487250568
1916.583333	-0.117053929
1916.666667	-0.0371270583
1916.75	-0.376736934
1916.833333	-0.819521591
1916.916667	-1.10668563
1917	-1.66694734
1917.083333	-2.09112358
1917.166667	-1.4804476
1917.25	-1.20076944
1917.333333	-1.76044903
1917.416667	-2.03944591
1917.5	-1.6479998
1917.583333	-1.24782678
1917.666667	-1.21445623
1917.75	-1.06426095
1917.833333	-0.781586576
1917.916667	-0.861275325
1918	-0.728986732
1918.083333	-0.26902207
1918.166667	0.0153551735
1918.25	-0.0420931356
1918.333333	-0.380402536
1918.416667	-0.0168142828
1918.5	0.934807331
1918.583333	1.38097566
1918.666667	1.30943258
1918.75	0.968895253
1918.833333	0.40276003
1918.916667	0.104026179
1919	-0.291310227
1919.083333	-0.591150111
1919.166667	-0.860192791
1919.25	-1.2888752
1919.333333	-1.2129128
1919.416667	-0.857892763
1919.5	-0.690555052
1919.583333	-0.79720587
1919.666667	-1.1235835
1919.75	-1.13621564
1919.833333	-0.799556314
1919.916667	-0.367917224
1920	0.356817643
1920.083333	1.0945332
1920.166667	0.946608279
1920.25	-0.0871531997
1920.333333	-0.810954321
1920.416667	-0.772126918
1920.5	-0.625373261
1920.583333	-0.59855788
1920.666667	-0.178483474
1920.75	0.876282452
1920.833333	1.58505413
1920.916667	1.79505924
1921	1.88185578
1921.083333	1.58949358
1921.166667	0.902681182
1921.25	0.150911048
1921.333333	-0.463309205
1921.416667	-0.829733151
1921.5	-1.02086792
1921.583333	-1.40884588
1921.666667	-1.77478508
1921.75	-1.70442027
1921.833333	-1.41912082
1921.916667	-1.46449324
1922	-1.69760925
1922.083333	-1.69983687
1922.166667	-1.50821234
1922.25	-1.65535834
1922.333333	-2.0380509
1922.416667	-1.94406561
1922.5	-1.49848757
1922.583333	-0.948560569
1922.666667	-0.728549458
1922.75	-1.23510866
1922.833333	-1.66086248
1922.916667	-1.50138033
1923	-1.07985826
1923.083333	-0.62391923
1923.166667	-0.535640487
1923.25	-0.594284984
1923.333333	-0.572981202
1923.416667	-0.58180815
1923.5	-0.0543477019
1923.583333	1.03454096
1923.666667	1.30997627
1923.75	0.587962425
1923.833333	0.195209323
1923.916667	0.758331152
1924	1.32891685
1924.083333	1.35350896
1924.166667	1.06052869
1924.25	0.836866373
1924.333333	0.806644928
1924.416667	0.412687171
1924.5	0.190296549
1924.583333	0.754748216
1924.666667	1.47050339
1924.75	1.60560249
1924.833333	1.07331821
1924.916667	0.590995635
1925	0.889752899
1925.083333	1.03395217
1925.166667	0.662915422
1925.25	0.419809789
1925.333333	0.330874529
1925.416667	0.52809413
1925.5	0.736805134
1925.583333	0.761247881
1925.666667	0.692405824
1925.75	0.554471543
1925.833333	0.436231912
1925.916667	0.522712549
1926	0.515897372
1926.083333	0.161160449
1926.166667	-0.170359455
1926.25	-0.465718086
1926.333333	-0.859021085
1926.416667	-1.24542117
1926.5	-1.25387956
1926.583333	-0.383539227
1926.666667	0.548340242
1926.75	0.801706281
1926.833333	0.747471104
1926.916667	0.492730311
1927	0.256208345
1927.083333	0.587331065
1927.166667	1.09307677
1927.25	1.24143022
1927.333333	1.43042091
1927.416667	1.62418036
1927.5	1.52446897
1927.583333	1.28623482
1927.666667	1.54609073
1927.75	2.31342977
1927.833333	2.65807056
1927.916667	2.36530865
1928	2.00046935
1928.083333	1.76983962
1928.166667	1.7361901
1928.25	1.74165544
1928.333333	1.19598645
1928.416667	0.39586392
1928.5	0.229912212
1928.583333	0.671905465
1928.666667	0.943773517
1928.75	0.885349376
1928.833333	0.838452622
1928.916667	0.717015019
1929	0.460464849
1929.083333	0.354232014
1929.166667	0.602133191
1929.25	0.757485934
1929.333333	0.924487697
1929.416667	1.28054328
1929.5	1.58059914
1929.583333	1.60367327
1929.666667	1.79317014
1929.75	2.09690598
1929.833333	1.95130256
1929.916667	1.37225529
1930	0.843275335
1930.083333	0.0825554547
1930.166667	-0.923056322
1930.25	-1.17021133
1930.333333	-0.643990232
1930.416667	-0.246574749
1930.5	-0.551958935
1930.583333	-1.09036593
1930.666667	-1.41858
1930.75	-1.67747023
1930.833333	-1.73947442
1930.916667	-1.46555245
1931	-1.27460524
1931.083333	-1.32681448
1931.166667	-1.24977691
1931.25	-0.832495523
1931.333333	-0.531491457
1931.416667	-0.664097928
1931.5	-0.96405274
1931.583333	-0.968130971
1931.666667	-0.988956543
1931.75	-1.14249509
1931.833333	-1.10522366
1931.916667	-0.901020572
1932	-0.67053192
1932.083333	-0.662684423
1932.166667	-0.942001897
1932.25	-1.23102665
1932.333333	-1.21224082
1932.416667	-1.04866954
1932.5	-1.30615945
1932.583333	-1.47666811
1932.666667	-0.964356288
1932.75	-0.395446707
1932.833333	-0.437929734
1932.916667	-0.724459762
1933	-1.01464955
1933.083333	-0.886020545
1933.166667	-0.160039338
1933.25	0.496986623
1933.333333	1.06240133
1933.416667	1.60652023
1933.5	2.05103942
1933.583333	2.60615464
1933.666667	2.87882784
1933.75	2.51912502
1933.833333	2.1394576
1933.916667	2.05175209
1934	1.78249512
1934.083333	1.30048749
1934.166667	1.0062396
1934.25	0.905244288
1934.333333	0.862344762
1934.416667	1.06014573
1934.5	1.12809174
1934.583333	0.824083878
1934.666667	0.501426596
1934.75	0.0900308039
1934.833333	-0.0722829106
1934.916667	0.225171949
1935	0.192388103
1935.083333	-0.207616448
1935.166667	-0.337779029
1935.25	-0.113701697
1935.333333	0.286740461
1935.416667	0.373564492
1935.5	-0.249853376
1935.583333	-1.0093797
1935.666667	-1.44776066
1935.75	-1.06549703
1935.833333	-0.208287013
1935.916667	0.413989354
1936	0.617493941
1936.083333	0.479436946
1936.166667	0.224297836
1936.25	0.271096762
1936.333333	0.58362278
1936.416667	0.810175465
1936.5	0.756289615
1936.583333	0.493901826
1936.666667	0.287744645
1936.75	0.272488863
1936.833333	0.548087603
1936.916667	0.940305989
1937	0.994903164
1937.083333	0.57061719
1937.166667	0.0527466936
1937.25	-0.508305225
1937.333333	-0.967429628
1937.416667	-1.28860953
1937.5	-1.36926631
1937.583333	-1.40092415
1937.666667	-1.33884611
1937.75	-1.05086215
1937.833333	-0.668578363
1937.916667	-0.568044329
1938	-0.756238716
1938.083333	-0.684213393
1938.166667	-0.795132284
1938.25	-1.12126465
1938.333333	-1.06850748
1938.416667	-0.756634457
1938.5	-0.588165749
1938.583333	-0.386235587
1938.666667	0.0122910488
1938.75	0.312675711
1938.833333	0.26845895
1938.916667	0.129310093
1939	0.13914309
1939.083333	0.509306573
1939.166667	0.936395807
1939.25	1.33035811
1939.333333	1.28733371
1939.416667	0.776400663
1939.5	0.0970801117
1939.583333	-0.786825594
1939.666667	-1.46196527
1939.75	-1.63150097
1939.833333	-1.76103861
1939.916667	-1.96172813
1940	-2.14554121
1940.083333	-2.09679434
1940.166667	-2.02207185
1940.25	-2.16341295
1940.333333	-2.14222417
1940.416667	-2.08710848
1940.5	-1.9284737
1940.583333	-1.53083547
1940.666667	-0.964351956
1940.75	-0.624280077
1940.833333	-0.593429403
1940.916667	-0.145585868
1941	0.309844392
1941.083333	-0.00256514855
1941.166667	-0.398928698
1941.25	-0.622802085
1941.333333	-0.913959869
1941.416667	-1.04179806
1941.5	-1.00836256
1941.583333	-0.702751111
1941.666667	-0.232885377
1941.75	-0.42541824
1941.833333	-1.04171603
1941.916667	-1.34902364
1942	-1.07674936
1942.083333	-0.680042121
1942.166667	-0.447342842
1942.25	-0.751011398
1942.333333	-1.41358297
1942.416667	-1.26819561
1942.5	-0.730661693
1942.583333	-0.803061374
1942.666667	-1.31613393
1942.75	-1.99705515
1942.833333	-2.30940028
1942.916667	-2.058032
1943	-1.37932272
1943.083333	-0.839656459
1943.166667	-0.88219609
1943.25	-1.32026914
1943.333333	-1.51442344
1943.416667	-1.55719719
1943.5	-1.82326757
1943.583333	-1.83871994
1943.666667	-1.43414395
1943.75	-0.736699381
1943.833333	0.109098563
1943.916667	0.520056524
1944	0.218144106
1944.083333	0.201497986
1944.166667	0.478586625
1944.25	0.25187036
1944.333333	-0.0478030746
1944.416667	-0.0727599
1944.5	-0.0717154903
1944.583333	-0.158101084
1944.666667	-0.26982513
1944.75	-0.131219405
1944.833333	0.0681132094
1944.916667	-0.0976694401
1945	-0.545159276
1945.083333	-1.05301709
1945.166667	-1.19266025
1945.25	-1.15586915
1945.333333	-1.14036186
1945.416667	-0.867415092
1945.5	-0.716383011
1945.583333	-0.918416316
1945.666667	-1.01552581
1945.75	-0.803017183
1945.833333	-0.611284477
1945.916667	-0.634617917
1946	-0.794178258
1946.083333	-0.659725418
1946.166667	-0.293606115
1946.25	-0.173645264
1946.333333	-0.0305860848
1946.416667	0.166501388
1946.5	0.215997843
1946.583333	0.307280523
1946.666667	0.4769992
1946.75	0.433313965
1946.833333	0.47163625
1946.916667	1.19918577
1947	1.92578667
1947.083333	2.35855704
1947.166667	2.68399551
1947.25	2.40463644
1947.333333	1.53131148
1947.416667	0.873662988
1947.5	0.8759925
1947.583333	1.07257248
1947.666667	0.981700209
1947.75	0.756687167
1947.833333	0.556812291
1947.916667	0.536569987
1948	0.662691426
1948.083333	0.75288099
1948.166667	0.688309625
1948.25	0.534959263
1948.333333	0.547150028
1948.416667	0.510606377
1948.5	0.418012001
1948.583333	0.427081314
1948.666667	0.182061011
1948.75	0.109931007
1948.833333	0.0509872068
1948.916667	-0.507892815
1949	-0.871180749
1949.083333	-0.808935055
1949.166667	-0.452830054
1949.25	-0.0729424987
1949.333333	-0.0629517597
1949.416667	-0.16897625
1949.5	-0.0997695155
1949.583333	0.0835905794
1949.666667	0.577410531
1949.75	1.17367565
1949.833333	1.63996489
1949.916667	1.97161362
1950	1.87994857
1950.083333	1.35410222
1950.166667	0.863001984
1950.25	0.549780498
1950.333333	0.419672521
1950.416667	0.62696678
1950.5	0.478287542
1950.583333	-0.25682584
1950.666667	-0.854495744
1950.75	-1.04175901
1950.833333	-0.999208205
1950.916667	-0.806150649
1951	-0.669838443
1951.083333	-0.549035473
1951.166667	-0.0817813383
1951.25	0.759374204
1951.333333	1.07167985
1951.416667	0.896167941
1951.5	0.6823791
1951.583333	0.537845028
1951.666667	0.2181714
1951.75	-0.394395745
1951.833333	-0.749774045
1951.916667	-0.507006346
1952	-0.0310189092
1952.083333	0.165525029
1952.166667	0.0319336957
1952.25	-0.18845499
1952.333333	-0.0561369887
1952.416667	0.346756862
1952.5	0.415827931
1952.583333	0.196630492
1952.666667	0.0943298598
1952.75	-0.0527660009
1952.833333	-0.388306292
1952.916667	-0.189243563
1953	0.67458486
1953.083333	1.20898891
1953.166667	1.29983092
1953.25	1.5373211
1953.333333	2.23038354
1953.416667	2.6945944
1953.5	2.0793558
1953.583333	1.49269097
1953.666667	1.13895146
1953.75	1.21177901
1953.833333	1.2831728
1953.916667	0.916960353
1954	0.957209695
1954.083333	1.26233756
1954.166667	1.30266581
1954.25	1.45554202
1954.333333	2.03584621
1954.416667	2.43609366
1954.5	1.7935776
1954.583333	0.98652098
1954.666667	0.602457277
1954.75	0.331664822
1954.833333	-0.0402775046
1954.916667	-0.624424648
1955	-1.10093867
1955.083333	-1.36209057
1955.166667	-1.55786047
1955.25	-1.60354102
1955.333333	-1.3969715
1955.416667	-1.36948138
1955.5	-1.44143798
1955.583333	-1.29771661
1955.666667	-1.23006126
1955.75	-1.30943125
1955.833333	-1.34319926
1955.916667	-1.3678311
1956	-1.37655068
1956.083333	-1.41042942
1956.166667	-1.39191863
1956.25	-0.875370935
1956.333333	0.0467927734
1956.416667	0.722441272
1956.5	1.11575768
1956.583333	0.859482126
1956.666667	0.227388983
1956.75	-0.0994230401
1956.833333	-0.257369327
1956.916667	-0.274108982
1957	-0.175548439
1957.083333	-0.121498121
1957.166667	-0.0740724513
1957.25	0.27554455
1957.333333	0.494921265
1957.416667	0.250007396
1957.5	-0.0234464185
1957.583333	-0.24855603
1957.666667	-0.584844934
1957.75	-0.621639689
1957.833333	-0.397725437
1957.916667	-0.289239644
1958	-0.195650146
1958.083333	-0.294530616
1958.166667	-0.411731251
1958.25	-0.201627679
1958.333333	-0.117599091
1958.416667	-0.319533575
1958.5	-0.12474746
1958.583333	0.3235229
1958.666667	0.490525048
1958.75	0.318033108
1958.833333	0.0246759698
1958.916667	-0.188805771
1959	-0.491342145
1959.083333	-0.857229391
1959.166667	-1.01393395
1959.25	-0.969088275
1959.333333	-0.693974738
1959.416667	0.0152404011
1959.5	0.342960016
1959.583333	0.114031147
1959.666667	0.0597021846
1959.75	0.157464601
1959.833333	0.36843152
1959.916667	0.595545161
1960	0.559314552
1960.083333	0.553780395
1960.166667	0.375265706
1960.25	-0.0474838688
1960.333333	0.0734087542
1960.416667	0.878664138
1960.5	1.38766092
1960.583333	1.33076292
1960.666667	1.18001129
1960.75	1.32063727
1960.833333	1.4582996
1960.916667	1.06636633
1961	0.462796019
1961.083333	0.612216383
1961.166667	1.45327906
1961.25	1.70139057
1961.333333	1.11050394
1961.416667	0.699586669
1961.5	0.876600802
1961.583333	0.853877496
1961.666667	0.364983217
1961.75	-0.26868504
1961.833333	-0.827996292
1961.916667	-0.917838937
1962	-0.530557221
1962.083333	-0.112602317
1962.166667	0.0176862921
1962.25	-0.148142154
1962.333333	-0.458225445
1962.416667	-0.524870416
1962.5	-0.4710544
1962.583333	-0.513609013
1962.666667	-0.310930065
1962.75	0.0851695068
1962.833333	0.0254291998
1962.916667	-0.250937905
1963	-0.0781327318
1963.083333	0.214538449
1963.166667	0.223111971
1963.25	0.323264635
1963.333333	0.569352068
1963.416667	0.438464547
1963.5	0.200318132
1963.583333	0.194627384
1963.666667	0.39127687
1963.75	0.426598695
1963.833333	0.0970629865
1963.916667	-0.38562921
1964	-0.756701269
1964.083333	-1.06733106
1964.166667	-1.24955038
1964.25	-0.948028522
1964.333333	-0.658733445
1964.416667	-0.726184445
1964.5	-0.684251655
1964.583333	-0.559978052
1964.666667	-0.566285974
1964.75	-0.505353479
1964.833333	-0.568505344
1964.916667	-0.954609154
1965	-0.893003325
1965.083333	-0.327168626
1965.166667	0.0523539303
1965.25	-0.0425678416
1965.333333	0.0545458735
1965.416667	0.472411815
1965.5	0.693214382
1965.583333	1.04078342
1965.666667	1.42327358
1965.75	1.54934603
1965.833333	1.42444715
1965.916667	0.935084128
1966	0.481438218
1966.083333	0.433216133
1966.166667	0.331380734
1966.25	-0.206641171
1966.333333	-0.796125362
1966.416667	-1.06312797
1966.5	-1.00759582
1966.583333	-0.860398072
1966.666667	-0.650797113
1966.75	-0.181742015
1966.833333	0.382033228
1966.916667	0.854698645
1967	1.25868766
1967.083333	1.57032867
1967.166667	1.67810067
1967.25	1.77595143
1967.333333	1.98814266
1967.416667	2.07301769
1967.5	2.42180433
1967.583333	2.9750257
1967.666667	2.32568824
1967.75	1.3633666
1967.833333	0.776350071
1967.916667	0.543524481
1968	0.284866162
1968.083333	0.0252877597
1968.166667	-0.0675375216
1968.25	-0.0845292604
1968.333333	-0.256398918
1968.416667	-0.961571632
1968.5	-1.86164041
1968.583333	-2.13599804
1968.666667	-1.77414864
1968.75	-1.31479505
1968.833333	-1.29074082
1968.916667	-1.16336294
1969	-0.641122425
1969.083333	-0.30999286
1969.166667	-0.394654338
1969.25	-0.501113921
1969.333333	-0.65406924
1969.416667	-0.923810294
1969.5	-0.799244941
1969.583333	-0.45820783
1969.666667	-0.301951735
1969.75	-0.577215133
1969.833333	-1.22897257
1969.916667	-1.83765211
1970	-1.63909412
1970.083333	-0.945951543
1970.166667	-0.431911159
1970.25	0.0668229031
1970.333333	0.480270528
1970.416667	0.388590222
1970.5	-0.0986182444
1970.583333	-0.583118654
1970.666667	-0.552349252
1970.75	0.094387248
1970.833333	0.501734165
1970.916667	0.46091344
1971	0.48078848
1971.083333	0.35620799
1971.166667	-0.0873998479
1971.25	-0.0326132442
1971.333333	0.55713264
1971.416667	0.780904033
1971.5	0.517232717
1971.583333	0.0244929291
1971.666667	-0.527266937
1971.75	-1.24936248
1971.833333	-1.71775614
1971.916667	-1.53642708
1972	-0.928345553
1972.083333	-0.578391188
1972.166667	-0.614249832
1972.25	-0.114027557
1972.333333	0.563249759
1972.416667	0.607916036
1972.5	0.0420842135
1972.583333	-0.39839328
1972.666667	-0.520472422
1972.75	-0.866136453
1972.833333	-1.25351098
1972.916667	-1.41601391
1973	-1.57828499
1973.083333	-1.52433153
1973.166667	-1.02386916
1973.25	-0.48761262
1973.333333	-0.0600988787
1973.416667	0.191022873
1973.5	0.258036584
1973.583333	0.318327911
1973.666667	0.50729553
1973.75	0.848373098
1973.833333	1.12333952
1973.916667	1.32460721
1974	1.72476118
1974.083333	1.8261782
1974.166667	1.22586002
1974.25	0.792401794
1974.333333	1.0855065
1974.416667	1.55969195
1974.5	1.96261872
1974.583333	2.42327827
1974.666667	2.72719795
1974.75	2.78057262
1974.833333	2.70911469
1974.916667	2.31707477
1975	1.75824824
1975.083333	1.35184435
1975.166667	1.14124092
1975.25	0.922273481
1975.333333	0.617939755
1975.416667	0.599080545
1975.5	1.21332863
1975.583333	1.64478454
1975.666667	1.35888896
1975.75	0.962136953
1975.833333	1.21556298
1975.916667	2.17111226
1976	2.92234688
1976.083333	2.80069208
1976.166667	2.24278427
1976.25	1.47916488
1976.333333	1.48583463
1976.416667	2.10976931
1976.5	2.04939761
1976.583333	1.41541872
1976.666667	1.0746492
1976.75	1.07207047
1976.833333	0.89501304
1976.916667	0.517770256
1977	-0.00541833654
1977.083333	-0.213000272
1977.166667	-0.101674501
1977.25	-0.279070985
1977.333333	-0.62858201
1977.416667	-0.690955889
1977.5	-0.530415487
1977.583333	0.168647072
1977.666667	0.968531659
1977.75	0.71052121
1977.833333	-0.427079352
1977.916667	-1.03458837
1978	-0.864940341
1978.083333	-0.520967999
1978.166667	-0.413774329
1978.25	-0.659769653
1978.333333	-0.9699306
1978.416667	-0.886263506
1978.5	-0.627899943
1978.583333	-0.564634432
1978.666667	-0.698277922
1978.75	-0.700022056
1978.833333	-0.435385905
1978.916667	-0.130037013
1979	-0.105249967
1979.083333	-0.191400506
1979.166667	-0.395251894
1979.25	-0.567774582
1979.333333	-0.209151794
1979.416667	0.616284473
1979.5	1.37179136
1979.583333	1.56164009
1979.666667	1.61169403
1979.75	1.57597335
1979.833333	1.41147201
1979.916667	1.14181398
1980	1.0537224
1980.083333	1.0583189
1980.166667	0.580814114
1980.25	-0.140322006
1980.333333	-0.641558421
1980.416667	-1.08827154
1980.5	-1.12940034
1980.583333	-0.460631626
1980.666667	0.0395154628
1980.75	-0.0116683464
1980.833333	-0.170273738
1980.916667	-0.566245086
1981	-1.27582386
1981.083333	-1.50528903
1981.166667	-1.03998677
1981.25	-0.454673592
1981.333333	-0.866709241
1981.416667	-1.80649881
1981.5	-2.28962203
1981.583333	-2.22962248
1981.666667	-2.36462656
1981.75	-2.98157798
1981.833333	-3.22992086
1981.916667	-2.78785589
1982	-2.05012851
1982.083333	-1.12573693
1982.166667	-0.711242569
1982.25	-0.929804397
1982.333333	-1.14555715
1982.416667	-1.01439886
1982.5	-0.758258552
1982.583333	-0.599213397
1982.666667	-0.549491149
1982.75	-0.627399266
1982.833333	-0.60856005
1982.916667	-0.703422838
1983	-0.752860297
1983.083333	-0.533597465
1983.166667	-0.104198159
1983.25	0.355604674
1983.333333	0.564278914
1983.416667	0.170541947
1983.5	-0.429473201
1983.583333	-0.609845913
1983.666667	-0.552767973
1983.75	-0.377907842
1983.833333	-0.337899694
1983.916667	-0.0852727374
1984	0.371502048
1984.083333	0.291173332
1984.166667	-0.148311121
1984.25	-0.178616225
1984.333333	0.433984673
1984.416667	1.21682446
1984.5	1.62939768
1984.583333	1.61839874
1984.666667	1.27334125
1984.75	0.667707306
1984.833333	0.223652507
1984.916667	-0.363611192
1985	-1.14177335
1985.083333	-1.31319972
1985.166667	-1.0782159
1985.25	-1.07445397
1985.333333	-1.3540795
1985.416667	-1.57932131
1985.5	-1.29775742
1985.583333	-0.743980118
1985.666667	-0.00703071018
1985.75	0.663250249
1985.833333	1.23293377
1985.916667	1.49731243
1986	1.42912539
1986.083333	1.0363898
1986.166667	0.70311832
1986.25	0.760208633
1986.333333	0.78629751
1986.416667	0.5938592
1986.5	0.3517008
1986.583333	0.337252937
1986.666667	0.498102832
1986.75	0.707857639
1986.833333	0.985746092
1986.916667	1.14938578
1987	0.711879595
1987.083333	-0.0992078454
1987.166667	-0.39005945
1987.25	-0.0197814765
1987.333333	0.368884231
1987.416667	0.198490684
1987.5	-0.357956133
1987.583333	-0.980366791
1987.666667	-1.22427866
1987.75	-1.28950861
1987.833333	-1.51251172
1987.916667	-1.62361049
1988	-1.49291551
1988.083333	-1.20501547
1988.166667	-0.997584854
1988.25	-0.685895058
1988.333333	-0.165142411
1988.416667	0.0106187804
1988.5	-0.265020401
1988.583333	0.043832913
1988.666667	0.970140434
1988.75	1.56911327
1988.833333	1.66917494
1988.916667	1.80537262
1989	1.81473375
1989.083333	1.60790654
1989.166667	1.44172392
1989.25	1.74903419
1989.333333	2.01831926
1989.416667	2.04628586
1989.5	2.03659461
1989.583333	1.90843592
1989.666667	1.7814208
1989.75	1.74067515
1989.833333	1.85930945
1989.916667	1.64024593
1990	0.564625002
1990.083333	-0.281780308
1990.166667	-0.45807071
1990.25	-0.501760475
1990.333333	-0.546591008
1990.416667	-0.60017259
1990.5	-0.292231199
1990.583333	0.477955992
1990.666667	0.814394872
1990.75	1.00441377
1990.833333	0.908407023
1990.916667	0.555232961
1991	0.349359973
1991.083333	0.186580123
1991.166667	0.151088681
1991.25	-0.00373219081
1991.333333	-0.355005949
1991.416667	-0.484053995
1991.5	-0.611851427
1991.583333	-0.685531942
1991.666667	-0.535697506
1991.75	-0.199580794
1991.833333	0.076336527
1991.916667	-0.236107012
1992	-0.75798515
1992.083333	-1.08728973
1992.166667	-1.29199084
1992.25	-1.42681921
1992.333333	-1.12040329
1992.416667	-0.779638705
1992.5	-0.463648104
1992.583333	0.25300014
1992.666667	0.6205146
1992.75	0.344842839
1992.833333	-0.0930782827
1992.916667	0.214690579
1993	0.756129579
1993.083333	0.508173228
1993.166667	0.110059761
1993.25	-0.075519578
1993.333333	-0.284152634
1993.416667	-0.157975651
1993.5	-0.0221060812
1993.583333	-0.340693151
1993.666667	-0.875724387
1993.75	-1.03608311
1993.833333	-0.708671753
1993.916667	-0.720766223
1994	-1.22990549
1994.083333	-1.53601927
1994.166667	-1.44390563
1994.25	-1.21673625
1994.333333	-0.908630143
1994.416667	-0.556513892
1994.5	-0.44599989
1994.583333	-0.643943229
1994.666667	-0.821419491
1994.75	-0.876171491
1994.833333	-0.780177364
1994.916667	-0.806491553
1995	-0.94430954
1995.083333	-0.775126598
1995.166667	-0.868823539
1995.25	-1.47221167
1995.333333	-2.0545409
1995.416667	-1.93425028
1995.5	-1.14623063
1995.583333	-0.756256824
1995.666667	-0.59553343
1995.75	0.00922159629
1995.833333	0.486527442
1995.916667	0.294327665
1996	-0.137065011
1996.083333	-0.552992253
1996.166667	-0.96128771
1996.25	-1.13573133
1996.333333	-1.03423862
1996.416667	-0.685864024
1996.5	0.266628189
1996.583333	1.12425239
1996.666667	1.14010959
1996.75	0.742240301
1996.833333	0.40046429
1996.916667	0.393025008
1997	0.506269873
1997.083333	0.483919778
1997.166667	0.496972609
1997.25	0.671870516
1997.333333	0.842703965
1997.416667	1.01150823
1997.5	1.0784369
1997.583333	0.887735722
1997.666667	0.725403297
1997.75	0.695395963
1997.833333	0.811532838
1997.916667	1.20123841
1998	1.4974886
1998.083333	1.17688404
1998.166667	0.86094241
1998.25	0.949920476
1998.333333	0.850183076
1998.416667	0.364103146
1998.5	-0.172798852
1998.583333	-0.412031909
1998.666667	-0.17909146
1998.75	-0.211105219
1998.833333	-0.641059599
1998.916667	-1.01763374
1999	-1.5018528
1999.083333	-1.91347975
1999.166667	-1.90726501
1999.25	-1.48607327
1999.333333	-1.1834021
1999.416667	-1.23799494
1999.5	-1.17957731
1999.583333	-1.01608894
1999.666667	-0.623474734
1999.75	-0.166989562
1999.833333	-0.288465402
1999.916667	-0.682465159
2000	-0.575539009
2000.083333	-0.226263195
2000.166667	-0.0062656741
2000.25	0.152710496
2000.333333	0.180056097
2000.416667	0.0550437963
2000.5	-0.131785922
2000.583333	-0.419368906
2000.666667	-0.615405657
2000.75	-0.597256221
2000.833333	-0.459746006
2000.916667	-0.0192177189
2001	0.646461024
2001.083333	0.938483845
2001.166667	0.648410982
2001.25	0.414128293
2001.333333	0.431233124
2001.416667	0.452833025
2001.5	0.466122749
2001.583333	0.357620123
2001.666667	0.163921393
2001.75	0.195516278
2001.833333	0.218762206
2001.916667	0.168568599
2002	0.251912668
2002.083333	-0.044391535
2002.166667	-0.92228362
2002.25	-1.39917477
2002.333333	-1.21255527
2002.416667	-1.46270968
2002.5	-2.13462465
2002.583333	-1.85839047
2002.666667	-1.03131587
2002.75	-0.50046983
2002.833333	-0.174610625
2002.916667	0.184796409
2003	0.409483887
2003.083333	0.0690823832
2003.166667	-0.437965888
2003.25	-0.536560778
2003.333333	-0.397931535
2003.416667	0.0542762059
2003.5	0.249449603
2003.583333	-0.0281417292
2003.666667	-0.347311348
2003.75	-0.760274685
2003.833333	-1.26735005
2003.916667	-1.4845118
2004	-1.26880664
2004.083333	-1.11935365
2004.166667	-1.24920242
2004.25	-1.50366925
2004.333333	-1.45300935
2004.416667	-1.13846859
2004.5	-0.866312203
2004.583333	-0.565102763
2004.666667	-0.379416382
2004.75	-0.728026154
2004.833333	-1.2181122
2004.916667	-1.36332552
2005	-1.34080925
2005.083333	-1.54606568
2005.166667	-1.92955135
2005.25	-1.79827409
2005.333333	-0.990685149
2005.416667	-0.369841372
2005.5	-0.52922719
2005.583333	-0.819448253
2005.666667	-1.09306327
2005.75	-1.50980757
2005.833333	-1.49051332
2005.916667	-1.06751435
2006	-0.722213053
2006.083333	-0.0621170056
2006.166667	0.202747188
2006.25	-0.75298453
2006.333333	-1.7096222
2006.416667	-1.64942789
2006.5	-1.26247727
2006.583333	-1.00207687
2006.666667	-0.490326059
2006.75	0.336659532
2006.833333	0.837535112
2006.916667	0.705298022
2007	0.209301286
2007.083333	-0.427888862
2007.166667	-0.580290634
2007.25	-0.177988205
2007.333333	-0.20897517
2007.416667	-0.287140654
2007.5	0.510246141
2007.583333	0.831405044
2007.666667	0.18434754
2007.75	-0.340766252
2007.833333	-0.773988205
2007.916667	-0.994828858
2008	-0.660210646
2008.083333	-0.462522371
2008.166667	-0.562353507
2008.25	-0.301238899
2008.333333	-0.269138106
2008.416667	-0.858552829
2008.5	-1.04911729
2008.583333	-0.783876605
2008.666667	-0.86237584
2008.75	-1.52225063
2008.833333	-1.89356553
2008.916667	-1.59924883
2009	-1.35750065
2009.083333	-0.958313923
2009.166667	-0.444119921
2009.25	-0.353139857
2009.333333	-0.663114875
2009.416667	-0.812428329
2009.5	-0.669823473
2009.583333	-0.49503448
2009.666667	-0.399666156
2009.75	-0.464307626
2009.833333	-0.547602785
2009.916667	-0.6685328
2010	-0.693340151
2010.083333	-0.416322954
2010.166667	-0.635400237
2010.25	-1.6766635
2010.333333	-2.39929374
2010.416667	-2.3434455
2010.5	-1.73705276
2010.583333	-1.22117964
2010.666667	-1.17417341
2010.75	-1.24457719
2010.833333	-1.33474716
2010.916667	-1.54557547
2011	-1.63924965
2011.083333	-1.73022872
2011.166667	-2.03158867
2011.25	-2.58100066
2011.333333	-3.00244192
2011.416667	-3.18958394
2011.5	-3.64810276
2011.583333	-3.90395831
2011.666667	-3.61775081
2011.75	-3.3178818
2011.833333	-2.99617957
2011.916667	-2.49620665
2012	-2.35260605
2012.083333	-2.22553374
2012.166667	-2.08855412
2012.25	-2.36826047
2012.333333	-2.33152842
2012.416667	-2.28860129
2012.5	-2.50490101
2012.583333	-2.46601048
2012.666667	-2.4696738
2012.75	-2.60427506
2012.833333	-2.54491143
2012.916667	-2.31581615
2013	-1.677084
2013.083333	-1.45386971
2013.166667	-1.83892322
2013.25	-1.98889781
2013.333333	-1.80652386
2013.416667	-1.77492007
2013.5	-1.9106168
2013.583333	-2.21629552
2013.666667	-2.58341143
2013.75	-2.50199611
2013.833333	-1.95111519
2013.916667	-1.382739
2014	-1.21883241
2014.083333	-1.47210604
2014.166667	-1.78328798
2014.25	-1.84356358
2014.333333	-1.66427203
2014.416667	-1.35255286
2014.5	-1.06946965
2014.583333	-0.819212396
2014.666667	-0.332776903
2014.75	0.217485568
2014.833333	0.342541906
2014.916667	0.0850708969
2015	0.0132977988
2015.083333	0.16536082
2015.166667	0.290604565
2015.25	0.28804674
2015.333333	0.411066249
2015.416667	0.789314215
2015.5	0.973739021
2015.583333	0.680637482
2015.666667	0.231665954
2015.75	0.239997418
2015.833333	0.538687553
2015.916667	0.394976841
2016	0.10031715
2016.083333	0.211121543
2016.166667	0.905511709
2016.25	1.42209578
2016.333333	1.51591284
2016.416667	1.33979023
2016.5	0.799178948
2016.583333	0.26893151
2016.666667	0.106871131
2016.75	0.298532039
2016.833333	0.619611047
2016.916667	0.712348747
2017	0.659766377
2017.083333	0.120602801
2017.166667	-0.301678107
2017.25	-0.00328083439
2017.333333	0.359332998
2017.416667	0.641544635
2017.5	1.13751304
2017.583333	1.40963005
2017.666667	1.3991916
2017.75	1.25951347
2017.833333	1.05693221
2017.916667	0.821279098
2018	0.0612346663
2018.083333	-0.750126745
2018.166667	-0.525750315
2018.25	0.111605068
2018.333333	0.554180224
2018.416667	0.980388864
2018.5	1.39140491
2018.583333	1.7402474
2018.666667	1.64653604
2018.75	1.40253849
2018.833333	1.63704012
2018.916667	1.64610046
2019	1.01147694
2019.083333	0.462541296
2019.166667	0.617671798
2019.25	0.907178932
2019.333333	0.844021421
2019.416667	0.47131878
2019.5	-0.332009481
2019.583333	-0.76834347
2019.666667	-0.297682591
2019.75	0.0241040172
2019.833333	-0.315479288
2019.916667	-0.808616457
2020	-0.753048278
2020.083333	-0.895672484
2020.166667	-1.46264343
2020.25	-1.61334234
2020.333333	-1.14086486
2020.416667	-0.78015229
2020.5	-0.598701626
2020.583333	-0.163569343
2020.666667	0.252835309
2020.75	0.0836065366
2020.833333	-0.247596719
2020.916667	-0.279880494
2021	-0.159352453
2021.083333	0.382619771
2021.166667	0.909772789
2021.25	0.363835625
2021.333333	-0.193548407
2021.416667	0.319755744
2021.5	1.03922401
2021.583333	1.20537631
2021.666667	1.12859546
2021.75	1.04551259
2021.833333	0.823449329
2021.916667	0.325515819
2022	0.161953199
2022.083333	0.407235736
