1856.000000	0.056292
1856.083333	0.122405
1856.166667	0.125394
1856.250000	0.166684
1856.333333	-0.002978
1856.416667	0.031785
1856.500000	0.130798
1856.583333	-0.015510
1856.666667	-0.057480
1856.750000	-0.167341
1856.833333	-0.067309
1856.916667	-0.236204
1857.000000	-0.112461
1857.083333	-0.089618
1857.166667	-0.141539
1857.250000	-0.091739
1857.333333	0.011351
1857.416667	-0.136663
1857.500000	-0.118254
1857.583333	0.124404
1857.666667	0.030835
1857.750000	-0.032337
1857.833333	0.010625
1857.916667	0.066587
1858.000000	-0.003690
1858.083333	-0.033813
1858.166667	0.076486
1858.250000	-0.039779
1858.333333	0.015804
1858.416667	0.262104
1858.500000	0.216553
1858.583333	0.135625
1858.666667	-0.172651
1858.750000	-0.124995
1858.833333	-0.381042
1858.916667	-0.180203
1859.000000	-0.083039
1859.083333	0.216875
1859.166667	0.145025
1859.250000	-0.119644
1859.333333	-0.256682
1859.416667	-0.308160
1859.500000	-0.077031
1859.583333	-0.074096
1859.666667	-0.036999
1859.750000	-0.018150
1859.833333	0.174181
1859.916667	0.067421
1860.000000	0.032969
1860.083333	0.046659
1860.166667	0.135903
1860.250000	-0.098282
1860.333333	-0.206007
1860.416667	-0.295762
1860.500000	-0.444826
1860.583333	-0.421744
1860.666667	-0.253100
1860.750000	-0.192181
1860.833333	-0.153182
1860.916667	-0.136529
1861.000000	0.026091
1861.083333	0.260934
1861.166667	0.319864
1861.250000	0.510880
1861.333333	0.459672
1861.416667	0.739931
1861.500000	0.658519
1861.583333	0.381687
1861.666667	0.093030
1861.750000	0.113461
1861.833333	-0.142356
1861.916667	-0.357466
1862.000000	-0.257218
1862.083333	-0.328432
1862.166667	-0.268479
1862.250000	-0.222528
1862.333333	-0.063212
1862.416667	-0.352876
1862.500000	-0.279829
1862.583333	-0.161196
1862.666667	-0.103183
1862.750000	-0.016053
1862.833333	0.219848
1862.916667	0.529559
1863.000000	0.628502
1863.083333	0.516083
1863.166667	0.517971
1863.250000	0.652647
1863.333333	0.584392
1863.416667	0.752957
1863.500000	0.507607
1863.583333	-0.047878
1863.666667	-0.190205
1863.750000	-0.019022
1863.833333	0.208845
1863.916667	0.201395
1864.000000	0.425041
1864.083333	0.461963
1864.166667	0.422855
1864.250000	0.201936
1864.333333	0.105267
1864.416667	0.383296
1864.500000	0.373085
1864.583333	0.487378
1864.666667	0.505320
1864.750000	0.294817
1864.833333	0.033965
1864.916667	0.073230
1865.000000	0.228129
1865.083333	0.189460
1865.166667	0.369256
1865.250000	0.504788
1865.333333	0.578262
1865.416667	0.495744
1865.500000	0.430551
1865.583333	0.287074
1865.666667	0.155220
1865.750000	0.195681
1865.833333	-0.127536
1865.916667	0.033722
1866.000000	0.197678
1866.083333	0.488437
1866.166667	0.540801
1866.250000	0.392831
1866.333333	0.191434
1866.416667	0.119081
1866.500000	0.225344
1866.583333	0.176132
1866.666667	-0.129474
1866.750000	-0.178337
1866.833333	-0.238269
1866.916667	0.004001
1867.000000	-0.077424
1867.083333	-0.222971
1867.166667	-0.342511
1867.250000	-0.207166
1867.333333	-0.142858
1867.416667	-0.189040
1867.500000	-0.111801
1867.583333	-0.107745
1867.666667	-0.156164
1867.750000	-0.052500
1867.833333	0.058107
1867.916667	0.101299
1868.000000	-0.193555
1868.083333	-0.194325
1868.166667	-0.180010
1868.250000	0.092222
1868.333333	0.148160
1868.416667	0.028446
1868.500000	0.050180
1868.583333	0.192860
1868.666667	0.042237
1868.750000	-0.014205
1868.833333	-0.158454
1868.916667	0.092466
1869.000000	0.292600
1869.083333	0.431635
1869.166667	0.421910
1869.250000	0.052144
1869.333333	0.021445
1869.416667	-0.175931
1869.500000	-0.069558
1869.583333	-0.031287
1869.666667	-0.272421
1869.750000	-0.181221
1869.833333	-0.177568
1869.916667	0.008103
1870.000000	-0.016939
1870.083333	-0.184303
1870.166667	-0.266737
1870.250000	-0.234646
1870.333333	0.005584
1870.416667	0.070414
1870.500000	-0.184418
1870.583333	-0.006087
1870.666667	-0.201848
1870.750000	-0.305022
1870.833333	-0.146900
1870.916667	-0.127761
1871.000000	0.115305
1871.083333	0.277310
1871.166667	0.257034
1871.250000	0.176742
1871.333333	0.168731
1871.416667	0.349690
1871.500000	0.190768
1871.583333	0.065064
1871.666667	0.018203
1871.750000	-0.156572
1871.833333	-0.058781
1871.916667	0.045775
1872.000000	0.030103
1872.083333	-0.092337
1872.166667	0.136676
1872.250000	0.441989
1872.333333	0.465325
1872.416667	0.373125
1872.500000	0.153322
1872.583333	-0.290337
1872.666667	-0.282352
1872.750000	-0.372772
1872.833333	-0.290370
1872.916667	0.331694
1873.000000	0.429640
1873.083333	0.444704
1873.166667	0.298824
1873.250000	0.199231
1873.333333	0.303322
1873.416667	0.312261
1873.500000	0.274665
1873.583333	-0.022950
1873.666667	-0.189507
1873.750000	-0.144512
1873.833333	-0.252956
1873.916667	-0.158923
1874.000000	0.203275
1874.083333	0.248715
1874.166667	0.326262
1874.250000	0.269792
1874.333333	0.511304
1874.416667	0.269668
1874.500000	0.059518
1874.583333	-0.024950
1874.666667	0.060657
1874.750000	-0.132841
1874.833333	-0.224082
1874.916667	-0.297336
1875.000000	-0.109125
1875.083333	-0.124475
1875.166667	0.006790
1875.250000	0.191194
1875.333333	0.079649
1875.416667	0.169156
1875.500000	0.011134
1875.583333	-0.274205
1875.666667	-0.245557
1875.750000	-0.408345
1875.833333	-0.308790
1875.916667	-0.290839
1876.000000	-0.127841
1876.083333	-0.129842
1876.166667	-0.313753
1876.250000	-0.262008
1876.333333	-0.037732
1876.416667	0.117286
1876.500000	0.234010
1876.583333	0.391953
1876.666667	0.325327
1876.750000	0.187988
1876.833333	0.131194
1876.916667	0.157514
1877.000000	0.203132
1877.083333	0.094922
1877.166667	-0.068887
1877.250000	-0.441203
1877.333333	-0.544926
1877.416667	-0.311408
1877.500000	0.178139
1877.583333	-0.077242
1877.666667	-0.089635
1877.750000	-0.041645
1877.833333	0.171649
1877.916667	0.068355
1878.000000	-0.211699
1878.083333	-0.358028
1878.166667	-0.544302
1878.250000	-0.682633
1878.333333	-0.571881
1878.416667	-0.628674
1878.500000	-0.291996
1878.583333	-0.462086
1878.666667	-0.462190
1878.750000	-0.239855
1878.833333	-0.423294
1878.916667	-0.521392
1879.000000	-0.209437
1879.083333	-0.119430
1879.166667	0.048123
1879.250000	0.123966
1879.333333	0.146988
1879.416667	0.004031
1879.500000	-0.127190
1879.583333	0.057248
1879.666667	0.228482
1879.750000	0.307757
1879.833333	0.202045
1879.916667	0.221526
1880.000000	0.526219
1880.083333	0.759137
1880.166667	0.846887
1880.250000	0.570625
1880.333333	0.420763
1880.416667	0.539407
1880.500000	0.490618
1880.583333	0.631701
1880.666667	0.372360
1880.750000	0.436822
1880.833333	0.425475
1880.916667	0.162352
1881.000000	-0.031343
1881.083333	-0.054849
1881.166667	-0.153426
1881.250000	-0.295504
1881.333333	0.031272
1881.416667	-0.001283
1881.500000	0.115870
1881.583333	0.031226
1881.666667	-0.382209
1881.750000	-0.318935
1881.833333	-0.401514
1881.916667	-0.116485
1882.000000	0.013877
1882.083333	0.182040
1882.166667	0.360045
1882.250000	0.065567
1882.333333	-0.334604
1882.416667	-0.164143
1882.500000	0.178892
1882.583333	0.208987
1882.666667	-0.099397
1882.750000	0.038914
1882.833333	-0.161736
1882.916667	-0.371223
1883.000000	-0.174592
1883.083333	0.027518
1883.166667	0.056957
1883.250000	0.128141
1883.333333	-0.244575
1883.416667	-0.343652
1883.500000	-0.422907
1883.583333	-0.181184
1883.666667	0.000942
1883.750000	0.244428
1883.833333	0.694018
1883.916667	0.497380
1884.000000	0.269048
1884.083333	0.504257
1884.166667	0.767536
1884.250000	0.873942
1884.333333	0.697114
1884.416667	0.517170
1884.500000	-0.025717
1884.583333	-0.117769
1884.666667	-0.234002
1884.750000	0.130634
1884.833333	0.059167
1884.916667	0.660354
1885.000000	0.597708
1885.083333	0.404172
1885.166667	0.467705
1885.250000	0.138575
1885.333333	-0.387818
1885.416667	-0.392189
1885.500000	-0.279416
1885.583333	-0.207402
1885.666667	-0.528845
1885.750000	-0.632549
1885.833333	-0.377525
1885.916667	-0.189268
1886.000000	-0.559926
1886.083333	0.065555
1886.166667	0.172358
1886.250000	-0.098534
1886.333333	-0.323422
1886.416667	-0.406964
1886.500000	-0.251656
1886.583333	-0.589789
1886.666667	-0.340874
1886.750000	-0.308074
1886.833333	-0.019856
1886.916667	-0.432755
1887.000000	-0.010261
1887.083333	0.090368
1887.166667	-0.361709
1887.250000	-0.381552
1887.333333	-0.106766
1887.416667	0.404163
1887.500000	0.492895
1887.583333	0.085012
1887.666667	-0.243293
1887.750000	-0.325758
1887.833333	-0.596274
1887.916667	-0.284733
1888.000000	0.170262
1888.083333	0.333929
1888.166667	-0.326012
1888.250000	-0.191562
1888.333333	-0.183995
1888.416667	0.002733
1888.500000	-0.007643
1888.583333	0.233435
1888.666667	0.055207
1888.750000	-0.046778
1888.833333	-0.306058
1888.916667	-1.094716
1889.000000	-0.764597
1889.083333	-0.455751
1889.166667	-0.663487
1889.250000	-0.697788
1889.333333	-0.415249
1889.416667	-0.184957
1889.500000	0.134946
1889.583333	0.006690
1889.666667	-0.203409
1889.750000	-0.261368
1889.833333	-0.073879
1889.916667	0.555384
1890.000000	0.778287
1890.083333	0.884632
1890.166667	0.527594
1890.250000	0.484463
1890.333333	0.367149
1890.416667	0.048859
1890.500000	0.115090
1890.583333	-0.095248
1890.666667	-0.157803
1890.750000	-0.101619
1890.833333	-0.311312
1890.916667	-0.350148
1891.000000	-0.140739
1891.083333	0.178002
1891.166667	-0.048102
1891.250000	-0.382158
1891.333333	-0.247038
1891.416667	-0.319916
1891.500000	-0.480613
1891.583333	-0.570901
1891.666667	-0.544480
1891.750000	-0.441122
1891.833333	-0.427263
1891.916667	0.019445
1892.000000	0.116913
1892.083333	0.037621
1892.166667	-0.393849
1892.250000	-0.390384
1892.333333	-0.041139
1892.416667	-0.030903
1892.500000	-0.197817
1892.583333	-0.239214
1892.666667	-0.367806
1892.750000	-0.572681
1892.833333	-0.609534
1892.916667	-0.878613
1893.000000	-0.886736
1893.083333	-0.095276
1893.166667	0.020819
1893.250000	0.152993
1893.333333	-0.346714
1893.416667	0.163317
1893.500000	0.104445
1893.583333	0.092516
1893.666667	-0.032430
1893.750000	-0.119300
1893.833333	-0.077806
1893.916667	0.162774
1894.000000	0.248182
1894.083333	0.508722
1894.166667	-0.065010
1894.250000	-0.067544
1894.333333	-0.423313
1894.416667	-0.159617
1894.500000	-0.127517
1894.583333	-0.151530
1894.666667	-0.097193
1894.750000	-0.457280
1894.833333	-0.509894
1894.916667	-0.397175
1895.000000	-0.271443
1895.083333	-0.100037
1895.166667	-0.313466
1895.250000	-0.222534
1895.333333	-0.010571
1895.416667	0.213991
1895.500000	0.108518
1895.583333	0.178375
1895.666667	0.054780
1895.750000	-0.284606
1895.833333	-0.222775
1895.916667	-0.204339
1896.000000	-0.315157
1896.083333	-0.359121
1896.166667	-0.010397
1896.250000	0.433516
1896.333333	0.689906
1896.416667	-0.003131
1896.500000	-0.271179
1896.583333	0.034796
1896.666667	0.157460
1896.750000	-0.207976
1896.833333	0.172178
1896.916667	0.377923
1897.000000	0.182940
1897.083333	-0.256075
1897.166667	0.412005
1897.250000	-0.007540
1897.333333	-0.239756
1897.416667	-0.237117
1897.500000	-0.091978
1897.583333	-0.150427
1897.666667	-0.174054
1897.750000	-0.208025
1897.833333	0.135922
1897.916667	0.300906
1898.000000	0.347231
1898.083333	-0.011565
1898.166667	0.205738
1898.250000	-0.031802
1898.333333	-0.100254
1898.416667	-0.156523
1898.500000	-0.127671
1898.583333	-0.392755
1898.666667	-0.356302
1898.750000	-0.202096
1898.833333	-0.404933
1898.916667	-0.271392
1899.000000	0.218259
1899.083333	0.375863
1899.166667	0.203872
1899.250000	-0.064237
1899.333333	-0.102773
1899.416667	-0.177055
1899.500000	-0.419197
1899.583333	-0.280853
1899.666667	-0.621683
1899.750000	-0.547593
1899.833333	-0.382977
1899.916667	-0.523746
1900.000000	-0.433541
1900.083333	-0.104389
1900.166667	-0.184513
1900.250000	0.085725
1900.333333	0.221761
1900.416667	0.303369
1900.500000	-0.118048
1900.583333	-0.147071
1900.666667	-0.108082
1900.750000	0.014554
1900.833333	0.062846
1900.916667	0.144319
1901.000000	-0.133829
1901.083333	-0.176560
1901.166667	-0.421377
1901.250000	-0.570443
1901.333333	-0.324617
1901.416667	-0.360025
1901.500000	-0.213268
1901.583333	-0.062247
1901.666667	-0.057575
1901.750000	-0.378659
1901.833333	-0.510801
1901.916667	-0.516411
1902.000000	-0.347229
1902.083333	-0.295581
1902.166667	-0.094824
1902.250000	0.177779
1902.333333	0.042412
1902.416667	-0.274529
1902.500000	-0.178748
1902.583333	0.029507
1902.666667	-0.269488
1902.750000	-0.171496
1902.833333	-0.536932
1902.916667	-0.725080
1903.000000	-0.445967
1903.083333	-0.139201
1903.166667	0.187243
1903.250000	-0.009540
1903.333333	-0.281118
1903.416667	-0.159960
1903.500000	-0.137721
1903.583333	-0.295852
1903.666667	-0.381258
1903.750000	-0.474777
1903.833333	-0.277591
1903.916667	-0.400911
1904.000000	0.125989
1904.083333	-0.012054
1904.166667	0.413568
1904.250000	0.327300
1904.333333	0.002468
1904.416667	-0.299992
1904.500000	-0.231331
1904.583333	-0.404841
1904.666667	-0.461259
1904.750000	-0.112173
1904.833333	-0.559485
1904.916667	-0.224010
1905.000000	-0.456109
1905.083333	-0.412622
1905.166667	-0.146591
1905.250000	-0.178216
1905.333333	0.435901
1905.416667	0.091396
1905.500000	-0.093639
1905.583333	-0.243138
1905.666667	-0.215972
1905.750000	-0.023494
1905.833333	0.175468
1905.916667	-0.346673
1906.000000	-0.436404
1906.083333	-0.512237
1906.166667	-1.071239
1906.250000	-0.629389
1906.333333	-0.554874
1906.416667	-0.382708
1906.500000	0.020835
1906.583333	-0.139480
1906.666667	-0.031447
1906.750000	-0.074176
1906.833333	0.035528
1906.916667	0.182911
1907.000000	0.464638
1907.083333	0.393079
1907.166667	0.727118
1907.250000	0.376475
1907.333333	0.259903
1907.416667	0.109725
1907.500000	-0.174919
1907.583333	-0.374912
1907.666667	-0.389749
1907.750000	-0.347571
1907.833333	0.042297
1907.916667	0.090551
1908.000000	-0.227618
1908.083333	0.069045
1908.166667	0.720917
1908.250000	0.911881
1908.333333	0.395144
1908.416667	0.092299
1908.500000	-0.082902
1908.583333	-0.112948
1908.666667	-0.160234
1908.750000	-0.570678
1908.833333	-0.741797
1908.916667	0.152355
1909.000000	0.425728
1909.083333	0.273594
1909.166667	0.105678
1909.250000	-0.067471
1909.333333	-0.015041
1909.416667	0.230753
1909.500000	-0.039801
1909.583333	-0.354497
1909.666667	-0.797360
1909.750000	-0.625890
1909.833333	-0.365692
1909.916667	-0.248705
1910.000000	-0.465831
1910.083333	-0.608380
1910.166667	-0.609170
1910.250000	-0.439925
1910.333333	-0.805378
1910.416667	-0.719224
1910.500000	-0.855318
1910.583333	-0.337889
1910.666667	-0.490134
1910.750000	-0.322115
1910.833333	-0.849174
1910.916667	-0.945625
1911.000000	-0.337494
1911.083333	0.349991
1911.166667	0.549166
1911.250000	0.588178
1911.333333	-0.101024
1911.416667	0.000984
1911.500000	-0.230467
1911.583333	-0.069807
1911.666667	0.020346
1911.750000	0.515288
1911.833333	0.119062
1911.916667	-0.330146
1912.000000	-0.490193
1912.083333	-1.112275
1912.166667	-0.462777
1912.250000	0.201434
1912.333333	0.361234
1912.416667	-0.136138
1912.500000	-0.377299
1912.583333	-0.184539
1912.666667	-0.114432
1912.750000	0.113408
1912.833333	-0.523701
1912.916667	-0.159870
1913.000000	0.268735
1913.083333	0.656293
1913.166667	0.049690
1913.250000	-0.463778
1913.333333	-0.833706
1913.416667	-0.997583
1913.500000	-0.802155
1913.583333	-0.656443
1913.666667	-0.699275
1913.750000	-0.613763
1913.833333	-0.810311
1913.916667	-0.565930
1914.000000	-0.599176
1914.083333	-0.094416
1914.166667	-0.997069
1914.250000	-0.363597
1914.333333	-0.204726
1914.416667	-0.167940
1914.500000	-0.086885
1914.583333	0.037972
1914.666667	-0.067589
1914.750000	0.087673
1914.833333	-0.086469
1914.916667	0.019439
1915.000000	-0.062520
1915.083333	-0.396930
1915.166667	-1.065806
1915.250000	-0.508462
1915.333333	0.222502
1915.416667	0.201654
1915.500000	0.094954
1915.583333	0.048155
1915.666667	-0.073048
1915.750000	-0.260502
1915.833333	-0.283824
1915.916667	-0.082270
1916.000000	0.453883
1916.083333	0.202539
1916.166667	0.163159
1916.250000	-0.492389
1916.333333	-0.336066
1916.416667	-0.329110
1916.500000	-0.324611
1916.583333	-0.366399
1916.666667	-0.499821
1916.750000	-0.381434
1916.833333	-0.374934
1916.916667	-0.057660
1917.000000	0.380211
1917.083333	0.201623
1917.166667	0.009325
1917.250000	-0.318472
1917.333333	-0.464279
1917.416667	-0.288798
1917.500000	-0.422705
1917.583333	-0.574830
1917.666667	-0.807657
1917.750000	-0.836939
1917.833333	-0.866754
1917.916667	-1.001411
1918.000000	-0.773456
1918.083333	0.165212
1918.166667	0.510522
1918.250000	0.129825
1918.333333	0.018282
1918.416667	-0.221466
1918.500000	-0.397332
1918.583333	-0.418422
1918.666667	-0.714146
1918.750000	-0.346537
1918.833333	-0.409946
1918.916667	-0.484596
1919.000000	-0.750713
1919.083333	-0.697232
1919.166667	-0.527115
1919.250000	-0.197413
1919.333333	-0.267619
1919.416667	-0.283757
1919.500000	-0.184628
1919.583333	0.144746
1919.666667	-0.028423
1919.750000	0.147335
1919.833333	0.242766
1919.916667	0.056224
1920.000000	0.208241
1920.083333	-0.011570
1920.166667	-0.647405
1920.250000	0.026950
1920.333333	-0.045603
1920.416667	-0.333457
1920.500000	-0.587005
1920.583333	-0.486017
1920.666667	-0.151869
1920.750000	-0.557187
1920.833333	-0.724425
1920.916667	-0.725799
1921.000000	-0.384456
1921.083333	-0.302531
1921.166667	0.376782
1921.250000	-0.229692
1921.333333	-0.702251
1921.416667	-0.320578
1921.500000	-0.150739
1921.583333	-0.486012
1921.666667	-0.215868
1921.750000	0.035816
1921.833333	0.349751
1921.916667	0.625678
1922.000000	0.487681
1922.083333	0.843370
1922.166667	0.199298
1922.250000	0.386616
1922.333333	0.264132
1922.416667	-0.302267
1922.500000	-0.723190
1922.583333	-0.336162
1922.666667	-0.072990
1922.750000	-0.019422
1922.833333	0.357789
1922.916667	0.508418
1923.000000	0.511240
1923.083333	0.372069
1923.166667	0.203986
1923.250000	0.283881
1923.333333	0.120263
1923.416667	-0.287910
1923.500000	-0.650294
1923.583333	-0.511061
1923.666667	-0.263472
1923.750000	-0.507332
1923.833333	-1.021997
1923.916667	-0.342107
1924.000000	-0.497919
1924.083333	-0.835423
1924.166667	-1.215505
1924.250000	-0.582846
1924.333333	-0.308088
1924.416667	0.073533
1924.500000	0.011444
1924.583333	-0.017547
1924.666667	-0.355648
1924.750000	-0.467421
1924.833333	-0.379516
1924.916667	-0.106614
1925.000000	0.287309
1925.083333	0.010717
1925.166667	0.435220
1925.250000	0.440326
1925.333333	-0.064165
1925.416667	-0.285099
1925.500000	-0.053511
1925.583333	0.124118
1925.666667	0.248703
1925.750000	0.612151
1925.833333	-0.081576
1925.916667	-0.552551
1926.000000	-0.775763
1926.083333	-0.752037
1926.166667	-0.510759
1926.250000	-0.225139
1926.333333	-0.443668
1926.416667	-0.193863
1926.500000	-0.301375
1926.583333	-0.044546
1926.666667	-0.003431
1926.750000	0.249580
1926.833333	-0.179661
1926.916667	0.248365
1927.000000	-0.148383
1927.083333	0.509903
1927.166667	0.088305
1927.250000	0.474813
1927.333333	0.266001
1927.416667	0.059480
1927.500000	-0.116919
1927.583333	0.015313
1927.666667	-0.048330
1927.750000	0.030525
1927.833333	-0.078359
1927.916667	-0.407106
1928.000000	-0.445046
1928.083333	0.095267
1928.166667	-0.002865
1928.250000	-0.236898
1928.333333	-0.633573
1928.416667	-0.362066
1928.500000	-0.493218
1928.583333	-0.376192
1928.666667	-0.198532
1928.750000	0.065382
1928.833333	-0.199134
1928.916667	-0.510304
1929.000000	-0.270310
1929.083333	0.177610
1929.166667	0.346497
1929.250000	0.642657
1929.333333	0.291599
1929.416667	-0.216831
1929.500000	-0.630206
1929.583333	-0.524746
1929.666667	-0.423154
1929.750000	-0.404925
1929.833333	-0.228987
1929.916667	-0.485487
1930.000000	-0.231039
1930.083333	-0.264124
1930.166667	-0.634434
1930.250000	-0.508677
1930.333333	-0.022187
1930.416667	-0.473747
1930.500000	-0.228807
1930.583333	-0.379589
1930.666667	-0.351031
1930.750000	-0.413074
1930.833333	-0.718583
1930.916667	-0.810628
1931.000000	-0.879866
1931.083333	-0.525984
1931.166667	-1.426799
1931.250000	-1.522867
1931.333333	-1.104547
1931.416667	-0.776150
1931.500000	-0.515710
1931.583333	-0.434151
1931.666667	-0.163187
1931.750000	-0.000474
1931.833333	0.261928
1931.916667	0.859835
1932.000000	0.829408
1932.083333	1.144981
1932.166667	0.158650
1932.250000	-0.266395
1932.333333	-0.523920
1932.416667	-0.044955
1932.500000	-0.136456
1932.583333	-0.172118
1932.666667	-0.168710
1932.750000	-0.147515
1932.833333	-0.346385
1932.916667	-0.242302
1933.000000	0.445594
1933.083333	0.332074
1933.166667	0.192742
1933.250000	0.166966
1933.333333	0.342778
1933.416667	-0.081307
1933.500000	-0.289510
1933.583333	-0.530004
1933.666667	-0.294137
1933.750000	-0.040681
1933.833333	-0.293660
1933.916667	0.290387
1934.000000	0.294285
1934.083333	0.132272
1934.166667	0.024679
1934.250000	0.219221
1934.333333	-0.198931
1934.416667	-0.346249
1934.500000	-0.464380
1934.583333	-0.270164
1934.666667	-0.137063
1934.750000	0.314202
1934.833333	-0.027284
1934.916667	-0.164096
1935.000000	0.370411
1935.083333	0.067671
1935.166667	0.017148
1935.250000	0.300423
1935.333333	-0.004553
1935.416667	-0.078146
1935.500000	-0.377219
1935.583333	-0.238175
1935.666667	-0.014269
1935.750000	-0.280466
1935.833333	-0.022429
1935.916667	-0.157013
1936.000000	0.179761
1936.083333	0.311823
1936.166667	-0.177828
1936.250000	-0.285759
1936.333333	-0.378755
1936.416667	-0.435891
1936.500000	-0.487658
1936.583333	-0.315669
1936.666667	0.066942
1936.750000	0.349941
1936.833333	0.071422
1936.916667	0.001643
1937.000000	0.704644
1937.083333	0.592259
1937.166667	0.130439
1937.250000	-0.157173
1937.333333	-0.207827
1937.416667	-0.267469
1937.500000	-0.341118
1937.583333	0.057759
1937.666667	0.209642
1937.750000	-0.255705
1937.833333	-0.793524
1937.916667	-1.160849
1938.000000	-0.714610
1938.083333	-0.065262
1938.166667	0.144022
1938.250000	0.015759
1938.333333	0.199293
1938.416667	-0.606953
1938.500000	-0.504667
1938.583333	-0.505677
1938.666667	-0.595401
1938.750000	-0.628223
1938.833333	-0.146218
1938.916667	-0.425680
1939.000000	-0.737234
1939.083333	0.029216
1939.166667	0.352645
1939.250000	0.442357
1939.333333	0.287021
1939.416667	-0.114469
1939.500000	-0.209660
1939.583333	-0.081801
1939.666667	0.200822
1939.750000	0.157023
1939.833333	-0.727013
1939.916667	-0.731790
1940.000000	-1.030410
1940.083333	-1.246596
1940.166667	-1.369640
1940.250000	-1.062414
1940.333333	-0.555290
1940.416667	-0.279338
1940.500000	-0.195577
1940.583333	-0.136217
1940.666667	-0.235896
1940.750000	-0.928966
1940.833333	-1.096781
1940.916667	-0.806991
1941.000000	-0.908240
1941.083333	-0.918498
1941.166667	-0.941167
1941.250000	-0.441471
1941.333333	-0.916260
1941.416667	-0.077590
1941.500000	-0.204644
1941.583333	0.096619
1941.666667	0.142415
1941.750000	0.420580
1941.833333	0.464203
1941.916667	0.346936
1942.000000	0.516269
1942.083333	0.247528
1942.166667	0.060702
1942.250000	0.021661
1942.333333	0.406551
1942.416667	0.536591
1942.500000	0.444881
1942.583333	0.122874
1942.666667	-0.066978
1942.750000	0.148287
1942.833333	0.621247
1942.916667	0.457255
1943.000000	0.963645
1943.083333	1.076915
1943.166667	0.451240
1943.250000	0.246888
1943.333333	0.377571
1943.416667	0.736367
1943.500000	0.170560
1943.583333	0.027868
1943.666667	0.007710
1943.750000	-0.131198
1943.833333	-0.064047
1943.916667	0.160705
1944.000000	0.395063
1944.083333	0.547434
1944.166667	0.803067
1944.250000	0.543707
1944.333333	0.414337
1944.416667	0.661904
1944.500000	0.582571
1944.583333	0.430364
1944.666667	0.819751
1944.750000	0.532332
1944.833333	0.234575
1944.916667	-0.061061
1945.000000	0.052636
1945.083333	0.353261
1945.166667	0.623994
1945.250000	0.595474
1945.333333	-0.020637
1945.416667	-0.050046
1945.500000	-0.319127
1945.583333	-0.444057
1945.666667	-0.134131
1945.750000	0.241452
1945.833333	0.515580
1945.916667	0.151380
1946.000000	0.156468
1946.083333	-0.515801
1946.166667	-0.403284
1946.250000	0.148560
1946.333333	0.308550
1946.416667	-0.075819
1946.500000	-0.474028
1946.583333	-0.678402
1946.666667	-0.339359
1946.750000	0.017443
1946.833333	0.495154
1946.916667	0.608144
1947.000000	0.489919
1947.083333	0.028749
1947.166667	-0.028084
1947.250000	0.461226
1947.333333	-0.158976
1947.416667	-0.274435
1947.500000	-0.563514
1947.583333	-0.707807
1947.666667	-0.016301
1947.750000	0.122322
1947.833333	0.520165
1947.916667	0.592526
1948.000000	0.272998
1948.083333	0.680327
1948.166667	1.049391
1948.250000	0.797451
1948.333333	0.844063
1948.416667	0.226668
1948.500000	0.202565
1948.583333	-0.043007
1948.666667	-0.223917
1948.750000	-0.187347
1948.833333	0.192122
1948.916667	0.922060
1949.000000	1.369811
1949.083333	1.649499
1949.166667	1.330440
1949.250000	0.395010
1949.333333	0.389133
1949.416667	-0.074861
1949.500000	0.005005
1949.583333	-0.242746
1949.666667	-0.256949
1949.750000	0.275882
1949.833333	-0.109628
1949.916667	0.203380
1950.000000	0.967058
1950.083333	1.139291
1950.166667	0.457245
1950.250000	-0.062398
1950.333333	0.304443
1950.416667	-0.126645
1950.500000	-0.266272
1950.583333	-0.284911
1950.666667	0.001019
1950.750000	0.237782
1950.833333	0.216114
1950.916667	-0.356938
1951.000000	-0.317936
1951.083333	-0.327872
1951.166667	0.147182
1951.250000	-0.531900
1951.333333	-0.353587
1951.416667	-0.031285
1951.500000	-0.081947
1951.583333	0.323018
1951.666667	0.272475
1951.750000	0.425271
1951.833333	0.260134
1951.916667	0.481348
1952.000000	0.859032
1952.083333	0.737877
1952.166667	0.347729
1952.250000	-0.038894
1952.333333	-0.383723
1952.416667	-0.061404
1952.500000	-0.054566
1952.583333	-0.125921
1952.666667	-0.105473
1952.750000	-0.439972
1952.833333	-0.275663
1952.916667	-0.296284
1953.000000	-0.258336
1953.083333	0.021986
1953.166667	0.697013
1953.250000	0.395387
1953.333333	0.275988
1953.416667	0.413599
1953.500000	0.309320
1953.583333	0.334246
1953.666667	-0.016186
1953.750000	0.030816
1953.833333	-0.134990
1953.916667	-0.049538
1954.000000	0.223546
1954.083333	0.496894
1954.166667	0.141583
1954.250000	0.644533
1954.333333	-0.061623
1954.416667	-0.114017
1954.500000	0.307633
1954.583333	0.236549
1954.666667	0.361619
1954.750000	0.267096
1954.833333	-0.184580
1954.916667	-0.138511
1955.000000	0.263929
1955.083333	0.229965
1955.166667	0.504984
1955.250000	0.392297
1955.333333	0.214131
1955.416667	-0.346596
1955.500000	-0.375906
1955.583333	-0.113773
1955.666667	0.009684
1955.750000	0.146337
1955.833333	0.184617
1955.916667	0.204975
1956.000000	0.198516
1956.083333	0.192825
1956.166667	0.351395
1956.250000	-0.104611
1956.333333	0.082824
1956.416667	-0.270357
1956.500000	-0.350497
1956.583333	0.100814
1956.666667	-0.042374
1956.750000	0.243280
1956.833333	0.347519
1956.916667	0.564987
1957.000000	0.937909
1957.083333	1.527058
1957.166667	0.780221
1957.250000	0.483085
1957.333333	0.499211
1957.416667	0.333994
1957.500000	0.143087
1957.583333	0.132563
1957.666667	0.362898
1957.750000	-0.014825
1957.833333	-0.059871
1957.916667	0.141497
1958.000000	-0.336279
1958.083333	-0.695569
1958.166667	-0.438509
1958.250000	-0.566423
1958.333333	0.003105
1958.416667	0.215217
1958.500000	0.215455
1958.583333	0.428210
1958.666667	0.600778
1958.750000	0.490258
1958.833333	0.722966
1958.916667	0.377395
1959.000000	0.094672
1959.083333	0.674157
1959.166667	0.184574
1959.250000	0.063603
1959.333333	0.177473
1959.416667	-0.024598
1959.500000	-0.009624
1959.583333	0.017261
1959.666667	0.130946
1959.750000	0.158741
1959.833333	-0.039318
1959.916667	-0.319213
1960.000000	0.169418
1960.083333	-0.355013
1960.166667	-0.864589
1960.250000	-0.522143
1960.333333	-0.348079
1960.416667	0.021974
1960.500000	0.274394
1960.583333	0.174568
1960.666667	0.199480
1960.750000	0.664836
1960.833333	0.671123
1960.916667	0.094391
1961.000000	-0.282169
1961.083333	-0.067290
1961.166667	0.150069
1961.250000	-0.074332
1961.333333	0.319543
1961.416667	0.015181
1961.500000	0.009875
1961.583333	-0.233491
1961.666667	-0.409986
1961.750000	-0.292932
1961.833333	-0.014901
1961.916667	0.334422
1962.000000	0.186342
1962.083333	0.604690
1962.166667	0.160539
1962.250000	-0.202567
1962.333333	-0.256567
1962.416667	0.028984
1962.500000	0.177301
1962.583333	0.600149
1962.666667	0.546847
1962.750000	0.805872
1962.833333	-0.166617
1962.916667	0.123800
1963.000000	0.068296
1963.083333	-0.161560
1963.166667	0.257626
1963.250000	0.525686
1963.333333	0.294069
1963.416667	0.226409
1963.500000	-0.084206
1963.583333	-0.052214
1963.666667	0.114526
1963.750000	0.063967
1963.833333	-0.189714
1963.916667	-0.465408
1964.000000	-0.729992
1964.083333	-0.521226
1964.166667	-0.191918
1964.250000	0.126970
1964.333333	0.230311
1964.416667	-0.233480
1964.500000	-0.005381
1964.583333	-0.032492
1964.666667	0.006028
1964.750000	-0.503930
1964.833333	-0.127084
1964.916667	0.171460
1965.000000	0.559347
1965.083333	0.257050
1965.166667	-0.497648
1965.250000	0.197228
1965.333333	-0.173294
1965.416667	-0.111483
1965.500000	-0.314209
1965.583333	-0.501048
1965.666667	-0.121832
1965.750000	-0.194240
1965.833333	-0.015669
1965.916667	0.155770
1966.000000	-0.014462
1966.083333	-0.494151
1966.166667	-0.732259
1966.250000	-0.619353
1966.333333	0.250768
1966.416667	-0.358155
1966.500000	-0.022195
1966.583333	0.032551
1966.666667	0.127791
1966.750000	0.075431
1966.833333	-0.459641
1966.916667	-0.332066
1967.000000	-0.392042
1967.083333	0.118360
1967.166667	0.241575
1967.250000	0.733565
1967.333333	0.221548
1967.416667	0.028230
1967.500000	-0.081170
1967.583333	-0.440904
1967.666667	-0.349442
1967.750000	-0.412153
1967.833333	-0.480818
1967.916667	0.344815
1968.000000	0.191244
1968.083333	-0.409322
1968.166667	-1.058346
1968.250000	-0.474810
1968.333333	-0.035420
1968.416667	-0.006395
1968.500000	-0.108376
1968.583333	0.180821
1968.666667	0.219006
1968.750000	0.339160
1968.833333	-0.213850
1968.916667	-0.434813
1969.000000	-0.126117
1969.083333	-0.035763
1969.166667	-0.903453
1969.250000	-0.198313
1969.333333	-0.216423
1969.416667	0.607559
1969.500000	0.674114
1969.583333	0.195015
1969.666667	0.154293
1969.750000	0.172106
1969.833333	-0.073342
1969.916667	-0.175930
1970.000000	-0.274298
1970.083333	-0.729586
1970.166667	-0.908787
1970.250000	-0.311978
1970.333333	-0.489717
1970.416667	-0.477384
1970.500000	-0.082839
1970.583333	-0.072689
1970.666667	0.088072
1970.750000	0.113576
1970.833333	-0.317003
1970.916667	-0.113327
1971.000000	-0.088164
1971.083333	0.113659
1971.166667	-0.301307
1971.250000	-0.604466
1971.333333	-0.134752
1971.416667	-0.158727
1971.500000	0.025702
1971.583333	-0.107921
1971.666667	-0.295416
1971.750000	0.174766
1971.833333	0.522024
1971.916667	0.831364
1972.000000	1.274615
1972.083333	0.479919
1972.166667	0.646737
1972.250000	0.808020
1972.333333	0.307857
1972.416667	-0.571650
1972.500000	-0.286768
1972.583333	-0.105493
1972.666667	0.336755
1972.750000	0.340070
1972.833333	0.523877
1972.916667	0.412031
1973.000000	-0.262305
1973.083333	-0.677835
1973.166667	-0.221851
1973.250000	-0.517561
1973.333333	-0.553566
1973.416667	-0.064225
1973.500000	-0.205602
1973.583333	-0.098382
1973.666667	-0.061421
1973.750000	0.234100
1973.833333	0.712018
1973.916667	0.019566
1974.000000	0.389791
1974.083333	0.612166
1974.166667	0.456460
1974.250000	0.443624
1974.333333	0.144769
1974.416667	0.171832
1974.500000	-0.222902
1974.583333	-0.338212
1974.666667	-0.438797
1974.750000	-0.510791
1974.833333	-0.138548
1974.916667	-0.011687
1975.000000	0.195729
1975.083333	0.693682
1975.166667	0.560749
1975.250000	0.481983
1975.333333	0.576594
1975.416667	0.016754
1975.500000	-0.303882
1975.583333	-0.378449
1975.666667	-0.671302
1975.750000	-0.624631
1975.833333	-0.232446
1975.916667	-0.596658
1976.000000	-0.676770
1976.083333	-0.549460
1976.166667	0.266452
1976.250000	0.431260
1976.333333	0.011187
1976.416667	-0.349369
1976.500000	-0.418286
1976.583333	-0.513407
1976.666667	-0.244491
1976.750000	-0.574113
1976.833333	-0.973628
1976.916667	-0.706274
1977.000000	-0.589901
1977.083333	-0.532390
1977.166667	-0.035207
1977.250000	0.166409
1977.333333	-0.236559
1977.416667	0.115670
1977.500000	0.303879
1977.583333	-0.023871
1977.666667	0.056138
1977.750000	-0.184621
1977.833333	0.140202
1977.916667	0.022181
1978.000000	-0.211079
1978.083333	-0.718546
1978.166667	-0.541600
1978.250000	-0.236545
1978.333333	0.268990
1978.416667	0.139407
1978.500000	0.297651
1978.583333	0.224695
1978.666667	0.340203
1978.750000	-0.167056
1978.833333	0.477499
1978.916667	0.528102
1979.000000	-0.041415
1979.083333	-0.334787
1979.166667	-0.402418
1979.250000	0.044760
1979.333333	-0.008416
1979.416667	-0.002093
1979.500000	0.211957
1979.583333	-0.029392
1979.666667	-0.394089
1979.750000	-0.167849
1979.833333	0.117468
1979.916667	-0.080581
1980.000000	0.086052
1980.083333	-0.021861
1980.166667	0.155954
1980.250000	-0.239726
1980.333333	0.050751
1980.416667	0.350895
1980.500000	0.466331
1980.583333	-0.270256
1980.666667	-0.098501
1980.750000	-0.008171
1980.833333	-0.171612
1980.916667	-0.091870
1981.000000	-0.474927
1981.083333	-0.215095
1981.166667	-0.754955
1981.250000	0.143679
1981.333333	0.055523
1981.416667	0.130372
1981.500000	0.267767
1981.583333	0.009778
1981.666667	0.377943
1981.750000	0.401889
1981.833333	-0.195510
1981.916667	-0.124669
1982.000000	0.211661
1982.083333	0.761056
1982.166667	0.655031
1982.250000	0.841786
1982.333333	0.030867
1982.416667	0.162462
1982.500000	0.002232
1982.583333	0.038072
1982.666667	-0.094230
1982.750000	-0.098838
1982.833333	-0.048007
1982.916667	0.412127
1983.000000	0.316556
1983.083333	-0.025956
1983.166667	-0.906760
1983.250000	-1.053676
1983.333333	-0.877182
1983.416667	-0.391319
1983.500000	0.012370
1983.583333	0.154050
1983.666667	-0.133149
1983.750000	-0.221240
1983.833333	-0.197168
1983.916667	0.345504
1984.000000	-0.067015
1984.083333	-0.285283
1984.166667	-0.737385
1984.250000	-0.647608
1984.333333	-0.596870
1984.416667	-0.893459
1984.500000	-0.670039
1984.583333	-0.774941
1984.666667	-0.870674
1984.750000	-0.531107
1984.833333	-0.159941
1984.916667	-0.085997
1985.000000	-0.096462
1985.083333	-0.203135
1985.166667	0.170774
1985.250000	0.164725
1985.333333	0.431977
1985.416667	0.058595
1985.500000	-0.291565
1985.583333	-0.202253
1985.666667	-0.133750
1985.750000	-0.147169
1985.833333	0.098465
1985.916667	0.271301
1986.000000	0.253922
1986.083333	0.271695
1986.166667	-0.201349
1986.250000	-0.158347
1986.333333	-0.145675
1986.416667	-0.065272
1986.500000	-0.069393
1986.583333	-0.345001
1986.666667	-0.331262
1986.750000	0.142205
1986.833333	0.300303
1986.916667	0.503800
1987.000000	0.237377
1987.083333	-0.206573
1987.166667	-0.759369
1987.250000	-0.968370
1987.333333	-0.379030
1987.416667	-0.165659
1987.500000	0.074836
1987.583333	-0.003596
1987.666667	0.152431
1987.750000	-0.577069
1987.833333	-0.817565
1987.916667	-0.236301
1988.000000	-0.384345
1988.083333	-0.695747
1988.166667	-0.970753
1988.250000	-0.773773
1988.333333	-0.802785
1988.416667	-0.761075
1988.500000	-0.367863
1988.583333	-0.185534
1988.666667	-0.456128
1988.750000	-0.784457
1988.833333	-0.123274
1988.916667	-0.189446
1989.000000	0.638060
1989.083333	0.556501
1989.166667	-0.100854
1989.250000	0.037736
1989.333333	-0.107632
1989.416667	-0.329778
1989.500000	-0.254405
1989.583333	-0.350111
1989.666667	-0.035186
1989.750000	-0.361689
1989.833333	-0.062574
1989.916667	-0.582401
1990.000000	-0.519231
1990.083333	0.259333
1990.166667	0.046890
1990.250000	-0.056659
1990.333333	0.108666
1990.416667	0.027166
1990.500000	-0.433767
1990.583333	-0.094441
1990.666667	0.120546
1990.750000	0.125949
1990.833333	-0.221976
1990.916667	0.102163
1991.000000	0.257403
1991.083333	0.080794
1991.166667	-0.085730
1991.250000	0.559231
1991.333333	0.592515
1991.416667	0.210599
1991.500000	0.216905
1991.583333	0.086131
1991.666667	-0.001737
1991.750000	-0.535877
1991.833333	-0.622135
1991.916667	-0.447933
1992.000000	-0.358962
1992.083333	-0.464186
1992.166667	-0.571118
1992.250000	-0.429994
1992.333333	-0.850446
1992.416667	-0.120521
1992.500000	-0.245397
1992.583333	-0.367422
1992.666667	-0.305710
1992.750000	-0.513300
1992.833333	-0.122880
1992.916667	-0.118570
1993.000000	0.454176
1993.083333	-0.193461
1993.166667	-0.826082
1993.250000	-0.903515
1993.333333	-0.924211
1993.416667	-0.732742
1993.500000	-0.236791
1993.583333	-0.106473
1993.666667	-0.239189
1993.750000	-0.274627
1993.833333	-0.335066
1993.916667	-0.207822
1994.000000	-0.282552
1994.083333	-0.085841
1994.166667	-0.414088
1994.250000	-0.128334
1994.333333	0.093444
1994.416667	-0.219354
1994.500000	-0.466226
1994.583333	-0.665817
1994.666667	-0.402672
1994.750000	-0.481623
1994.833333	0.325277
1994.916667	0.100797
1995.000000	-0.431488
1995.083333	-0.454860
1995.166667	-0.456390
1995.250000	-0.146742
1995.333333	0.077458
1995.416667	-0.158593
1995.500000	-0.286653
1995.583333	-0.268070
1995.666667	0.041072
1995.750000	-0.425408
1995.833333	-0.481524
1995.916667	-0.469630
1996.000000	-0.852973
1996.083333	-0.664755
1996.166667	-1.062070
1996.250000	-1.145620
1996.333333	-0.503853
1996.416667	-0.521055
1996.500000	-0.394546
1996.583333	-0.285942
1996.666667	-0.036786
1996.750000	-0.523226
1996.833333	-0.551471
1996.916667	-0.478641
1997.000000	-0.310668
1997.083333	-0.297874
1997.166667	-0.021773
1997.250000	-0.152125
1997.333333	-0.490149
1997.416667	-0.328496
1997.500000	0.213989
1997.583333	0.120569
1997.666667	0.065849
1997.750000	-0.405523
1997.833333	-0.879803
1997.916667	-0.667844
1998.000000	-0.854503
1998.083333	-0.680807
1998.166667	-0.990777
1998.250000	-0.532972
1998.333333	-0.205468
1998.416667	0.274358
1998.500000	0.516277
1998.583333	0.478727
1998.666667	0.178113
1998.750000	0.345156
1998.833333	0.155870
1998.916667	0.488154
1999.000000	0.383865
1999.083333	0.653008
1999.166667	0.056701
1999.250000	0.411278
1999.333333	0.297036
1999.416667	0.386846
1999.500000	0.079316
1999.583333	0.198664
1999.666667	-0.103014
1999.750000	-0.311076
1999.833333	-0.205457
1999.916667	-0.403500
2000.000000	-0.255754
2000.083333	-0.121335
2000.166667	0.060436
2000.250000	0.022364
2000.333333	0.070325
2000.416667	-0.053104
2000.500000	0.029351
2000.583333	0.080438
2000.666667	0.083197
2000.750000	-0.302001
2000.833333	-0.030442
2000.916667	-0.120065
2001.000000	-0.571669
2001.083333	-0.091832
2001.166667	-0.252042
2001.250000	0.110933
2001.333333	-0.268185
2001.416667	0.021558
2001.500000	-0.061115
2001.583333	0.203483
2001.666667	0.228651
2001.750000	-0.215868
2001.833333	-0.171280
2001.916667	0.423504
2002.000000	-0.068010
2002.083333	-0.064160
2002.166667	-0.175728
2002.250000	0.738464
2002.333333	0.559993
2002.416667	0.044285
2002.500000	0.229501
2002.583333	0.344977
2002.666667	0.221592
2002.750000	0.210096
2002.833333	0.023877
2002.916667	-0.474968
2003.000000	-1.102114
2003.083333	-0.814325
2003.166667	-0.215382
2003.250000	-0.182717
2003.333333	0.444291
2003.416667	0.234621
2003.500000	-0.141946
2003.583333	-0.059422
2003.666667	0.175088
2003.750000	-0.058664
2003.833333	0.266485
2003.916667	-0.315913
2004.000000	-0.515595
2004.083333	-0.394878
2004.166667	-0.198710
2004.250000	-0.211367
2004.333333	-0.345949
2004.416667	0.179931
2004.500000	0.203397
2004.583333	-0.037269
2004.666667	-0.045152
2004.750000	0.148072
2004.833333	0.499639
2004.916667	-0.001890
2005.000000	-0.186805
2005.083333	-0.162619
2005.166667	-0.450893
2005.250000	-0.326567
2005.333333	-0.520535
2005.416667	0.105331
2005.500000	0.577388
2005.583333	0.608315
2005.666667	0.472260
2005.750000	0.322936
2005.833333	-0.202464
2005.916667	-0.484955
2006.000000	-0.287502
2006.083333	-0.243903
2006.166667	-0.179138
2006.250000	0.250342
2006.333333	0.017867
2006.416667	0.043311
2006.500000	0.268155
2006.583333	0.128081
2006.666667	0.362164
2006.750000	0.146367
2006.833333	-0.377569
2006.916667	-0.358584
2007.000000	0.030587
2007.083333	-0.235199
2007.166667	-0.274725
2007.250000	-0.105855
2007.333333	-0.121633
2007.416667	-0.197910
2007.500000	-0.042694
2007.583333	0.234439
2007.666667	0.237590
2007.750000	0.343333
2007.833333	-0.063034
2007.916667	0.272574
2008.000000	0.121760
2008.083333	0.237206
2008.166667	-0.367948
2008.250000	0.066857
2008.333333	-0.134127
2008.416667	-0.076278
2008.500000	-0.585156
2008.583333	-0.401615
2008.666667	-0.451472
2008.750000	-0.351575
2008.833333	-0.634603
2008.916667	-0.361305
2009.000000	0.155575
2009.083333	-0.086731
2009.166667	-0.279185
2009.250000	-0.069666
2009.333333	0.015578
2009.416667	-0.112080
2009.500000	-0.155540
2009.583333	0.007815
2009.666667	0.212346
2009.750000	0.311029
2009.833333	-0.235311
2009.916667	-0.051165
2010.000000	-0.935180
2010.083333	-1.052751
2010.166667	-1.802139
2010.250000	-0.909803
2010.333333	-0.101275
2010.416667	0.537612
2010.500000	0.170941
2010.583333	0.461243
2010.666667	0.119462
2010.750000	-0.262905
2010.833333	-0.321592
2010.916667	-0.854767
2011.000000	-0.998980
2011.083333	-0.771340
2011.166667	-0.229683
2011.250000	0.583393
2011.333333	0.253625
2011.416667	0.098742
2011.500000	-0.031293
2011.583333	0.351567
2011.666667	-0.047333
2011.750000	-0.171423
2011.833333	-0.319360
2011.916667	-0.173455
2012.000000	-0.081451
2012.083333	0.254194
2012.166667	0.406677
2012.250000	0.753145
2012.333333	0.364566
2012.416667	0.027046
2012.500000	0.215872
2012.583333	0.006806
2012.666667	0.050519
2012.750000	0.104120
2012.833333	-0.359943
2012.916667	0.174097
2013.000000	0.190654
2013.083333	0.354606
2013.166667	-0.638728
2013.250000	-0.407749
2013.333333	-0.686880
2013.416667	-0.138722
2013.500000	-0.285550
2013.583333	-0.139182
2013.666667	0.089714
2013.750000	0.504176
2013.833333	0.229649
2013.916667	0.315704
2014.000000	-0.184925
2014.083333	0.154315
2014.166667	0.004733
2014.250000	-0.144308
2014.333333	-0.356711
2014.416667	0.044043
2014.500000	0.182946
2014.583333	0.306571
2014.666667	0.233920
2014.750000	0.167519
2014.833333	-0.390903
2014.916667	-0.247333
2015.000000	0.324764
2015.083333	0.008283
2015.166667	0.030913
2015.250000	0.907841
2015.333333	0.430517
2015.416667	0.303108
2015.500000	0.092370
2015.583333	0.122619
2015.666667	0.184474
2015.750000	0.126043
2015.833333	0.647494
2015.916667	0.890065
2016.000000	0.382534
2016.083333	-0.127462
2016.166667	0.007068
2016.250000	0.312382
2016.333333	0.452833
2016.416667	0.546942
2016.500000	0.717976
2016.583333	0.353339
2016.666667	0.688351
2016.750000	0.777427
2016.833333	0.523686
2016.916667	0.646179
2017.000000	0.484010
2017.083333	0.573345
2017.166667	0.586571
2017.250000	0.798204
2017.333333	0.236345
2017.416667	0.171921
2017.500000	0.416893
2017.583333	0.291614
2017.666667	0.315579
2017.750000	0.616461
2017.833333	0.421062
2017.916667	0.601734
2018.000000	0.229269
2018.083333	0.898139
2018.166667	0.665142
2018.250000	0.689422
2018.333333	0.756637
2018.416667	0.891969
2018.500000	0.510770
2018.583333	0.350930
2018.666667	0.667086
2018.750000	0.725342
2018.833333	0.282657
2018.916667	0.022676
2019.000000	0.047643
2019.083333	0.202036
2019.166667	0.205029
2019.250000	0.005587
2019.333333	0.317244
2019.416667	0.438403
2019.500000	0.444977
2019.583333	0.523388
2019.666667	0.502300
2019.750000	0.666588
2019.833333	0.403285
2019.916667	0.625547
2020.000000	0.362713
2020.083333	0.490723
2020.166667	0.642024
2020.250000	0.979405
2020.333333	0.230744
2020.416667	0.061265
2020.500000	0.434819
2020.583333	0.655693
2020.666667	0.265931
2020.750000	0.129288
2020.833333	0.250552
2020.916667	-0.202932
2021.000000	-0.389559
2021.083333	-0.240090
2021.166667	-0.095420
2021.250000	0.250387
2021.333333	0.227256
2021.416667	0.216008
2021.500000	0.042130
2021.583333	0.253303
2021.666667	0.259007
2021.750000	0.862648
2021.833333	0.549894
2021.916667	0.853132
2022.000000	0.779636
2022.083333	0.182809
2022.166667	0.248632
2022.250000	0.502380
2022.333333	0.642006
2022.416667	0.369295
2022.500000	0.318451
2022.583333	0.224372
2022.666667	0.559089
2022.750000	0.098092
2022.833333	0.305158
2022.916667	0.326761
2023.000000	0.488879
