1880.000000	0.408663
1880.083333	0.408301
1880.166667	0.407937
1880.250000	0.407570
1880.333333	0.407202
1880.416667	0.406832
1880.500000	0.406460
1880.583333	0.406086
1880.666667	0.379021
1880.750000	0.378798
1880.833333	0.378580
1880.916667	0.378366
1881.000000	0.378157
1881.083333	0.377953
1881.166667	0.377754
1881.250000	0.377559
1881.333333	0.377370
1881.416667	0.377185
1881.500000	0.377005
1881.583333	0.376830
1881.666667	0.377239
1881.750000	0.376654
1881.833333	0.376069
1881.916667	0.375484
1882.000000	0.374898
1882.083333	0.374312
1882.166667	0.373726
1882.250000	0.373140
1882.333333	0.372554
1882.416667	0.371968
1882.500000	0.371383
1882.583333	0.370797
1882.666667	0.390037
1882.750000	0.389426
1882.833333	0.388813
1882.916667	0.388197
1883.000000	0.387580
1883.083333	0.386961
1883.166667	0.386339
1883.250000	0.385717
1883.333333	0.385092
1883.416667	0.384466
1883.500000	0.383839
1883.583333	0.383210
1883.666667	0.326465
1883.750000	0.326574
1883.833333	0.326690
1883.916667	0.326813
1884.000000	0.326943
1884.083333	0.327080
1884.166667	0.327224
1884.250000	0.327376
1884.333333	0.327534
1884.416667	0.327699
1884.500000	0.327871
1884.583333	0.328050
1884.666667	0.329998
1884.750000	0.329753
1884.833333	0.329515
1884.916667	0.329284
1885.000000	0.329060
1885.083333	0.328843
1885.166667	0.328633
1885.250000	0.328430
1885.333333	0.328234
1885.416667	0.328046
1885.500000	0.327864
1885.583333	0.327690
1885.666667	0.401862
1885.750000	0.401386
1885.833333	0.400906
1885.916667	0.400422
1886.000000	0.399934
1886.083333	0.399442
1886.166667	0.398947
1886.250000	0.398447
1886.333333	0.397944
1886.416667	0.397437
1886.500000	0.396927
1886.583333	0.396413
1886.666667	0.374001
1886.750000	0.373991
1886.833333	0.373986
1886.916667	0.373987
1887.000000	0.373992
1887.083333	0.374004
1887.166667	0.374020
1887.250000	0.374043
1887.333333	0.374070
1887.416667	0.374103
1887.500000	0.374141
1887.583333	0.374185
1887.666667	0.405952
1887.750000	0.405453
1887.833333	0.404949
1887.916667	0.404439
1888.000000	0.403924
1888.083333	0.403404
1888.166667	0.402879
1888.250000	0.402349
1888.333333	0.401814
1888.416667	0.401274
1888.500000	0.400730
1888.583333	0.400182
1888.666667	0.399443
1888.750000	0.398914
1888.833333	0.398378
1888.916667	0.397836
1889.000000	0.397286
1889.083333	0.396730
1889.166667	0.396168
1889.250000	0.395598
1889.333333	0.395022
1889.416667	0.394440
1889.500000	0.393850
1889.583333	0.393254
1889.666667	0.349444
1889.750000	0.348914
1889.833333	0.348389
1889.916667	0.347868
1890.000000	0.347352
1890.083333	0.346841
1890.166667	0.346334
1890.250000	0.345832
1890.333333	0.345335
1890.416667	0.344843
1890.500000	0.344355
1890.583333	0.343873
1890.666667	0.420231
1890.750000	0.420207
1890.833333	0.420181
1890.916667	0.420154
1891.000000	0.420126
1891.083333	0.420096
1891.166667	0.420065
1891.250000	0.420032
1891.333333	0.419998
1891.416667	0.419963
1891.500000	0.419926
1891.583333	0.419888
1891.666667	0.362438
1891.750000	0.363519
1891.833333	0.364592
1891.916667	0.365656
1892.000000	0.366712
1892.083333	0.367760
1892.166667	0.368799
1892.250000	0.369830
1892.333333	0.370853
1892.416667	0.371866
1892.500000	0.372871
1892.583333	0.373867
1892.666667	0.335461
1892.750000	0.335098
1892.833333	0.334741
1892.916667	0.334391
1893.000000	0.334047
1893.083333	0.333710
1893.166667	0.333379
1893.250000	0.333054
1893.333333	0.332736
1893.416667	0.332425
1893.500000	0.332120
1893.583333	0.331822
1893.666667	0.374758
1893.750000	0.374669
1893.833333	0.374586
1893.916667	0.374508
1894.000000	0.374436
1894.083333	0.374369
1894.166667	0.374307
1894.250000	0.374251
1894.333333	0.374200
1894.416667	0.374154
1894.500000	0.374114
1894.583333	0.374080
1894.666667	0.117318
1894.750000	0.119345
1894.833333	0.121365
1894.916667	0.123377
1895.000000	0.125383
1895.083333	0.127382
1895.166667	0.129373
1895.250000	0.131358
1895.333333	0.133334
1895.416667	0.135303
1895.500000	0.137265
1895.583333	0.139219
1895.666667	0.330794
1895.750000	0.330903
1895.833333	0.331004
1895.916667	0.331097
1896.000000	0.331183
1896.083333	0.331261
1896.166667	0.331331
1896.250000	0.331393
1896.333333	0.331448
1896.416667	0.331495
1896.500000	0.331534
1896.583333	0.331565
1896.666667	0.420153
1896.750000	0.420125
1896.833333	0.420095
1896.916667	0.420064
1897.000000	0.420032
1897.083333	0.419998
1897.166667	0.419962
1897.250000	0.419925
1897.333333	0.419887
1897.416667	0.419847
1897.500000	0.419805
1897.583333	0.419762
1897.666667	0.418110
1897.750000	0.418014
1897.833333	0.417916
1897.916667	0.417815
1898.000000	0.417711
1898.083333	0.417605
1898.166667	0.417496
1898.250000	0.417384
1898.333333	0.417269
1898.416667	0.417151
1898.500000	0.417030
1898.583333	0.416906
1898.666667	0.329877
1898.750000	0.329710
1898.833333	0.329536
1898.916667	0.329354
1899.000000	0.329164
1899.083333	0.328967
1899.166667	0.328762
1899.250000	0.328549
1899.333333	0.328328
1899.416667	0.328100
1899.500000	0.327865
1899.583333	0.327621
1899.666667	-0.111874
1899.750000	-0.111752
1899.833333	-0.111618
1899.916667	-0.111472
1900.000000	-0.111314
1900.083333	-0.111144
1900.166667	-0.110962
1900.250000	-0.110768
1900.333333	-0.110563
1900.416667	-0.110346
1900.500000	-0.110116
1900.583333	-0.109875
1900.666667	0.420460
1900.750000	0.420456
1900.833333	0.420451
1900.916667	0.420444
1901.000000	0.420437
1901.083333	0.420428
1901.166667	0.420418
1901.250000	0.420407
1901.333333	0.420395
1901.416667	0.420382
1901.500000	0.420367
1901.583333	0.420352
1901.666667	-0.027172
1901.750000	-0.025776
1901.833333	-0.024369
1901.916667	-0.022953
1902.000000	-0.021526
1902.083333	-0.020090
1902.166667	-0.018643
1902.250000	-0.017187
1902.333333	-0.015722
1902.416667	-0.014246
1902.500000	-0.012761
1902.583333	-0.011267
1902.666667	-0.077100
1902.750000	-0.077973
1902.833333	-0.078836
1902.916667	-0.079689
1903.000000	-0.080531
1903.083333	-0.081364
1903.166667	-0.082185
1903.250000	-0.082997
1903.333333	-0.083798
1903.416667	-0.084588
1903.500000	-0.085368
1903.583333	-0.086138
1903.666667	-0.012969
1903.750000	-0.014338
1903.833333	-0.015700
1903.916667	-0.017056
1904.000000	-0.018403
1904.083333	-0.019744
1904.166667	-0.021077
1904.250000	-0.022403
1904.333333	-0.023721
1904.416667	-0.025032
1904.500000	-0.026335
1904.583333	-0.027630
1904.666667	-0.026221
1904.750000	-0.027517
1904.833333	-0.028805
1904.916667	-0.030085
1905.000000	-0.031357
1905.083333	-0.032622
1905.166667	-0.033878
1905.250000	-0.035126
1905.333333	-0.036365
1905.416667	-0.037597
1905.500000	-0.038820
1905.583333	-0.040035
1905.666667	-0.294944
1905.750000	-0.294320
1905.833333	-0.293685
1905.916667	-0.293041
1906.000000	-0.292387
1906.083333	-0.291723
1906.166667	-0.291049
1906.250000	-0.290364
1906.333333	-0.289670
1906.416667	-0.288966
1906.500000	-0.288252
1906.583333	-0.287527
1906.666667	0.297870
1906.750000	0.298647
1906.833333	0.299414
1906.916667	0.300172
1907.000000	0.300919
1907.083333	0.301656
1907.166667	0.302384
1907.250000	0.303101
1907.333333	0.303809
1907.416667	0.304507
1907.500000	0.305196
1907.583333	0.305875
1907.666667	-0.112205
1907.750000	-0.112274
1907.833333	-0.112332
1907.916667	-0.112378
1908.000000	-0.112412
1908.083333	-0.112435
1908.166667	-0.112446
1908.250000	-0.112445
1908.333333	-0.112432
1908.416667	-0.112407
1908.500000	-0.112371
1908.583333	-0.112323
1908.666667	0.009409
1908.750000	0.007939
1908.833333	0.006475
1908.916667	0.005016
1909.000000	0.003564
1909.083333	0.002118
1909.166667	0.000678
1909.250000	-0.000756
1909.333333	-0.002184
1909.416667	-0.003605
1909.500000	-0.005020
1909.583333	-0.006429
1909.666667	-0.236961
1909.750000	-0.238291
1909.833333	-0.239621
1909.916667	-0.240951
1910.000000	-0.242282
1910.083333	-0.243614
1910.166667	-0.244945
1910.250000	-0.246276
1910.333333	-0.247607
1910.416667	-0.248938
1910.500000	-0.250268
1910.583333	-0.251598
1910.666667	0.035104
1910.750000	0.036637
1910.833333	0.038160
1910.916667	0.039673
1911.000000	0.041175
1911.083333	0.042667
1911.166667	0.044148
1911.250000	0.045619
1911.333333	0.047079
1911.416667	0.048528
1911.500000	0.049966
1911.583333	0.051394
1911.666667	0.293324
1911.750000	0.294158
1911.833333	0.294982
1911.916667	0.295795
1912.000000	0.296599
1912.083333	0.297392
1912.166667	0.298175
1912.250000	0.298948
1912.333333	0.299712
1912.416667	0.300465
1912.500000	0.301208
1912.583333	0.301942
1912.666667	-0.179137
1912.750000	-0.177443
1912.833333	-0.175740
1912.916667	-0.174026
1913.000000	-0.172303
1913.083333	-0.170570
1913.166667	-0.168827
1913.250000	-0.167075
1913.333333	-0.165313
1913.416667	-0.163541
1913.500000	-0.161760
1913.583333	-0.159970
1913.666667	-0.372660
1913.750000	-0.371816
1913.833333	-0.370966
1913.916667	-0.370110
1914.000000	-0.369249
1914.083333	-0.368383
1914.166667	-0.367510
1914.250000	-0.366633
1914.333333	-0.365750
1914.416667	-0.364862
1914.500000	-0.363969
1914.583333	-0.363071
1914.666667	-0.333017
1914.750000	-0.334134
1914.833333	-0.335251
1914.916667	-0.336367
1915.000000	-0.337482
1915.083333	-0.338595
1915.166667	-0.339707
1915.250000	-0.340817
1915.333333	-0.341926
1915.416667	-0.343032
1915.500000	-0.344137
1915.583333	-0.345239
1915.666667	-0.397726
1915.750000	-0.398046
1915.833333	-0.398369
1915.916667	-0.398694
1916.000000	-0.399021
1916.083333	-0.399349
1916.166667	-0.399680
1916.250000	-0.400012
1916.333333	-0.400345
1916.416667	-0.400680
1916.500000	-0.401017
1916.583333	-0.401354
1916.666667	-0.406805
1916.750000	-0.406482
1916.833333	-0.406158
1916.916667	-0.405834
1917.000000	-0.405509
1917.083333	-0.405184
1917.166667	-0.404858
1917.250000	-0.404533
1917.333333	-0.404207
1917.416667	-0.403881
1917.500000	-0.403556
1917.583333	-0.403230
1917.666667	-0.372041
1917.750000	-0.371570
1917.833333	-0.371092
1917.916667	-0.370605
1918.000000	-0.370111
1918.083333	-0.369610
1918.166667	-0.369101
1918.250000	-0.368584
1918.333333	-0.368059
1918.416667	-0.367527
1918.500000	-0.366986
1918.583333	-0.366438
1918.666667	-0.420645
1918.750000	-0.420558
1918.833333	-0.420469
1918.916667	-0.420379
1919.000000	-0.420289
1919.083333	-0.420197
1919.166667	-0.420105
1919.250000	-0.420013
1919.333333	-0.419919
1919.416667	-0.419826
1919.500000	-0.419732
1919.583333	-0.419637
1919.666667	-0.230219
1919.750000	-0.230015
1919.833333	-0.229822
1919.916667	-0.229640
1920.000000	-0.229469
1920.083333	-0.229309
1920.166667	-0.229161
1920.250000	-0.229025
1920.333333	-0.228899
1920.416667	-0.228785
1920.500000	-0.228683
1920.583333	-0.228591
1920.666667	-0.242109
1920.750000	-0.241575
1920.833333	-0.241050
1920.916667	-0.240535
1921.000000	-0.240030
1921.083333	-0.239535
1921.166667	-0.239050
1921.250000	-0.238575
1921.333333	-0.238109
1921.416667	-0.237654
1921.500000	-0.237209
1921.583333	-0.236774
1921.666667	-0.003434
1921.750000	-0.003824
1921.833333	-0.004228
1921.916667	-0.004647
1922.000000	-0.005079
1922.083333	-0.005526
1922.166667	-0.005987
1922.250000	-0.006462
1922.333333	-0.006952
1922.416667	-0.007455
1922.500000	-0.007973
1922.583333	-0.008504
1922.666667	0.001128
1922.750000	0.001250
1922.833333	0.001359
1922.916667	0.001453
1923.000000	0.001534
1923.083333	0.001600
1923.166667	0.001652
1923.250000	0.001691
1923.333333	0.001715
1923.416667	0.001725
1923.500000	0.001721
1923.583333	0.001702
1923.666667	-0.376319
1923.750000	-0.375920
1923.833333	-0.375514
1923.916667	-0.375101
1924.000000	-0.374681
1924.083333	-0.374254
1924.166667	-0.373819
1924.250000	-0.373377
1924.333333	-0.372928
1924.416667	-0.372471
1924.500000	-0.372007
1924.583333	-0.371535
1924.666667	-0.131777
1924.750000	-0.130227
1924.833333	-0.128680
1924.916667	-0.127138
1925.000000	-0.125600
1925.083333	-0.124066
1925.166667	-0.122537
1925.250000	-0.121012
1925.333333	-0.119491
1925.416667	-0.117976
1925.500000	-0.116465
1925.583333	-0.114960
1925.666667	-0.040719
1925.750000	-0.039697
1925.833333	-0.038687
1925.916667	-0.037687
1926.000000	-0.036699
1926.083333	-0.035721
1926.166667	-0.034755
1926.250000	-0.033801
1926.333333	-0.032857
1926.416667	-0.031926
1926.500000	-0.031006
1926.583333	-0.030097
1926.666667	-0.262711
1926.750000	-0.261292
1926.833333	-0.259866
1926.916667	-0.258434
1927.000000	-0.256996
1927.083333	-0.255551
1927.166667	-0.254101
1927.250000	-0.252645
1927.333333	-0.251183
1927.416667	-0.249716
1927.500000	-0.248243
1927.583333	-0.246764
1927.666667	0.190723
1927.750000	0.189693
1927.833333	0.188650
1927.916667	0.187594
1928.000000	0.186525
1928.083333	0.185443
1928.166667	0.184347
1928.250000	0.183238
1928.333333	0.182116
1928.416667	0.180980
1928.500000	0.179831
1928.583333	0.178670
1928.666667	0.204054
1928.750000	0.203214
1928.833333	0.202361
1928.916667	0.201495
1929.000000	0.200616
1929.083333	0.199724
1929.166667	0.198818
1929.250000	0.197899
1929.333333	0.196967
1929.416667	0.196022
1929.500000	0.195064
1929.583333	0.194092
1929.666667	-0.176543
1929.750000	-0.174937
1929.833333	-0.173331
1929.916667	-0.171726
1930.000000	-0.170120
1930.083333	-0.168516
1930.166667	-0.166912
1930.250000	-0.165309
1930.333333	-0.163707
1930.416667	-0.162106
1930.500000	-0.160507
1930.583333	-0.158908
1930.666667	-0.292438
1930.750000	-0.291178
1930.833333	-0.289910
1930.916667	-0.288635
1931.000000	-0.287351
1931.083333	-0.286060
1931.166667	-0.284761
1931.250000	-0.283455
1931.333333	-0.282141
1931.416667	-0.280819
1931.500000	-0.279490
1931.583333	-0.278154
1931.666667	0.140898
1931.750000	0.139360
1931.833333	0.137809
1931.916667	0.136246
1932.000000	0.134670
1932.083333	0.133082
1932.166667	0.131482
1932.250000	0.129869
1932.333333	0.128244
1932.416667	0.126606
1932.500000	0.124957
1932.583333	0.123295
1932.666667	0.379815
1932.750000	0.379517
1932.833333	0.379211
1932.916667	0.378898
1933.000000	0.378577
1933.083333	0.378249
1933.166667	0.377913
1933.250000	0.377569
1933.333333	0.377217
1933.416667	0.376858
1933.500000	0.376490
1933.583333	0.376115
1933.666667	0.324128
1933.750000	0.322994
1933.833333	0.321848
1933.916667	0.320689
1934.000000	0.319518
1934.083333	0.318334
1934.166667	0.317138
1934.250000	0.315928
1934.333333	0.314706
1934.416667	0.313471
1934.500000	0.312224
1934.583333	0.310963
1934.666667	0.383505
1934.750000	0.383316
1934.833333	0.383120
1934.916667	0.382917
1935.000000	0.382707
1935.083333	0.382491
1935.166667	0.382268
1935.250000	0.382037
1935.333333	0.381800
1935.416667	0.381555
1935.500000	0.381304
1935.583333	0.381045
1935.666667	0.406899
1935.750000	0.406331
1935.833333	0.405752
1935.916667	0.405160
1936.000000	0.404555
1936.083333	0.403938
1936.166667	0.403308
1936.250000	0.402666
1936.333333	0.402010
1936.416667	0.401342
1936.500000	0.400661
1936.583333	0.399967
1936.666667	0.422266
1936.750000	0.422258
1936.833333	0.422235
1936.916667	0.422199
1937.000000	0.422148
1937.083333	0.422083
1937.166667	0.422004
1937.250000	0.421910
1937.333333	0.421802
1937.416667	0.421680
1937.500000	0.421543
1937.583333	0.421392
1937.666667	0.422264
1937.750000	0.422259
1937.833333	0.422250
1937.916667	0.422237
1938.000000	0.422221
1938.083333	0.422201
1938.166667	0.422177
1938.250000	0.422150
1938.333333	0.422120
1938.416667	0.422086
1938.500000	0.422050
1938.583333	0.422010
1938.666667	0.152435
1938.750000	0.150555
1938.833333	0.148680
1938.916667	0.146810
1939.000000	0.144946
1939.083333	0.143088
1939.166667	0.141235
1939.250000	0.139389
1939.333333	0.137548
1939.416667	0.135714
1939.500000	0.133887
1939.583333	0.132066
1939.666667	0.231192
1939.750000	0.230743
1939.833333	0.230307
1939.916667	0.229884
1940.000000	0.229474
1940.083333	0.229076
1940.166667	0.228692
1940.250000	0.228320
1940.333333	0.227961
1940.416667	0.227615
1940.500000	0.227282
1940.583333	0.226962
1940.666667	0.223753
1940.750000	0.223641
1940.833333	0.223543
1940.916667	0.223459
1941.000000	0.223387
1941.083333	0.223329
1941.166667	0.223284
1941.250000	0.223252
1941.333333	0.223234
1941.416667	0.223228
1941.500000	0.223236
1941.583333	0.223257
1941.666667	0.236266
1941.750000	0.236832
1941.833333	0.237408
1941.916667	0.237996
1942.000000	0.238594
1942.083333	0.239203
1942.166667	0.239823
1942.250000	0.240453
1942.333333	0.241094
1942.416667	0.241745
1942.500000	0.242406
1942.583333	0.243078
1942.666667	0.223236
1942.750000	0.223257
1942.833333	0.223290
1942.916667	0.223337
1943.000000	0.223398
1943.083333	0.223471
1943.166667	0.223557
1943.250000	0.223657
1943.333333	0.223769
1943.416667	0.223895
1943.500000	0.224033
1943.583333	0.224184
1943.666667	0.351799
1943.750000	0.351087
1943.833333	0.350379
1943.916667	0.349673
1944.000000	0.348971
1944.083333	0.348272
1944.166667	0.347577
1944.250000	0.346886
1944.333333	0.346198
1944.416667	0.345515
1944.500000	0.344835
1944.583333	0.344160
1944.666667	0.422262
1944.750000	0.422266
1944.833333	0.422265
1944.916667	0.422260
1945.000000	0.422251
1945.083333	0.422238
1945.166667	0.422222
1945.250000	0.422202
1945.333333	0.422178
1945.416667	0.422151
1945.500000	0.422121
1945.583333	0.422088
1945.666667	0.243661
1945.750000	0.244351
1945.833333	0.245051
1945.916667	0.245761
1946.000000	0.246481
1946.083333	0.247210
1946.166667	0.247949
1946.250000	0.248697
1946.333333	0.249454
1946.416667	0.250221
1946.500000	0.250997
1946.583333	0.251781
1946.666667	0.399339
1946.750000	0.398549
1946.833333	0.397747
1946.916667	0.396934
1947.000000	0.396110
1947.083333	0.395274
1947.166667	0.394427
1947.250000	0.393568
1947.333333	0.392699
1947.416667	0.391820
1947.500000	0.390929
1947.583333	0.390028
1947.666667	0.344322
1947.750000	0.345034
1947.833333	0.345751
1947.916667	0.346473
1948.000000	0.347200
1948.083333	0.347932
1948.166667	0.348669
1948.250000	0.349410
1948.333333	0.350155
1948.416667	0.350905
1948.500000	0.351659
1948.583333	0.352416
1948.666667	0.344711
1948.750000	0.345525
1948.833333	0.346330
1948.916667	0.347126
1949.000000	0.347912
1949.083333	0.348689
1949.166667	0.349457
1949.250000	0.350216
1949.333333	0.350966
1949.416667	0.351707
1949.500000	0.352439
1949.583333	0.353161
1949.666667	0.115936
1949.750000	0.114190
1949.833333	0.112453
1949.916667	0.110724
1950.000000	0.109003
1950.083333	0.107292
1950.166667	0.105589
1950.250000	0.103895
1950.333333	0.102211
1950.416667	0.100535
1950.500000	0.098869
1950.583333	0.097213
1950.666667	0.039918
1950.750000	0.038746
1950.833333	0.037589
1950.916667	0.036444
1951.000000	0.035314
1951.083333	0.034197
1951.166667	0.033094
1951.250000	0.032005
1951.333333	0.030930
1951.416667	0.029869
1951.500000	0.028821
1951.583333	0.027788
1951.666667	0.420195
1951.750000	0.420282
1951.833333	0.420368
1951.916667	0.420453
1952.000000	0.420538
1952.083333	0.420623
1952.166667	0.420706
1952.250000	0.420788
1952.333333	0.420870
1952.416667	0.420950
1952.500000	0.421029
1952.583333	0.421107
1952.666667	0.383360
1952.750000	0.383165
1952.833333	0.382964
1952.916667	0.382756
1953.000000	0.382541
1953.083333	0.382319
1953.166667	0.382090
1953.250000	0.381855
1953.333333	0.381612
1953.416667	0.381362
1953.500000	0.381105
1953.583333	0.380841
1953.666667	0.419219
1953.750000	0.419304
1953.833333	0.419390
1953.916667	0.419476
1954.000000	0.419563
1954.083333	0.419650
1954.166667	0.419737
1954.250000	0.419825
1954.333333	0.419912
1954.416667	0.419999
1954.500000	0.420087
1954.583333	0.420174
1954.666667	0.370599
1954.750000	0.371503
1954.833333	0.372400
1954.916667	0.373290
1955.000000	0.374174
1955.083333	0.375050
1955.166667	0.375919
1955.250000	0.376782
1955.333333	0.377637
1955.416667	0.378485
1955.500000	0.379325
1955.583333	0.380158
1955.666667	0.265531
1955.750000	0.264564
1955.833333	0.263606
1955.916667	0.262657
1956.000000	0.261716
1956.083333	0.260785
1956.166667	0.259863
1956.250000	0.258951
1956.333333	0.258048
1956.416667	0.257154
1956.500000	0.256271
1956.583333	0.255397
1956.666667	0.322982
1956.750000	0.321404
1956.833333	0.319815
1956.916667	0.318216
1957.000000	0.316605
1957.083333	0.314985
1957.166667	0.313354
1957.250000	0.311713
1957.333333	0.310062
1957.416667	0.308401
1957.500000	0.306730
1957.583333	0.305050
1957.666667	0.417379
1957.750000	0.417425
1957.833333	0.417473
1957.916667	0.417523
1958.000000	0.417575
1958.083333	0.417629
1958.166667	0.417685
1958.250000	0.417743
1958.333333	0.417803
1958.416667	0.417864
1958.500000	0.417928
1958.583333	0.417993
1958.666667	0.421157
1958.750000	0.421083
1958.833333	0.421009
1958.916667	0.420933
1959.000000	0.420855
1959.083333	0.420777
1959.166667	0.420698
1959.250000	0.420617
1959.333333	0.420536
1959.416667	0.420454
1959.500000	0.420372
1959.583333	0.420289
1959.666667	0.421928
1959.750000	0.421864
1959.833333	0.421793
1959.916667	0.421715
1960.000000	0.421632
1960.083333	0.421541
1960.166667	0.421444
1960.250000	0.421339
1960.333333	0.421228
1960.416667	0.421110
1960.500000	0.420984
1960.583333	0.420851
1960.666667	0.389966
1960.750000	0.389088
1960.833333	0.388198
1960.916667	0.387293
1961.000000	0.386375
1961.083333	0.385443
1961.166667	0.384498
1961.250000	0.383539
1961.333333	0.382566
1961.416667	0.381580
1961.500000	0.380580
1961.583333	0.379566
1961.666667	0.270633
1961.750000	0.268789
1961.833333	0.266938
1961.916667	0.265082
1962.000000	0.263220
1962.083333	0.261352
1962.166667	0.259479
1962.250000	0.257600
1962.333333	0.255716
1962.416667	0.253827
1962.500000	0.251933
1962.583333	0.250035
1962.666667	0.405092
1962.750000	0.404486
1962.833333	0.403868
1962.916667	0.403236
1963.000000	0.402592
1963.083333	0.401936
1963.166667	0.401266
1963.250000	0.400584
1963.333333	0.399888
1963.416667	0.399179
1963.500000	0.398458
1963.583333	0.397723
1963.666667	0.016273
1963.750000	0.017098
1963.833333	0.017935
1963.916667	0.018786
1964.000000	0.019649
1964.083333	0.020526
1964.166667	0.021415
1964.250000	0.022317
1964.333333	0.023231
1964.416667	0.024158
1964.500000	0.025097
1964.583333	0.026049
1964.666667	0.295242
1964.750000	0.296497
1964.833333	0.297743
1964.916667	0.298981
1965.000000	0.300209
1965.083333	0.301429
1965.166667	0.302640
1965.250000	0.303842
1965.333333	0.305035
1965.416667	0.306219
1965.500000	0.307393
1965.583333	0.308559
1965.666667	0.369535
1965.750000	0.370017
1965.833333	0.370490
1965.916667	0.370955
1966.000000	0.371413
1966.083333	0.371863
1966.166667	0.372305
1966.250000	0.372739
1966.333333	0.373166
1966.416667	0.373585
1966.500000	0.373996
1966.583333	0.374400
1966.666667	0.032546
1966.750000	0.033589
1966.833333	0.034643
1966.916667	0.035709
1967.000000	0.036786
1967.083333	0.037875
1967.166667	0.038975
1967.250000	0.040087
1967.333333	0.041210
1967.416667	0.042344
1967.500000	0.043489
1967.583333	0.044645
1967.666667	0.135814
1967.750000	0.137255
1967.833333	0.138687
1967.916667	0.140109
1968.000000	0.141522
1968.083333	0.142925
1968.166667	0.144319
1968.250000	0.145703
1968.333333	0.147078
1968.416667	0.148443
1968.500000	0.149798
1968.583333	0.151143
1968.666667	-0.376704
1968.750000	-0.377104
1968.833333	-0.377496
1968.916667	-0.377881
1969.000000	-0.378257
1969.083333	-0.378626
1969.166667	-0.378988
1969.250000	-0.379342
1969.333333	-0.379688
1969.416667	-0.380027
1969.500000	-0.380359
1969.583333	-0.380683
1969.666667	-0.259581
1969.750000	-0.258147
1969.833333	-0.256708
1969.916667	-0.255263
1970.000000	-0.253811
1970.083333	-0.252354
1970.166667	-0.250891
1970.250000	-0.249422
1970.333333	-0.247948
1970.416667	-0.246469
1970.500000	-0.244984
1970.583333	-0.243494
1970.666667	-0.146163
1970.750000	-0.144583
1970.833333	-0.143005
1970.916667	-0.141431
1971.000000	-0.139859
1971.083333	-0.138291
1971.166667	-0.136726
1971.250000	-0.135164
1971.333333	-0.133606
1971.416667	-0.132051
1971.500000	-0.130500
1971.583333	-0.128953
1971.666667	-0.259129
1971.750000	-0.258371
1971.833333	-0.257620
1971.916667	-0.256877
1972.000000	-0.256142
1972.083333	-0.255414
1972.166667	-0.254694
1972.250000	-0.253983
1972.333333	-0.253279
1972.416667	-0.252584
1972.500000	-0.251897
1972.583333	-0.251218
1972.666667	-0.386852
1972.750000	-0.386126
1972.833333	-0.385392
1972.916667	-0.384651
1973.000000	-0.383904
1973.083333	-0.383149
1973.166667	-0.382388
1973.250000	-0.381620
1973.333333	-0.380846
1973.416667	-0.380065
1973.500000	-0.379277
1973.583333	-0.378483
1973.666667	-0.237869
1973.750000	-0.239707
1973.833333	-0.241542
1973.916667	-0.243374
1974.000000	-0.245202
1974.083333	-0.247028
1974.166667	-0.248849
1974.250000	-0.250667
1974.333333	-0.252481
1974.416667	-0.254291
1974.500000	-0.256096
1974.583333	-0.257898
1974.666667	-0.415361
1974.750000	-0.415058
1974.833333	-0.414748
1974.916667	-0.414430
1975.000000	-0.414105
1975.083333	-0.413773
1975.166667	-0.413433
1975.250000	-0.413085
1975.333333	-0.412730
1975.416667	-0.412368
1975.500000	-0.411997
1975.583333	-0.411619
1975.666667	-0.421826
1975.750000	-0.421717
1975.833333	-0.421595
1975.916667	-0.421462
1976.000000	-0.421318
1976.083333	-0.421161
1976.166667	-0.420993
1976.250000	-0.420813
1976.333333	-0.420621
1976.416667	-0.420419
1976.500000	-0.420204
1976.583333	-0.419979
1976.666667	-0.418563
1976.750000	-0.418267
1976.833333	-0.417960
1976.916667	-0.417642
1977.000000	-0.417313
1977.083333	-0.416975
1977.166667	-0.416626
1977.250000	-0.416266
1977.333333	-0.415896
1977.416667	-0.415517
1977.500000	-0.415127
1977.583333	-0.414728
1977.666667	-0.371766
1977.750000	-0.370916
1977.833333	-0.370060
1977.916667	-0.369198
1978.000000	-0.368331
1978.083333	-0.367459
1978.166667	-0.366581
1978.250000	-0.365698
1978.333333	-0.364809
1978.416667	-0.363916
1978.500000	-0.363017
1978.583333	-0.362114
1978.666667	-0.406056
1978.750000	-0.406532
1978.833333	-0.407001
1978.916667	-0.407464
1979.000000	-0.407920
1979.083333	-0.408370
1979.166667	-0.408814
1979.250000	-0.409251
1979.333333	-0.409681
1979.416667	-0.410104
1979.500000	-0.410521
1979.583333	-0.410931
1979.666667	-0.323571
1979.750000	-0.323087
1979.833333	-0.322611
1979.916667	-0.322142
1980.000000	-0.321680
1980.083333	-0.321227
1980.166667	-0.320781
1980.250000	-0.320343
1980.333333	-0.319913
1980.416667	-0.319491
1980.500000	-0.319077
1980.583333	-0.318671
1980.666667	-0.369367
1980.750000	-0.368261
1980.833333	-0.367145
1980.916667	-0.366020
1981.000000	-0.364884
1981.083333	-0.363738
1981.166667	-0.362582
1981.250000	-0.361417
1981.333333	-0.360242
1981.416667	-0.359058
1981.500000	-0.357865
1981.583333	-0.356662
1981.666667	-0.363460
1981.750000	-0.364163
1981.833333	-0.364867
1981.916667	-0.365571
1982.000000	-0.366275
1982.083333	-0.366978
1982.166667	-0.367681
1982.250000	-0.368384
1982.333333	-0.369086
1982.416667	-0.369787
1982.500000	-0.370487
1982.583333	-0.371187
1982.666667	-0.420307
1982.750000	-0.420475
1982.833333	-0.420635
1982.916667	-0.420789
1983.000000	-0.420936
1983.083333	-0.421076
1983.166667	-0.421208
1983.250000	-0.421334
1983.333333	-0.421452
1983.416667	-0.421562
1983.500000	-0.421665
1983.583333	-0.421760
1983.666667	-0.388095
1983.750000	-0.387916
1983.833333	-0.387742
1983.916667	-0.387572
1984.000000	-0.387407
1984.083333	-0.387247
1984.166667	-0.387091
1984.250000	-0.386940
1984.333333	-0.386794
1984.416667	-0.386653
1984.500000	-0.386517
1984.583333	-0.386386
1984.666667	-0.179803
1984.750000	-0.177787
1984.833333	-0.175768
1984.916667	-0.173746
1985.000000	-0.171721
1985.083333	-0.169693
1985.166667	-0.167662
1985.250000	-0.165629
1985.333333	-0.163593
1985.416667	-0.161555
1985.500000	-0.159515
1985.583333	-0.157473
1985.666667	-0.410697
1985.750000	-0.411023
1985.833333	-0.411347
1985.916667	-0.411669
1986.000000	-0.411989
1986.083333	-0.412306
1986.166667	-0.412620
1986.250000	-0.412932
1986.333333	-0.413241
1986.416667	-0.413547
1986.500000	-0.413849
1986.583333	-0.414149
1986.666667	-0.106559
1986.750000	-0.106278
1986.833333	-0.106010
1986.916667	-0.105755
1987.000000	-0.105513
1987.083333	-0.105283
1987.166667	-0.105066
1987.250000	-0.104862
1987.333333	-0.104671
1987.416667	-0.104493
1987.500000	-0.104327
1987.583333	-0.104175
1987.666667	-0.371306
1987.750000	-0.372064
1987.833333	-0.372814
1987.916667	-0.373556
1988.000000	-0.374291
1988.083333	-0.375018
1988.166667	-0.375737
1988.250000	-0.376448
1988.333333	-0.377152
1988.416667	-0.377848
1988.500000	-0.378537
1988.583333	-0.379217
1988.666667	-0.091449
1988.750000	-0.090735
1988.833333	-0.090010
1988.916667	-0.089272
1989.000000	-0.088522
1989.083333	-0.087761
1989.166667	-0.086988
1989.250000	-0.086202
1989.333333	-0.085406
1989.416667	-0.084597
1989.500000	-0.083776
1989.583333	-0.082944
1989.666667	0.299928
1989.750000	0.300678
1989.833333	0.301419
1989.916667	0.302149
1990.000000	0.302870
1990.083333	0.303581
1990.166667	0.304283
1990.250000	0.304974
1990.333333	0.305656
1990.416667	0.306328
1990.500000	0.306991
1990.583333	0.307644
1990.666667	-0.111610
1990.750000	-0.111744
1990.833333	-0.111867
1990.916667	-0.111977
1991.000000	-0.112076
1991.083333	-0.112164
1991.166667	-0.112239
1991.250000	-0.112303
1991.333333	-0.112355
1991.416667	-0.112396
1991.500000	-0.112424
1991.583333	-0.112441
1991.666667	0.081413
1991.750000	0.079781
1991.833333	0.078150
1991.916667	0.076521
1992.000000	0.074893
1992.083333	0.073267
1992.166667	0.071642
1992.250000	0.070019
1992.333333	0.068398
1992.416667	0.066778
1992.500000	0.065161
1992.583333	0.063546
1992.666667	0.142060
1992.750000	0.142642
1992.833333	0.143234
1992.916667	0.143838
1993.000000	0.144451
1993.083333	0.145075
1993.166667	0.145710
1993.250000	0.146356
1993.333333	0.147011
1993.416667	0.147678
1993.500000	0.148354
1993.583333	0.149041
1993.666667	0.245875
1993.750000	0.244666
1993.833333	0.243458
1993.916667	0.242251
1994.000000	0.241045
1994.083333	0.239842
1994.166667	0.238639
1994.250000	0.237439
1994.333333	0.236241
1994.416667	0.235044
1994.500000	0.233849
1994.583333	0.232657
1994.666667	0.413599
1994.750000	0.413283
1994.833333	0.412962
1994.916667	0.412638
1995.000000	0.412310
1995.083333	0.411979
1995.166667	0.411644
1995.250000	0.411306
1995.333333	0.410965
1995.416667	0.410620
1995.500000	0.410273
1995.583333	0.409923
1995.666667	0.420466
1995.750000	0.420466
1995.833333	0.420465
1995.916667	0.420462
1996.000000	0.420459
1996.083333	0.420454
1996.166667	0.420449
1996.250000	0.420442
1996.333333	0.420434
1996.416667	0.420425
1996.500000	0.420414
1996.583333	0.420403
1996.666667	0.219111
1996.750000	0.217954
1996.833333	0.216801
1996.916667	0.215652
1997.000000	0.214506
1997.083333	0.213364
1997.166667	0.212226
1997.250000	0.211092
1997.333333	0.209962
1997.416667	0.208837
1997.500000	0.207715
1997.583333	0.206598
1997.666667	0.404100
1997.750000	0.404453
1997.833333	0.404805
1997.916667	0.405156
1998.000000	0.405505
1998.083333	0.405853
1998.166667	0.406199
1998.250000	0.406544
1998.333333	0.406887
1998.416667	0.407228
1998.500000	0.407566
1998.583333	0.407903
1998.666667	0.379111
1998.750000	0.378476
1998.833333	0.377841
1998.916667	0.377206
1999.000000	0.376571
1999.083333	0.375936
1999.166667	0.375301
1999.250000	0.374666
1999.333333	0.374032
1999.416667	0.373398
1999.500000	0.372764
1999.583333	0.372131
1999.666667	0.344999
1999.750000	0.346191
1999.833333	0.347377
1999.916667	0.348556
2000.000000	0.349728
2000.083333	0.350893
2000.166667	0.352052
2000.250000	0.353203
2000.333333	0.354347
2000.416667	0.355484
2000.500000	0.356613
2000.583333	0.357735
2000.666667	0.160589
2000.750000	0.161436
2000.833333	0.162292
2000.916667	0.163158
2001.000000	0.164033
2001.083333	0.164917
2001.166667	0.165810
2001.250000	0.166713
2001.333333	0.167625
2001.416667	0.168546
2001.500000	0.169476
2001.583333	0.170415
2001.666667	0.421741
2001.750000	0.421656
2001.833333	0.421564
2001.916667	0.421466
2002.000000	0.421362
2002.083333	0.421251
2002.166667	0.421134
2002.250000	0.421010
2002.333333	0.420879
2002.416667	0.420743
2002.500000	0.420599
2002.583333	0.420450
2002.666667	0.301840
2002.750000	0.302938
2002.833333	0.304038
2002.916667	0.305138
2003.000000	0.306241
2003.083333	0.307344
2003.166667	0.308448
2003.250000	0.309554
2003.333333	0.310660
2003.416667	0.311767
2003.500000	0.312875
2003.583333	0.313983
2003.666667	0.422036
2003.750000	0.422086
2003.833333	0.422130
2003.916667	0.422167
2004.000000	0.422199
2004.083333	0.422225
2004.166667	0.422244
2004.250000	0.422257
2004.333333	0.422264
2004.416667	0.422265
2004.500000	0.422260
2004.583333	0.422248
2004.666667	0.385260
2004.750000	0.384638
2004.833333	0.384009
2004.916667	0.383373
2005.000000	0.382730
2005.083333	0.382080
2005.166667	0.381424
2005.250000	0.380760
2005.333333	0.380089
2005.416667	0.379411
2005.500000	0.378727
2005.583333	0.378035
2005.666667	0.416964
2005.750000	0.416838
2005.833333	0.416710
2005.916667	0.416578
2006.000000	0.416443
2006.083333	0.416305
2006.166667	0.416163
2006.250000	0.416019
2006.333333	0.415870
2006.416667	0.415719
2006.500000	0.415563
2006.583333	0.415405
2006.666667	0.385811
2006.750000	0.386122
2006.833333	0.386436
2006.916667	0.386752
2007.000000	0.387071
2007.083333	0.387393
2007.166667	0.387717
2007.250000	0.388043
2007.333333	0.388372
2007.416667	0.388703
2007.500000	0.389036
2007.583333	0.389371
2007.666667	0.345941
2007.750000	0.347006
2007.833333	0.348068
2007.916667	0.349127
2008.000000	0.350182
2008.083333	0.351233
2008.166667	0.352280
2008.250000	0.353324
2008.333333	0.354363
2008.416667	0.355399
2008.500000	0.356430
2008.583333	0.357456
2008.666667	0.384721
2008.750000	0.384151
2008.833333	0.383578
2008.916667	0.383004
2009.000000	0.382429
2009.083333	0.381852
2009.166667	0.381275
2009.250000	0.380696
2009.333333	0.380115
2009.416667	0.379534
2009.500000	0.378952
2009.583333	0.378370
2009.666667	0.392070
2009.750000	0.391528
2009.833333	0.390983
2009.916667	0.390436
2010.000000	0.389886
2010.083333	0.389334
2010.166667	0.388779
2010.250000	0.388222
2010.333333	0.387663
2010.416667	0.387101
2010.500000	0.386538
2010.583333	0.385973
2010.666667	0.374154
2010.750000	0.373377
2010.833333	0.372596
2010.916667	0.371808
2011.000000	0.371015
2011.083333	0.370217
2011.166667	0.369413
2011.250000	0.368604
2011.333333	0.367789
2011.416667	0.366969
2011.500000	0.366143
2011.583333	0.365313
2011.666667	0.422111
2011.750000	0.422085
2011.833333	0.422057
2011.916667	0.422028
2012.000000	0.421997
2012.083333	0.421965
2012.166667	0.421931
2012.250000	0.421896
2012.333333	0.421860
2012.416667	0.421823
2012.500000	0.421784
2012.583333	0.421745
2012.666667	0.397859
2012.750000	0.397310
2012.833333	0.396754
2012.916667	0.396192
2013.000000	0.395623
2013.083333	0.395047
2013.166667	0.394465
2013.250000	0.393875
2013.333333	0.393280
2013.416667	0.392677
2013.500000	0.392068
2013.583333	0.391453
2013.666667	0.402889
2013.750000	0.402407
2013.833333	0.401917
2013.916667	0.401421
2014.000000	0.400918
2014.083333	0.400408
2014.166667	0.399892
2014.250000	0.399369
2014.333333	0.398839
2014.416667	0.398302
2014.500000	0.397759
2014.583333	0.397208
2014.666667	0.421774
2014.750000	0.421812
2014.833333	0.421848
2014.916667	0.421883
2015.000000	0.421917
2015.083333	0.421950
2015.166667	0.421981
2015.250000	0.422011
2015.333333	0.422040
2015.416667	0.422068
2015.500000	0.422094
2015.583333	0.422118
2015.666667	0.420574
2015.750000	0.420389
2015.833333	0.420194
2015.916667	0.419990
2016.000000	0.419777
2016.083333	0.419555
2016.166667	0.419324
2016.250000	0.419084
2016.333333	0.418835
2016.416667	0.418578
2016.500000	0.418311
2016.583333	0.418037
2016.666667	0.400020
2016.750000	0.399499
2016.833333	0.398971
2016.916667	0.398436
2017.000000	0.397894
2017.083333	0.397345
2017.166667	0.396790
2017.250000	0.396228
2017.333333	0.395660
2017.416667	0.395084
2017.500000	0.394502
2017.583333	0.393914
2017.666667	0.422252
2017.750000	0.422243
2017.833333	0.422231
2017.916667	0.422217
2018.000000	0.422201
2018.083333	0.422183
2018.166667	0.422163
2018.250000	0.422141
2018.333333	0.422117
2018.416667	0.422092
2018.500000	0.422065
2018.583333	0.422036
2018.666667	0.419748
2018.750000	0.419773
2018.833333	0.419800
2018.916667	0.419828
2019.000000	0.419857
2019.083333	0.419888
2019.166667	0.419919
2019.250000	0.419951
2019.333333	0.419984
2019.416667	0.420018
2019.500000	0.420053
2019.583333	0.420089
2019.666667	0.386771
2019.750000	0.386441
2019.833333	0.386115
2019.916667	0.385791
2020.000000	0.385470
2020.083333	0.385153
2020.166667	0.384839
2020.250000	0.384529
2020.333333	0.384222
2020.416667	0.383919
2020.500000	0.383619
2020.583333	0.383323
2020.666667	0.419910
2020.750000	0.419693
2020.833333	0.419468
2020.916667	0.419233
2021.000000	0.418990
2021.083333	0.418738
2021.166667	0.418477
2021.250000	0.418208
2021.333333	0.417930
2021.416667	0.417644
2021.500000	0.417349
2021.583333	0.417046
2021.666667	0.396958
2021.750000	0.397603
2021.833333	0.398238
2021.916667	0.398862
2022.000000	0.399477
2022.083333	0.400081
