1950.000000	0.178070
1950.083333	0.030446
1950.166667	-0.105815
1950.250000	-0.222699
1950.333333	-0.355823
1950.416667	-0.473189
1950.500000	-0.277508
1950.583333	-0.135325
1950.666667	-0.101389
1950.750000	-0.302862
1950.833333	-0.279138
1950.916667	-0.277284
1951.000000	-0.149412
1951.083333	-0.468155
1951.166667	-0.323906
1951.250000	-0.328992
1951.333333	-0.584877
1951.416667	-0.777111
1951.500000	-0.690895
1951.583333	-0.583425
1951.666667	-0.722823
1951.750000	-0.433646
1951.833333	-0.503157
1951.916667	-0.769200
1952.000000	-0.538769
1952.083333	-0.234624
1952.166667	-0.316932
1952.250000	-0.021627
1952.333333	-0.100702
1952.416667	-0.002420
1952.500000	0.031890
1952.583333	0.087334
1952.666667	-0.161986
1952.750000	-0.034783
1952.833333	0.081179
1952.916667	0.321510
1953.000000	0.239498
1953.083333	-0.021122
1953.166667	-0.125717
1953.250000	-0.022367
1953.333333	-0.146183
1953.416667	0.027161
1953.500000	0.046243
1953.583333	-0.154438
1953.666667	0.088702
1953.750000	0.184577
1953.833333	0.148183
1953.916667	-0.093017
1954.000000	-0.111240
1954.083333	-0.068773
1954.166667	-0.017386
1954.250000	-0.180032
1954.333333	-0.321846
1954.416667	-0.134224
1954.500000	-0.308154
1954.583333	-0.256003
1954.666667	-0.122896
1954.750000	-0.176255
1954.833333	-0.256351
1954.916667	-0.449568
1955.000000	-0.379642
1955.083333	-0.495969
1955.166667	-0.319218
1955.250000	-0.434619
1955.333333	-0.355391
1955.416667	-0.245643
1955.500000	0.000564
1955.583333	-0.131479
1955.666667	-0.043962
1955.750000	-0.458153
1955.833333	-0.557119
1955.916667	-0.338459
1956.000000	-0.133275
1956.083333	-0.189365
1956.166667	-0.442592
1956.250000	-0.525900
1956.333333	-0.134070
1956.416667	-0.075829
1956.500000	-0.205206
1956.583333	-0.335500
1956.666667	-0.370530
1956.750000	-0.411266
1956.833333	-0.760435
1956.916667	-0.521661
1957.000000	-0.434827
1957.083333	-0.100630
1957.166667	-0.106530
1957.250000	-0.220967
1957.333333	-0.331505
1957.416667	-0.126495
1957.500000	0.041467
1957.583333	-0.005858
1957.666667	0.051419
1957.750000	0.258273
1957.833333	-0.280114
1957.916667	-0.324111
1958.000000	-0.029253
1958.083333	0.058388
1958.166667	-0.178710
1958.250000	-0.250588
1958.333333	0.001432
1958.416667	0.040423
1958.500000	0.211047
1958.583333	0.316694
1958.666667	0.277246
1958.750000	0.269466
1958.833333	0.237280
1958.916667	0.512494
1959.000000	0.469674
1959.083333	0.377622
1959.166667	0.454799
1959.250000	0.645908
1959.333333	0.592630
1959.416667	0.270892
1959.500000	0.027557
1959.583333	-0.032298
1959.666667	-0.184550
1959.750000	0.018089
1959.833333	0.099551
1959.916667	-0.114936
1960.000000	-0.271757
1960.083333	-0.400728
1960.166667	-0.429604
1960.250000	-0.351021
1960.333333	-0.281089
1960.416667	-0.179885
1960.500000	0.022034
1960.583333	-0.078824
1960.666667	-0.308304
1960.750000	-0.405675
1960.833333	-0.381606
1960.916667	-0.356733
1961.000000	-0.376609
1961.083333	-0.605607
1961.166667	-0.359813
1961.250000	-0.394604
1961.333333	-0.025057
1961.416667	0.071062
1961.500000	0.096233
1961.583333	-0.082248
1961.666667	0.207226
1961.750000	-0.013914
1961.833333	-0.019062
1961.916667	0.172895
1962.000000	0.351473
1962.083333	0.116152
1962.166667	-0.102608
1962.250000	0.174743
1962.333333	0.175257
1962.416667	-0.208544
1962.500000	-0.118621
1962.583333	-0.126305
1962.666667	-0.235231
1962.750000	-0.144693
1962.833333	0.128588
1962.916667	0.193761
1963.000000	0.031878
1963.083333	0.061685
1963.166667	0.062579
1963.250000	0.323617
1963.333333	0.196650
1963.416667	-0.185063
1963.500000	-0.232809
1963.583333	-0.259981
1963.666667	-0.316207
1963.750000	-0.447346
1963.833333	-0.220546
1963.916667	-0.094615
1964.000000	-0.480336
1964.083333	-0.319569
1964.166667	-0.014464
1964.250000	-0.309981
1964.333333	-0.252390
1964.416667	-0.227003
1964.500000	-0.261268
1964.583333	-0.453270
1964.666667	-0.299367
1964.750000	-0.172394
1964.833333	-0.573185
1964.916667	-0.585355
1965.000000	-0.437583
1965.083333	-0.120185
1965.166667	-0.024290
1965.250000	-0.011382
1965.333333	0.273741
1965.416667	0.076380
1965.500000	0.284465
1965.583333	-0.049022
1965.666667	0.229699
1965.750000	0.307442
1965.833333	0.254134
1965.916667	0.384390
1966.000000	0.170268
1966.083333	0.116656
1966.166667	0.115541
1966.250000	-0.029618
1966.333333	-0.121587
1966.416667	0.009259
1966.500000	0.044360
1966.583333	-0.061630
1966.666667	-0.140761
1966.750000	-0.326033
1966.833333	0.229931
1966.916667	0.629434
1967.000000	0.372288
1967.083333	0.303699
1967.166667	0.320646
1967.250000	0.208058
1967.333333	0.263307
1967.416667	-0.003914
1967.500000	-0.160191
1967.583333	-0.194608
1967.666667	-0.040783
1967.750000	-0.253913
1967.833333	-0.223646
1967.916667	-0.191740
1968.000000	-0.008483
1968.083333	-0.232354
1968.166667	-0.010590
1968.250000	-0.082429
1968.333333	-0.681867
1968.416667	-0.917746
1968.500000	-0.840737
1968.583333	-0.340515
1968.666667	-0.367720
1968.750000	-0.048908
1968.833333	0.055077
1968.916667	0.032349
1969.000000	0.484731
1969.083333	0.789208
1969.166667	0.821157
1969.250000	0.438554
1969.333333	0.477871
1969.416667	0.228157
1969.500000	0.358951
1969.583333	0.469129
1969.666667	0.347551
1969.750000	0.251802
1969.833333	0.556717
1969.916667	-0.014517
1970.000000	-0.133566
1970.083333	0.099012
1970.166667	0.320518
1970.250000	0.068326
1970.333333	-0.008007
1970.416667	-0.266990
1970.500000	-0.209086
1970.583333	-0.292928
1970.666667	0.020517
1970.750000	-0.158572
1970.833333	-0.027248
1970.916667	0.331207
1971.000000	0.548674
1971.083333	0.949607
1971.166667	0.572801
1971.250000	0.390922
1971.333333	0.167095
1971.416667	0.096430
1971.500000	-0.280103
1971.583333	-0.006367
1971.666667	-0.066054
1971.750000	-0.292646
1971.833333	-0.407061
1971.916667	-0.654460
1972.000000	0.285668
1972.083333	0.411450
1972.166667	0.367101
1972.250000	0.226505
1972.333333	0.140950
1972.416667	0.167253
1972.500000	0.297812
1972.583333	0.221360
1972.666667	0.140107
1972.750000	0.250005
1972.833333	0.297120
1972.916667	0.354038
1973.000000	0.695248
1973.083333	0.608893
1973.166667	0.597642
1973.250000	0.586219
1973.333333	0.683141
1973.416667	0.947874
1973.500000	1.027586
1973.583333	1.018885
1973.666667	0.369386
1973.750000	0.397515
1973.833333	0.516101
1973.916667	0.447675
1974.000000	0.490106
1974.083333	0.278955
1974.166667	-0.174270
1974.250000	0.240587
1974.333333	0.208837
1974.416667	-0.092478
1974.500000	-0.044483
1974.583333	0.258130
1974.666667	0.215260
1974.750000	0.507595
1974.833333	0.273428
1974.916667	0.362242
1975.000000	0.386936
1975.083333	0.027605
1975.166667	0.251438
1975.250000	-0.103702
1975.333333	0.024054
1975.416667	0.098003
1975.500000	-0.204644
1975.583333	0.153563
1975.666667	-0.341616
1975.750000	0.045450
1975.833333	-0.153166
1975.916667	0.023885
1976.000000	-0.225548
1976.083333	-0.316456
1976.166667	-0.305534
1976.250000	-0.099835
1976.333333	-0.623646
1976.416667	-0.460175
1976.500000	-0.358704
1976.583333	-0.120306
1976.666667	0.201341
1976.750000	0.045299
1976.833333	-0.382434
1976.916667	-0.175709
1977.000000	-0.300459
1977.083333	-0.105144
1977.166667	0.245108
1977.250000	0.378902
1977.333333	0.262838
1977.416667	0.242904
1977.500000	0.107706
1977.583333	0.274192
1977.666667	0.059044
1977.750000	0.413731
1977.833333	0.292992
1977.916667	-0.092792
1978.000000	-0.152259
1978.083333	-0.188283
1978.166667	-0.116459
1978.250000	-0.161646
1978.333333	-0.057406
1978.416667	-0.250948
1978.500000	0.225670
1978.583333	0.166079
1978.666667	0.215570
1978.750000	0.356375
1978.833333	0.216899
1978.916667	-0.164597
1979.000000	-0.450774
1979.083333	-0.664635
1979.166667	-0.615113
1979.250000	-0.179857
1979.333333	-0.210187
1979.416667	-0.077441
1979.500000	0.145067
1979.583333	0.215313
1979.666667	0.277783
1979.750000	0.433902
1979.833333	0.167614
1979.916667	0.228487
1980.000000	0.037513
1980.083333	-0.084760
1980.166667	-0.044981
1980.250000	0.190746
1980.333333	0.383206
1980.416667	0.155967
1980.500000	0.074655
1980.583333	-0.165424
1980.666667	0.287772
1980.750000	0.065164
1980.833333	0.193318
1980.916667	-0.366007
1981.000000	-0.021084
1981.083333	-0.247964
1981.166667	-0.334837
1981.250000	-0.537152
1981.333333	-0.702280
1981.416667	-0.685166
1981.500000	-0.311464
1981.583333	-0.346902
1981.666667	-0.417108
1981.750000	-0.419402
1981.833333	-0.005008
1981.916667	0.098006
1982.000000	-0.119571
1982.083333	-0.233728
1982.166667	-0.239386
1982.250000	-0.322517
1982.333333	-0.285078
1982.416667	-0.100184
1982.500000	0.121236
1982.583333	0.185681
1982.666667	0.286323
1982.750000	0.092248
1982.833333	0.120952
1982.916667	0.266444
1983.000000	0.253573
1983.083333	0.420590
1983.166667	0.432952
1983.250000	0.396086
1983.333333	0.575043
1983.416667	0.549921
1983.500000	0.555227
1983.583333	0.554417
1983.666667	0.315231
1983.750000	0.336082
1983.833333	0.535914
1983.916667	0.546051
1984.000000	0.727762
1984.083333	1.028529
1984.166667	0.768859
1984.250000	0.165371
1984.333333	0.598707
1984.416667	0.707787
1984.500000	0.701440
1984.583333	0.657113
1984.666667	0.329029
1984.750000	0.325379
1984.833333	0.169250
1984.916667	0.331941
1985.000000	0.193305
1985.083333	0.145137
1985.166667	0.357302
1985.250000	0.314536
1985.333333	0.434100
1985.416667	0.499308
1985.500000	0.249664
1985.583333	0.274908
1985.666667	0.026761
1985.750000	0.440452
1985.833333	0.117077
1985.916667	0.035224
1986.000000	0.357650
1986.083333	0.582134
1986.166667	0.661508
1986.250000	0.499854
1986.333333	0.733900
1986.416667	0.400917
1986.500000	0.403611
1986.583333	0.378432
1986.666667	0.245428
1986.750000	0.161285
1986.833333	0.021527
1986.916667	0.307974
1987.000000	0.505697
1987.083333	0.529552
1987.166667	0.584368
1987.250000	0.926962
1987.333333	1.170497
1987.416667	0.868739
1987.500000	0.892207
1987.583333	0.840117
1987.666667	0.786596
1987.750000	1.008926
1987.833333	0.798448
1987.916667	0.749067
1988.000000	0.798105
1988.083333	1.059167
1988.166667	0.638214
1988.250000	0.753263
1988.333333	0.683363
1988.416667	0.632838
1988.500000	0.410670
1988.583333	0.242710
1988.666667	0.215780
1988.750000	0.431094
1988.833333	0.473375
1988.916667	0.263338
1989.000000	0.483707
1989.083333	0.528493
1989.166667	0.420782
1989.250000	0.436023
1989.333333	0.383406
1989.416667	0.339089
1989.500000	0.330832
1989.583333	0.304667
1989.666667	0.243528
1989.750000	0.344885
1989.833333	0.198124
1989.916667	-0.005435
1990.000000	0.036388
1990.083333	0.139771
1990.166667	0.351683
1990.250000	0.637144
1990.333333	0.765195
1990.416667	0.691494
1990.500000	0.589417
1990.583333	0.415801
1990.666667	0.310664
1990.750000	0.459302
1990.833333	0.584867
1990.916667	0.398218
1991.000000	-0.084011
1991.083333	0.032765
1991.166667	0.075697
1991.250000	0.153355
1991.333333	0.210456
1991.416667	0.084019
1991.500000	0.056875
1991.583333	-0.004940
1991.666667	0.259948
1991.750000	0.018071
1991.833333	-0.158977
1991.916667	0.278926
1992.000000	0.150344
1992.083333	-0.054330
1992.166667	-0.306567
1992.250000	-0.069549
1992.333333	0.496914
1992.416667	0.241368
1992.500000	0.150313
1992.583333	0.296434
1992.666667	0.099858
1992.750000	-0.049527
1992.833333	-0.043827
1992.916667	-0.188331
1993.000000	-0.001578
1993.083333	0.348982
1993.166667	0.351770
1993.250000	0.420817
1993.333333	0.482385
1993.416667	0.118353
1993.500000	0.198629
1993.583333	0.245907
1993.666667	0.505144
1993.750000	0.586174
1993.833333	0.385579
1993.916667	0.547172
1994.000000	0.271081
1994.083333	0.364931
1994.166667	0.133139
1994.250000	-0.059619
1994.333333	0.169179
1994.416667	0.264723
1994.500000	0.217413
1994.583333	0.309520
1994.666667	0.067169
1994.750000	0.016297
1994.833333	-0.091980
1994.916667	-0.037380
1995.000000	0.133319
1995.083333	0.189557
1995.166667	0.569020
1995.250000	0.390007
1995.333333	0.524953
1995.416667	0.354753
1995.500000	0.259906
1995.583333	0.407669
1995.666667	0.274281
1995.750000	0.364295
1995.833333	0.158982
1995.916667	0.172151
1996.000000	0.394421
1996.083333	0.867700
1996.166667	0.585749
1996.250000	0.481725
1996.333333	0.390934
1996.416667	0.091128
1996.500000	0.047588
1996.583333	0.204765
1996.666667	-0.120224
1996.750000	0.025813
1996.833333	0.014498
1996.916667	0.104219
1997.000000	0.082134
1997.083333	-0.155600
1997.166667	-0.249103
1997.250000	-0.461513
1997.333333	-0.102978
1997.416667	-0.149906
1997.500000	0.132129
1997.583333	0.134091
1997.666667	0.313163
1997.750000	0.441999
1997.833333	0.518650
1997.916667	0.690519
1998.000000	0.901866
1998.083333	0.830873
1998.166667	0.857254
1998.250000	0.641486
1998.333333	0.655192
1998.416667	0.471775
1998.500000	0.599852
1998.583333	0.434155
1998.666667	0.317841
1998.750000	0.439455
1998.833333	0.307379
1998.916667	0.602787
1999.000000	0.645711
1999.083333	0.536767
1999.166667	0.370757
1999.250000	0.327211
1999.333333	0.283763
1999.416667	0.167793
1999.500000	0.159620
1999.583333	0.093803
1999.666667	0.213404
1999.750000	-0.016774
1999.833333	-0.176435
1999.916667	0.011620
2000.000000	-0.048148
2000.083333	0.153648
2000.166667	0.144003
2000.250000	0.236280
2000.333333	0.337762
2000.416667	0.165004
2000.500000	0.151767
2000.583333	0.106732
2000.666667	0.201459
2000.750000	0.441231
2000.833333	0.192554
2000.916667	0.403405
2001.000000	0.756497
2001.083333	0.628616
2001.166667	0.442058
2001.250000	0.595474
2001.333333	0.623459
2001.416667	0.385174
2001.500000	0.384323
2001.583333	0.334075
2001.666667	0.215697
2001.750000	-0.059304
2001.833333	0.243229
2001.916667	0.235685
2002.000000	0.182393
2002.083333	0.025835
2002.166667	0.285391
2002.250000	0.363536
2002.333333	0.783366
2002.416667	0.660949
2002.500000	0.564607
2002.583333	0.488528
2002.666667	0.233383
2002.750000	0.407260
2002.833333	0.355746
2002.916667	0.477892
2003.000000	0.812318
2003.083333	0.877157
2003.166667	0.981141
2003.250000	0.905276
2003.333333	0.942508
2003.416667	0.792155
2003.500000	0.622611
2003.583333	0.751710
2003.666667	0.439227
2003.750000	0.444117
2003.833333	0.396952
2003.916667	0.571153
2004.000000	0.247543
2004.083333	-0.063092
2004.166667	-0.166148
2004.250000	0.087518
2004.333333	0.470238
2004.416667	0.356120
2004.500000	0.369988
2004.583333	0.468764
2004.666667	0.207448
2004.750000	0.232055
2004.833333	0.050232
2004.916667	-0.095640
2005.000000	0.258536
2005.083333	-0.045371
2005.166667	0.334487
2005.250000	0.602704
2005.333333	0.675728
2005.416667	0.430588
2005.500000	0.415458
2005.583333	0.427672
2005.666667	0.283756
2005.750000	0.454552
2005.833333	0.488158
2005.916667	0.519532
2006.000000	0.586803
2006.083333	0.612181
2006.166667	0.573387
2006.250000	0.511289
2006.333333	0.532742
2006.416667	0.237609
2006.500000	0.128794
2006.583333	0.431249
2006.666667	0.260151
2006.750000	0.374292
2006.833333	0.100066
2006.916667	0.241128
2007.000000	0.333958
2007.083333	0.332932
2007.166667	0.521083
2007.250000	0.691241
2007.333333	0.412774
2007.416667	0.129997
2007.500000	0.293935
2007.583333	0.278793
2007.666667	0.097447
2007.750000	0.100762
2007.833333	0.207702
2007.916667	0.319176
2008.000000	0.342201
2008.083333	0.127307
2008.166667	0.176413
2008.250000	0.411354
2008.333333	0.522805
2008.416667	0.259221
2008.500000	0.156137
2008.583333	0.203719
2008.666667	0.276356
2008.750000	0.201553
2008.833333	0.004214
2008.916667	-0.065440
2009.000000	0.143756
2009.083333	0.128944
2009.166667	0.200360
2009.250000	0.304989
2009.333333	0.361531
2009.416667	0.242209
2009.500000	0.252606
2009.583333	0.556130
2009.666667	0.691251
2009.750000	0.690772
2009.833333	0.739285
2009.916667	0.873565
2010.000000	1.244231
2010.083333	1.228219
2010.166667	1.046728
2010.250000	0.961293
2010.333333	1.030455
2010.416667	0.672408
2010.500000	0.603044
2010.583333	0.296394
2010.666667	-0.051292
2010.750000	0.065710
2010.833333	0.151969
2010.916667	0.223810
2011.000000	0.169710
2011.083333	0.347258
2011.166667	0.155261
2011.250000	0.379846
2011.333333	0.477438
2011.416667	0.252464
2011.500000	0.138551
2011.583333	0.143246
2011.666667	-0.046215
2011.750000	-0.122429
2011.833333	-0.494397
2011.916667	-0.461155
2012.000000	-0.388163
2012.083333	-0.381261
2012.166667	-0.044437
2012.250000	0.172315
2012.333333	0.213771
2012.416667	0.124074
2012.500000	0.309801
2012.583333	0.247786
2012.666667	0.130540
2012.750000	0.069752
2012.833333	0.002122
2012.916667	0.171802
2013.000000	0.190904
2013.083333	0.096723
2013.166667	0.283553
2013.250000	0.320789
2013.333333	0.389783
2013.416667	0.329975
2013.500000	0.388577
2013.583333	0.517467
2013.666667	0.423541
2013.750000	0.269792
2013.833333	-0.027250
2013.916667	0.126898
2014.000000	0.622387
2014.083333	0.772982
2014.166667	0.719164
2014.250000	0.667990
2014.333333	0.562574
2014.416667	0.461637
2014.500000	0.438505
2014.583333	0.242081
2014.666667	0.046777
2014.750000	0.206521
2014.833333	0.254142
2014.916667	0.343977
2015.000000	0.952796
2015.083333	0.943799
2015.166667	0.671476
2015.250000	0.538690
2015.333333	0.529744
2015.416667	0.489966
2015.500000	0.368397
2015.583333	0.276783
2015.666667	0.249171
2015.750000	0.469162
2015.833333	0.266225
2015.916667	0.609989
2016.000000	0.570570
2016.083333	0.603662
2016.166667	0.604318
2016.250000	0.751487
2016.333333	0.871036
2016.416667	0.783547
2016.500000	0.663916
2016.583333	0.621774
2016.666667	0.386303
2016.750000	0.422024
2016.833333	0.231755
2016.916667	0.357702
2017.000000	0.868811
2017.083333	0.632629
2017.166667	0.515081
2017.250000	0.417987
2017.333333	0.270980
2017.416667	0.260137
2017.500000	0.137865
2017.583333	0.200295
2017.666667	-0.101153
2017.750000	0.023859
2017.833333	-0.021198
2017.916667	-0.075890
2018.000000	0.238905
2018.083333	-0.046777
2018.166667	0.061649
2018.250000	0.253358
2018.333333	0.101990
2018.416667	0.190688
2018.500000	0.272083
2018.583333	0.193689
2018.666667	0.366243
2018.750000	0.238641
2018.833333	-0.021503
2018.916667	0.335073
2019.000000	0.979175
2019.083333	0.972634
2019.166667	1.013805
2019.250000	1.077303
2019.333333	0.894775
2019.416667	0.681442
2019.500000	0.355542
2019.583333	0.120759
2019.666667	0.201999
2019.750000	0.207641
2019.833333	0.126357
2019.916667	0.048844
2020.000000	0.571672
2020.083333	0.176540
2020.166667	0.392537
2020.250000	0.376701
2020.333333	0.581444
2020.416667	0.417059
2020.500000	0.098994
2020.583333	0.399748
2020.666667	0.392670
2020.750000	0.359679
2020.833333	0.271810
2020.916667	0.328364
2021.000000	0.387233
2021.083333	0.011469
2021.166667	0.169894
2021.250000	0.194784
2021.333333	0.480126
2021.416667	0.338088
2021.500000	0.282611
2021.583333	0.218135
2021.666667	0.221974
2021.750000	0.054441
2021.833333	0.564065
2021.916667	0.113550
2022.000000	0.367250
2022.083333	0.472788
2022.166667	0.479297
2022.250000	0.371438
2022.333333	0.626030
2022.416667	0.141637
2022.500000	0.212491
2022.583333	0.299681
2022.666667	0.081792
2022.750000	0.018471
2022.833333	0.112961
2022.916667	0.049765
2023.000000	0.262160
