1950.000000	0.167343
1950.083333	0.102954
1950.166667	0.202911
1950.250000	-0.116042
1950.333333	0.155120
1950.416667	0.198183
1950.500000	0.322356
1950.583333	0.271456
1950.666667	-0.016653
1950.750000	-0.248481
1950.833333	0.097108
1950.916667	-0.345427
1951.000000	-0.237727
1951.083333	-0.361669
1951.166667	-0.417959
1951.250000	-0.482329
1951.333333	-0.318456
1951.416667	0.029211
1951.500000	0.166065
1951.583333	0.007493
1951.666667	-0.070071
1951.750000	0.204152
1951.833333	0.150379
1951.916667	0.146690
1952.000000	-0.008796
1952.083333	-0.207285
1952.166667	0.003990
1952.250000	0.067673
1952.333333	-0.025933
1952.416667	-0.183445
1952.500000	0.108344
1952.583333	0.085614
1952.666667	-0.077418
1952.750000	-0.291467
1952.833333	-0.110859
1952.916667	-0.045341
1953.000000	0.011624
1953.083333	0.083089
1953.166667	0.182648
1953.250000	0.023551
1953.333333	0.367621
1953.416667	0.564491
1953.500000	0.505208
1953.583333	0.567262
1953.666667	0.585254
1953.750000	0.391220
1953.833333	0.387813
1953.916667	0.543944
1954.000000	0.523408
1954.083333	0.364556
1954.166667	0.248006
1954.250000	0.214630
1954.333333	0.292918
1954.416667	0.266674
1954.500000	-0.243531
1954.583333	-0.261233
1954.666667	-0.151683
1954.750000	-0.172898
1954.833333	0.117132
1954.916667	0.064689
1955.000000	0.030251
1955.083333	-0.166204
1955.166667	-0.200004
1955.250000	0.098754
1955.333333	0.021303
1955.416667	0.071307
1955.500000	0.515548
1955.583333	0.623242
1955.666667	0.463933
1955.750000	0.259036
1955.833333	0.549340
1955.916667	0.855126
1956.000000	0.401098
1956.083333	0.171083
1956.166667	0.258894
1956.250000	0.521432
1956.333333	0.240109
1956.416667	-0.133252
1956.500000	-0.004681
1956.583333	-0.321740
1956.666667	-0.210613
1956.750000	0.009733
1956.833333	0.122225
1956.916667	0.173660
1957.000000	0.343152
1957.083333	0.361690
1957.166667	0.370310
1957.250000	0.552374
1957.333333	0.388625
1957.416667	0.571168
1957.500000	0.420550
1957.583333	0.316581
1957.666667	0.226246
1957.750000	0.207136
1957.833333	0.163451
1957.916667	0.232623
1958.000000	-0.012432
1958.083333	-0.117021
1958.166667	-0.115319
1958.250000	-0.107799
1958.333333	-0.383008
1958.416667	-0.275119
1958.500000	0.287496
1958.583333	0.296704
1958.666667	0.812992
1958.750000	0.478032
1958.833333	0.701160
1958.916667	0.762617
1959.000000	0.333450
1959.083333	0.476623
1959.166667	0.540572
1959.250000	0.705172
1959.333333	0.732434
1959.416667	0.524954
1959.500000	0.809392
1959.583333	0.632681
1959.666667	1.001235
1959.750000	1.314436
1959.833333	0.867777
1959.916667	0.727829
1960.000000	0.482294
1960.083333	0.440211
1960.166667	0.518998
1960.250000	0.527039
1960.333333	0.936740
1960.416667	1.013014
1960.500000	0.564095
1960.583333	0.648949
1960.666667	0.604165
1960.750000	0.409186
1960.833333	0.435595
1960.916667	0.476097
1961.000000	0.253086
1961.083333	0.380841
1961.166667	0.411853
1961.250000	0.544471
1961.333333	0.535801
1961.416667	0.090714
1961.500000	0.005359
1961.583333	-0.008032
1961.666667	0.289970
1961.750000	0.328095
1961.833333	-0.005808
1961.916667	0.149618
1962.000000	0.196978
1962.083333	0.049360
1962.166667	-0.168970
1962.250000	-0.008631
1962.333333	-0.232306
1962.416667	-0.270922
1962.500000	-0.399867
1962.583333	-0.462327
1962.666667	-0.376835
1962.750000	-0.015543
1962.833333	-0.162494
1962.916667	-0.141615
1963.000000	-0.484584
1963.083333	-0.388520
1963.166667	-0.312057
1963.250000	-0.241599
1963.333333	-0.443157
1963.416667	-0.062024
1963.500000	-0.344703
1963.583333	-0.694275
1963.666667	-0.881123
1963.750000	-0.437319
1963.833333	-0.203181
1963.916667	-0.101871
1964.000000	0.242926
1964.083333	0.309656
1964.166667	0.257987
1964.250000	0.176991
1964.333333	0.404769
1964.416667	0.031340
1964.500000	-0.090504
1964.583333	-0.225940
1964.666667	-0.097673
1964.750000	-0.294185
1964.833333	-0.065388
1964.916667	-0.053120
1965.000000	-0.014851
1965.083333	0.056375
1965.166667	0.041139
1965.250000	0.033876
1965.333333	-0.061373
1965.416667	-0.064810
1965.500000	-0.239979
1965.583333	-0.331464
1965.666667	-0.430734
1965.750000	-0.097428
1965.833333	-0.171411
1965.916667	-0.211938
1966.000000	-0.064328
1966.083333	-0.017287
1966.166667	0.120083
1966.250000	0.040627
1966.333333	-0.027356
1966.416667	0.268803
1966.500000	0.172808
1966.583333	0.107245
1966.666667	0.186578
1966.750000	0.170081
1966.833333	-0.139952
1966.916667	-0.293139
1967.000000	-0.152461
1967.083333	0.281083
1967.166667	0.124325
1967.250000	0.015348
1967.333333	-0.281078
1967.416667	-0.176834
1967.500000	-0.224232
1967.583333	-0.261338
1967.666667	-0.113668
1967.750000	-0.175332
1967.833333	-0.453915
1967.916667	-0.188471
1968.000000	-0.066382
1968.083333	0.031453
1968.166667	-0.122145
1968.250000	-0.265667
1968.333333	-0.340802
1968.416667	-0.131401
1968.500000	-0.123237
1968.583333	0.303369
1968.666667	0.292089
1968.750000	0.126914
1968.833333	0.253993
1968.916667	0.414359
1969.000000	0.267919
1969.083333	0.176343
1969.166667	-0.036285
1969.250000	-0.127900
1969.333333	-0.286849
1969.416667	-0.063321
1969.500000	0.045226
1969.583333	0.236593
1969.666667	0.017271
1969.750000	0.143849
1969.833333	0.001545
1969.916667	-0.275972
1970.000000	-0.132936
1970.083333	-0.114308
1970.166667	-0.333385
1970.250000	-0.428089
1970.333333	-0.276414
1970.416667	-0.004157
1970.500000	-0.391223
1970.583333	-0.242028
1970.666667	-0.241498
1970.750000	-0.215747
1970.833333	-0.471505
1970.916667	-0.322877
1971.000000	-0.139603
1971.083333	0.009418
1971.166667	0.011876
1971.250000	-0.033696
1971.333333	0.020203
1971.416667	-0.204404
1971.500000	-0.101818
1971.583333	-0.099680
1971.666667	0.087439
1971.750000	0.379011
1971.833333	-0.029862
1971.916667	0.100205
1972.000000	0.032074
1972.083333	0.032730
1972.166667	0.101874
1972.250000	0.168380
1972.333333	-0.122057
1972.416667	-0.700949
1972.500000	-0.547102
1972.583333	-0.332780
1972.666667	-0.283594
1972.750000	-0.168069
1972.833333	-0.144235
1972.916667	-0.016368
1973.000000	-0.069389
1973.083333	-0.070077
1973.166667	0.057801
1973.250000	-0.202707
1973.333333	-0.366663
1973.416667	-0.300241
1973.500000	0.030240
1973.583333	-0.054815
1973.666667	0.096991
1973.750000	-0.059040
1973.833333	-0.042687
1973.916667	-0.364893
1974.000000	-0.208703
1974.083333	-0.038380
1974.166667	-0.113834
1974.250000	0.084126
1974.333333	0.094947
1974.416667	0.179489
1974.500000	0.156892
1974.583333	0.114672
1974.666667	-0.629701
1974.750000	-0.794835
1974.833333	-0.610553
1974.916667	-0.406690
1975.000000	-0.171418
1975.083333	-0.050145
1975.166667	-0.075753
1975.250000	-0.155287
1975.333333	-0.275914
1975.416667	-0.323212
1975.500000	-0.163999
1975.583333	0.147907
1975.666667	-0.165591
1975.750000	-0.323930
1975.833333	-0.193376
1975.916667	-0.236779
1976.000000	-0.231815
1976.083333	-0.157873
1976.166667	-0.043862
1976.250000	-0.123639
1976.333333	-0.219330
1976.416667	0.086579
1976.500000	0.276246
1976.583333	0.479110
1976.666667	0.151586
1976.750000	-0.207656
1976.833333	-0.115080
1976.916667	-0.310616
1977.000000	-0.206850
1977.083333	-0.253473
1977.166667	-0.042199
1977.250000	-0.392513
1977.333333	-0.253912
1977.416667	-0.371097
1977.500000	-0.288655
1977.583333	-0.241927
1977.666667	-0.501026
1977.750000	-0.192336
1977.833333	-0.089214
1977.916667	-0.043748
1978.000000	-0.165174
1978.083333	-0.335199
1978.166667	-0.339094
1978.250000	-0.376865
1978.333333	-0.369274
1978.416667	-0.576452
1978.500000	-0.751865
1978.583333	-0.158607
1978.666667	0.038783
1978.750000	-0.250569
1978.833333	-0.023142
1978.916667	-0.037090
1979.000000	-0.464991
1979.083333	-0.526841
1979.166667	-0.499730
1979.250000	-0.633046
1979.333333	-0.774202
1979.416667	-0.659240
1979.500000	-0.593053
1979.583333	-0.477383
1979.666667	-0.583496
1979.750000	-0.223477
1979.833333	-0.270323
1979.916667	-0.192280
1980.000000	-0.284833
1980.083333	-0.175666
1980.166667	-0.103501
1980.250000	-0.118043
1980.333333	0.179136
1980.416667	-0.167396
1980.500000	-0.193715
1980.583333	0.039639
1980.666667	0.187348
1980.750000	-0.144137
1980.833333	-0.240821
1980.916667	-0.368598
1981.000000	-0.348448
1981.083333	-0.237162
1981.166667	-0.166679
1981.250000	-0.097052
1981.333333	-0.316254
1981.416667	-0.278295
1981.500000	-0.191902
1981.583333	0.108089
1981.666667	-0.004266
1981.750000	-0.733291
1981.833333	-0.247932
1981.916667	-0.225727
1982.000000	-0.237829
1982.083333	0.276578
1982.166667	0.132642
1982.250000	0.114386
1982.333333	-0.124701
1982.416667	0.162839
1982.500000	0.421192
1982.583333	0.204618
1982.666667	-0.271272
1982.750000	-0.185073
1982.833333	0.032997
1982.916667	-0.069498
1983.000000	-0.221515
1983.083333	-0.141599
1983.166667	-0.025217
1983.250000	-0.332803
1983.333333	-0.472055
1983.416667	-0.346609
1983.500000	-0.001815
1983.583333	0.068329
1983.666667	-0.300748
1983.750000	-0.447764
1983.833333	-0.142116
1983.916667	0.199321
1984.000000	-0.060442
1984.083333	0.013956
1984.166667	0.016518
1984.250000	0.022089
1984.333333	0.054639
1984.416667	-0.065860
1984.500000	0.214299
1984.583333	0.458229
1984.666667	0.177048
1984.750000	-0.110899
1984.833333	0.175440
1984.916667	0.280372
1985.000000	-0.033937
1985.083333	0.107400
1985.166667	0.028366
1985.250000	0.020626
1985.333333	0.035784
1985.416667	0.001042
1985.500000	0.195928
1985.583333	-0.149354
1985.666667	-0.262387
1985.750000	0.045081
1985.833333	0.122935
1985.916667	0.086734
1986.000000	0.043032
1986.083333	0.103638
1986.166667	0.020682
1986.250000	-0.241930
1986.333333	-0.358436
1986.416667	-0.473201
1986.500000	-0.027046
1986.583333	-0.275340
1986.666667	-0.495816
1986.750000	-0.369184
1986.833333	-0.166286
1986.916667	0.110185
1987.000000	-0.052078
1987.083333	0.057808
1987.166667	-0.028867
1987.250000	-0.032681
1987.333333	-0.146863
1987.416667	0.003422
1987.500000	0.466916
1987.583333	0.440198
1987.666667	0.312799
1987.750000	-0.181673
1987.833333	0.112860
1987.916667	0.230261
1988.000000	0.262685
1988.083333	0.293411
1988.166667	-0.021763
1988.250000	-0.065677
1988.333333	0.139361
1988.416667	0.196692
1988.500000	0.001315
1988.583333	-0.069843
1988.666667	-0.088599
1988.750000	-0.332022
1988.833333	-0.052502
1988.916667	0.214782
1989.000000	0.399423
1989.083333	0.417424
1989.166667	0.153790
1989.250000	0.022258
1989.333333	0.043830
1989.416667	0.183034
1989.500000	0.231294
1989.583333	0.160235
1989.666667	-0.019534
1989.750000	0.050387
1989.833333	0.149260
1989.916667	0.325884
1990.000000	0.443932
1990.083333	0.632297
1990.166667	0.413299
1990.250000	0.219933
1990.333333	0.392428
1990.416667	0.268290
1990.500000	0.037342
1990.583333	0.424544
1990.666667	0.134181
1990.750000	-0.073085
1990.833333	0.267354
1990.916667	0.239543
1991.000000	-0.023127
1991.083333	0.116456
1991.166667	0.293374
1991.250000	0.062958
1991.333333	0.226440
1991.416667	0.134447
1991.500000	0.386945
1991.583333	0.553732
1991.666667	0.453179
1991.750000	-0.336621
1991.833333	-0.207066
1991.916667	0.092988
1992.000000	0.026002
1992.083333	0.217128
1992.166667	0.295674
1992.250000	0.008793
1992.333333	0.025175
1992.416667	0.362797
1992.500000	0.457206
1992.583333	0.089960
1992.666667	-0.322684
1992.750000	-0.243445
1992.833333	-0.085763
1992.916667	0.070756
1993.000000	-0.027984
1993.083333	0.166235
1993.166667	0.060953
1993.250000	0.049441
1993.333333	0.014860
1993.416667	0.044018
1993.500000	-0.052789
1993.583333	-0.225816
1993.666667	-0.167520
1993.750000	-0.509036
1993.833333	-0.221513
1993.916667	-0.009286
1994.000000	-0.204732
1994.083333	0.074423
1994.166667	-0.142466
1994.250000	-0.219668
1994.333333	-0.126888
1994.416667	-0.328019
1994.500000	-0.055862
1994.583333	-0.110986
1994.666667	-0.461860
1994.750000	-0.406421
1994.833333	0.184837
1994.916667	0.419518
1995.000000	0.103224
1995.083333	0.149258
1995.166667	0.128432
1995.250000	-0.000981
1995.333333	0.069839
1995.416667	0.289028
1995.500000	0.475842
1995.583333	0.771159
1995.666667	0.296060
1995.750000	0.209178
1995.833333	0.324414
1995.916667	0.201012
1996.000000	0.085096
1996.083333	0.040524
1996.166667	-0.107559
1996.250000	-0.054232
1996.333333	-0.275677
1996.416667	-0.160524
1996.500000	-0.233933
1996.583333	-0.041426
1996.666667	0.252642
1996.750000	0.096099
1996.833333	0.042120
1996.916667	-0.216485
1997.000000	-0.246883
1997.083333	0.185949
1997.166667	0.469071
1997.250000	0.397756
1997.333333	0.117678
1997.416667	0.258301
1997.500000	0.451297
1997.583333	0.798889
1997.666667	0.318507
1997.750000	0.312867
1997.833333	0.448336
1997.916667	0.528630
1998.000000	0.516126
1998.083333	0.464402
1998.166667	0.359650
1998.250000	0.013316
1998.333333	0.038854
1998.416667	0.053608
1998.500000	0.083811
1998.583333	0.045000
1998.666667	0.115345
1998.750000	-0.019999
1998.833333	0.021108
1998.916667	0.285298
1999.000000	0.259593
1999.083333	0.236313
1999.166667	0.098651
1999.250000	0.054727
1999.333333	0.320675
1999.416667	0.053559
1999.500000	0.356806
1999.583333	0.490687
1999.666667	0.356993
1999.750000	-0.045456
1999.833333	0.111355
1999.916667	-0.025815
2000.000000	-0.093479
2000.083333	0.054202
2000.166667	0.211555
2000.250000	-0.020689
2000.333333	0.334322
2000.416667	0.045177
2000.500000	0.156093
2000.583333	0.264686
2000.666667	0.189262
2000.750000	0.023065
2000.833333	-0.060327
2000.916667	0.278703
2001.000000	0.298076
2001.083333	0.495972
2001.166667	0.244143
2001.250000	0.166468
2001.333333	0.366111
2001.416667	0.374254
2001.500000	0.474061
2001.583333	0.421630
2001.666667	0.510963
2001.750000	0.464144
2001.833333	0.278780
2001.916667	0.271389
2002.000000	0.234077
2002.083333	0.559218
2002.166667	0.456424
2002.250000	0.504151
2002.333333	0.379998
2002.416667	0.366100
2002.500000	0.215659
2002.583333	0.479198
2002.666667	0.527009
2002.750000	0.436958
2002.833333	0.440857
2002.916667	0.503166
2003.000000	0.466782
2003.083333	0.510539
2003.166667	0.781912
2003.250000	0.700812
2003.333333	0.427716
2003.416667	0.584973
2003.500000	0.648379
2003.583333	1.048431
2003.666667	0.841862
2003.750000	0.256956
2003.833333	0.418249
2003.916667	0.531305
2004.000000	0.342465
2004.083333	0.458353
2004.166667	0.351700
2004.250000	0.301722
2004.333333	0.181246
2004.416667	0.622637
2004.500000	0.426080
2004.583333	0.760300
2004.666667	0.526490
2004.750000	0.143904
2004.833333	0.376160
2004.916667	0.485652
2005.000000	0.343713
2005.083333	0.311328
2005.166667	0.162937
2005.250000	0.369204
2005.333333	0.212237
2005.416667	0.464104
2005.500000	0.721771
2005.583333	0.655326
2005.666667	0.394346
2005.750000	0.356230
2005.833333	0.649870
2005.916667	0.534399
2006.000000	0.253823
2006.083333	0.450212
2006.166667	0.287136
2006.250000	0.198542
2006.333333	0.109800
2006.416667	0.215206
2006.500000	0.706871
2006.583333	0.727289
2006.666667	0.642490
2006.750000	0.566675
2006.833333	0.602549
2006.916667	0.744357
2007.000000	0.712255
2007.083333	0.750614
2007.166667	0.700520
2007.250000	0.788986
2007.333333	0.643629
2007.416667	0.600648
2007.500000	0.573006
2007.583333	0.361113
2007.666667	0.210014
2007.750000	0.233752
2007.833333	0.479179
2007.916667	0.664799
2008.000000	0.567369
2008.083333	0.580717
2008.166667	0.425626
2008.250000	0.300885
2008.333333	0.785787
2008.416667	0.643224
2008.500000	0.329046
2008.583333	0.381533
2008.666667	0.224117
2008.750000	-0.113817
2008.833333	-0.211661
2008.916667	-0.196409
2009.000000	-0.114999
2009.083333	0.089191
2009.166667	0.109563
2009.250000	0.122046
2009.333333	0.143098
2009.416667	0.329140
2009.500000	0.602477
2009.583333	0.521833
2009.666667	0.555897
2009.750000	0.408359
2009.833333	0.590065
2009.916667	0.467578
2010.000000	0.102425
2010.083333	0.204047
2010.166667	0.112123
2010.250000	0.154304
2010.333333	0.287993
2010.416667	0.613377
2010.500000	0.626758
2010.583333	0.535718
2010.666667	0.365221
2010.750000	0.173822
2010.833333	-0.016990
2010.916667	-0.334359
2011.000000	-0.348095
2011.083333	0.065476
2011.166667	-0.018711
2011.250000	0.411446
2011.333333	0.399759
2011.416667	-0.020249
2011.500000	-0.016941
2011.583333	-0.020487
2011.666667	0.074450
2011.750000	0.084015
2011.833333	0.311380
2011.916667	0.184181
2012.000000	0.041498
2012.083333	0.182768
2012.166667	0.322375
2012.250000	0.268445
2012.333333	0.077122
2012.416667	0.274488
2012.500000	0.185274
2012.583333	0.466348
2012.666667	0.239592
2012.750000	0.046639
2012.833333	0.007211
2012.916667	0.236814
2013.000000	0.178353
2013.083333	0.185999
2013.166667	0.020980
2013.250000	-0.068103
2013.333333	-0.250700
2013.416667	-0.057157
2013.500000	0.175955
2013.583333	0.331688
2013.666667	0.135251
2013.750000	0.585770
2013.833333	0.231559
2013.916667	0.265638
2014.000000	0.240970
2014.083333	0.440213
2014.166667	0.420650
2014.250000	0.393594
2014.333333	0.513711
2014.416667	0.670927
2014.500000	0.849985
2014.583333	0.611789
2014.666667	0.580093
2014.750000	0.523874
2014.833333	0.555598
2014.916667	0.321647
2015.000000	0.242813
2015.083333	0.339342
2015.166667	0.165032
2015.250000	0.219153
2015.333333	-0.020284
2015.416667	-0.238013
2015.500000	0.038652
2015.583333	0.017434
2015.666667	-0.009982
2015.750000	0.063334
2015.833333	0.390277
2015.916667	0.531613
2016.000000	0.475798
2016.083333	0.437465
2016.166667	0.265848
2016.250000	0.382401
2016.333333	0.494132
2016.416667	0.763587
2016.500000	0.691153
2016.583333	0.727079
2016.666667	0.895990
2016.750000	0.647418
2016.833333	0.454401
2016.916667	0.615081
2017.000000	0.492890
2017.083333	0.550996
2017.166667	0.599229
2017.250000	0.581652
2017.333333	0.630277
2017.416667	0.782388
2017.500000	0.535022
2017.583333	0.541236
2017.666667	0.445945
2017.750000	0.483006
2017.833333	0.498573
2017.916667	0.359550
2018.000000	0.280275
2018.083333	0.208155
2018.166667	0.015409
2018.250000	0.049633
2018.333333	0.119176
2018.416667	0.407993
2018.500000	0.633461
2018.583333	0.499336
2018.666667	0.100242
2018.750000	-0.058286
2018.833333	0.043264
2018.916667	0.448319
2019.000000	0.496996
2019.083333	0.486522
2019.166667	0.535486
2019.250000	0.495595
2019.333333	0.593011
2019.416667	0.576552
2019.500000	0.858416
2019.583333	0.725998
2019.666667	0.396904
2019.750000	0.310904
2019.833333	0.252935
2019.916667	0.290198
2020.000000	0.283860
2020.083333	0.549801
2020.166667	0.270799
2020.250000	0.285802
2020.333333	0.409298
2020.416667	0.446573
2020.500000	0.219017
2020.583333	0.486874
2020.666667	0.334269
2020.750000	-0.003495
2020.833333	0.175723
2020.916667	0.243555
2021.000000	-0.199554
2021.083333	0.047767
2021.166667	0.114631
2021.250000	-0.090226
2021.333333	-0.096589
2021.416667	0.309359
2021.500000	0.530911
2021.583333	0.351288
2021.666667	0.576740
2021.750000	0.402517
2021.833333	0.428253
2021.916667	0.152500
2022.000000	0.263507
2022.083333	0.414401
2022.166667	0.464336
2022.250000	0.487598
2022.333333	0.687487
2022.416667	0.488213
2022.500000	0.145929
2022.583333	0.273583
2022.666667	0.544548
2022.750000	0.229175
2022.833333	0.457422
2022.916667	0.499372
2023.000000	0.428216
