1950.000000	-0.603439
1950.083333	-0.432432
1950.166667	-0.399066
1950.250000	-0.271281
1950.333333	-0.553882
1950.416667	-0.758818
1950.500000	-0.745769
1950.583333	-0.107119
1950.666667	-0.096138
1950.750000	0.236790
1950.833333	-0.311023
1950.916667	0.050843
1951.000000	-0.112407
1951.083333	-0.138112
1951.166667	-0.633005
1951.250000	-0.492130
1951.333333	0.064591
1951.416667	0.026926
1951.500000	0.457390
1951.583333	0.509254
1951.666667	0.270003
1951.750000	0.467677
1951.833333	0.230849
1951.916667	-0.048872
1952.000000	-0.413274
1952.083333	-0.378335
1952.166667	-0.676248
1952.250000	-0.976143
1952.333333	-0.460175
1952.416667	-0.558488
1952.500000	-0.699148
1952.583333	-0.028867
1952.666667	-0.090997
1952.750000	0.772494
1952.833333	0.852461
1952.916667	0.193548
1953.000000	0.051035
1953.083333	0.070748
1953.166667	-0.030250
1953.250000	0.036251
1953.333333	-0.183410
1953.416667	-0.348880
1953.500000	0.056102
1953.583333	0.307378
1953.666667	0.386756
1953.750000	-0.159354
1953.833333	-0.107415
1953.916667	-0.065900
1954.000000	-0.052827
1954.083333	-0.040408
1954.166667	-0.267798
1954.250000	-0.394073
1954.333333	-0.286657
1954.416667	-0.454976
1954.500000	-0.733787
1954.583333	-0.025169
1954.666667	0.375592
1954.750000	0.018117
1954.833333	0.193471
1954.916667	0.111219
1955.000000	-0.007277
1955.083333	0.022693
1955.166667	-0.382429
1955.250000	-0.705786
1955.333333	-0.581571
1955.416667	-1.088383
1955.500000	-0.669158
1955.583333	-1.137941
1955.666667	-0.914220
1955.750000	-0.822261
1955.833333	-0.894980
1955.916667	-0.069616
1956.000000	-0.272548
1956.083333	-0.259571
1956.166667	-0.224064
1956.250000	-0.136177
1956.333333	0.505288
1956.416667	0.044244
1956.500000	0.247051
1956.583333	0.383520
1956.666667	0.226671
1956.750000	-0.303450
1956.833333	-0.568908
1956.916667	-0.633120
1957.000000	-0.791364
1957.083333	-0.817523
1957.166667	-0.337920
1957.250000	0.108016
1957.333333	0.609774
1957.416667	1.379522
1957.500000	0.906585
1957.583333	1.250924
1957.666667	1.211823
1957.750000	1.459271
1957.833333	1.387111
1957.916667	0.758166
1958.000000	0.718404
1958.083333	0.860039
1958.166667	0.933744
1958.250000	1.065313
1958.333333	1.680832
1958.416667	2.634271
1958.500000	2.174790
1958.583333	1.219793
1958.666667	0.413183
1958.750000	0.326504
1958.833333	0.200912
1958.916667	0.498621
1959.000000	0.559905
1959.083333	0.429834
1959.166667	-0.044687
1959.250000	0.445465
1959.333333	0.684108
1959.416667	0.932377
1959.500000	0.322331
1959.583333	-0.609660
1959.666667	-0.725736
1959.750000	-0.124426
1959.833333	0.556130
1959.916667	0.463751
1960.000000	0.079581
1960.083333	0.178716
1960.166667	0.124070
1960.250000	0.150717
1960.333333	-0.104347
1960.416667	0.027507
1960.500000	-0.228642
1960.583333	-0.404481
1960.666667	-0.311082
1960.750000	0.163839
1960.833333	0.135097
1960.916667	0.148385
1961.000000	0.493054
1961.083333	0.754326
1961.166667	0.820273
1961.250000	0.825783
1961.333333	0.931553
1961.416667	0.832190
1961.500000	0.715207
1961.583333	0.971587
1961.666667	0.351804
1961.750000	-0.109042
1961.833333	-0.057540
1961.916667	0.192880
1962.000000	0.437727
1962.083333	0.134989
1962.166667	0.034979
1962.250000	0.627768
1962.333333	0.115308
1962.416667	0.196332
1962.500000	0.347203
1962.583333	0.603641
1962.666667	0.844644
1962.750000	0.523080
1962.833333	0.816028
1962.916667	0.954117
1963.000000	1.243060
1963.083333	1.356522
1963.166667	1.209577
1963.250000	1.057398
1963.333333	1.407517
1963.416667	1.121592
1963.500000	1.005341
1963.583333	1.091522
1963.666667	1.804308
1963.750000	1.174604
1963.833333	0.376694
1963.916667	0.841286
1964.000000	0.866133
1964.083333	0.899715
1964.166667	0.399451
1964.250000	0.021277
1964.333333	-0.343696
1964.416667	0.128309
1964.500000	-0.139011
1964.583333	-0.345483
1964.666667	-0.259256
1964.750000	0.169857
1964.833333	-0.133816
1964.916667	-0.271741
1965.000000	-0.321255
1965.083333	-0.325897
1965.166667	0.128467
1965.250000	-0.085253
1965.333333	-0.296312
1965.416667	-0.600391
1965.500000	-0.710379
1965.583333	-0.231505
1965.666667	0.269108
1965.750000	0.021730
1965.833333	0.592182
1965.916667	0.448486
1966.000000	0.323045
1966.083333	0.209697
1966.166667	0.022308
1966.250000	0.095958
1966.333333	-0.394463
1966.416667	-0.117047
1966.500000	0.336889
1966.583333	0.105706
1966.666667	0.120425
1966.750000	-0.166030
1966.833333	-0.495998
1966.916667	-0.231572
1967.000000	-0.057418
1967.083333	0.047206
1967.166667	0.246665
1967.250000	0.078159
1967.333333	0.487511
1967.416667	0.567033
1967.500000	0.669998
1967.583333	1.167098
1967.666667	1.040796
1967.750000	0.743599
1967.833333	0.806427
1967.916667	-0.051774
1968.000000	0.075795
1968.083333	-0.163010
1968.166667	0.270212
1968.250000	-0.016519
1968.333333	0.401901
1968.416667	0.826930
1968.500000	0.739134
1968.583333	0.768943
1968.666667	0.301933
1968.750000	-0.405674
1968.833333	-0.119381
1968.916667	-0.270197
1969.000000	-0.441726
1969.083333	-0.924672
1969.166667	-0.701675
1969.250000	-0.587710
1969.333333	-0.305406
1969.416667	0.261664
1969.500000	0.178875
1969.583333	-0.559347
1969.666667	-0.695117
1969.750000	-0.116523
1969.833333	0.380204
1969.916667	0.673236
1970.000000	0.424361
1970.083333	0.736410
1970.166667	1.021831
1970.250000	0.749018
1970.333333	0.140596
1970.416667	-0.368088
1970.500000	-0.836926
1970.583333	-0.889019
1970.666667	-0.598173
1970.750000	-0.074733
1970.833333	0.589758
1970.916667	-0.123232
1971.000000	-0.372915
1971.083333	-0.670974
1971.166667	-0.754727
1971.250000	-0.764930
1971.333333	-1.290753
1971.416667	-1.265682
1971.500000	-0.803248
1971.583333	-0.165202
1971.666667	-0.912741
1971.750000	-0.896183
1971.833333	-1.012629
1971.916667	-0.988140
1972.000000	-1.312893
1972.083333	-1.656427
1972.166667	-1.185503
1972.250000	-1.067004
1972.333333	-1.104474
1972.416667	-1.063061
1972.500000	-0.733624
1972.583333	-0.173348
1972.666667	-0.527064
1972.750000	-0.883624
1972.833333	-0.608723
1972.916667	-0.517288
1973.000000	-0.585548
1973.083333	-0.507366
1973.166667	-0.419303
1973.250000	-0.171716
1973.333333	-0.917035
1973.416667	-1.270058
1973.500000	-1.187468
1973.583333	-1.153820
1973.666667	-0.712248
1973.750000	-0.709595
1973.833333	-1.152774
1973.916667	-0.872466
1974.000000	-0.782822
1974.083333	-0.320163
1974.166667	-0.673110
1974.250000	-0.220481
1974.333333	-0.338316
1974.416667	-0.477141
1974.500000	-0.044437
1974.583333	-0.023261
1974.666667	0.495404
1974.750000	0.162538
1974.833333	-0.070188
1974.916667	0.040024
1975.000000	0.176292
1975.083333	-0.565322
1975.166667	-0.527070
1975.250000	-0.495240
1975.333333	-0.725096
1975.416667	-1.043585
1975.500000	-0.707584
1975.583333	-1.140711
1975.666667	-1.115068
1975.750000	-0.715047
1975.833333	-1.085222
1975.916667	-1.115316
1976.000000	-0.756516
1976.083333	-0.536469
1976.166667	-0.893860
1976.250000	-1.155416
1976.333333	-1.304720
1976.416667	-1.167041
1976.500000	-0.944594
1976.583333	-1.150957
1976.666667	-1.289944
1976.750000	-0.531360
1976.833333	0.027422
1976.916667	0.385481
1977.000000	0.533647
1977.083333	0.878248
1977.166667	0.505999
1977.250000	-0.019338
1977.333333	0.016354
1977.416667	0.088582
1977.500000	-0.250866
1977.583333	-0.275962
1977.666667	-0.042485
1977.750000	-0.364549
1977.833333	-1.033357
1977.916667	-0.443443
1978.000000	0.040002
1978.083333	0.127626
1978.166667	0.259652
1978.250000	0.458001
1978.333333	0.224931
1978.416667	0.444322
1978.500000	-0.243023
1978.583333	-0.097078
1978.666667	-0.091929
1978.750000	-0.187489
1978.833333	-0.432190
1978.916667	-0.358188
1979.000000	-0.383773
1979.083333	-0.265419
1979.166667	-0.081327
1979.250000	-0.136198
1979.333333	0.028811
1979.416667	-0.080407
1979.500000	0.434526
1979.583333	0.677054
1979.666667	0.915056
1979.750000	0.768632
1979.833333	0.438245
1979.916667	0.024192
1980.000000	-0.003302
1980.083333	0.014294
1980.166667	0.319631
1980.250000	0.281812
1980.333333	0.140149
1980.416667	0.293375
1980.500000	0.135435
1980.583333	-0.482797
1980.666667	-0.516185
1980.750000	-0.394367
1980.833333	-0.030866
1980.916667	0.173454
1981.000000	0.877396
1981.083333	0.983770
1981.166667	0.762069
1981.250000	0.603416
1981.333333	0.600713
1981.416667	0.768401
1981.500000	0.549284
1981.583333	0.499118
1981.666667	0.238705
1981.750000	-0.173990
1981.833333	-0.019490
1981.916667	0.159562
1982.000000	0.042824
1982.083333	0.069345
1982.166667	-0.077783
1982.250000	-0.535607
1982.333333	-0.830496
1982.416667	-0.806501
1982.500000	-0.955728
1982.583333	-1.140655
1982.666667	-0.633846
1982.750000	-0.684213
1982.833333	-0.986207
1982.916667	-0.400194
1983.000000	0.113114
1983.083333	0.167241
1983.166667	0.635588
1983.250000	0.766160
1983.333333	0.621122
1983.416667	0.620479
1983.500000	0.339673
1983.583333	0.094641
1983.666667	-0.022561
1983.750000	-0.018587
1983.833333	-0.066082
1983.916667	0.044387
1984.000000	0.260917
1984.083333	0.304681
1984.166667	0.285676
1984.250000	0.008622
1984.333333	-0.055677
1984.416667	-0.275745
1984.500000	-0.385325
1984.583333	-0.378534
1984.666667	-0.523492
1984.750000	-0.343957
1984.833333	-0.591803
1984.916667	-0.487706
1985.000000	-0.088616
1985.083333	-0.203334
1985.166667	-0.305401
1985.250000	-0.498054
1985.333333	-0.498923
1985.416667	-0.622891
1985.500000	-0.499979
1985.583333	-0.748452
1985.666667	-0.550643
1985.750000	-0.634608
1985.833333	-1.245910
1985.916667	-0.859156
1986.000000	-0.103236
1986.083333	0.106024
1986.166667	0.420621
1986.250000	-0.047316
1986.333333	-0.360259
1986.416667	-0.285371
1986.500000	-0.388041
1986.583333	-0.518235
1986.666667	-0.104554
1986.750000	0.135764
1986.833333	0.371972
1986.916667	0.341223
1987.000000	0.848802
1987.083333	0.828408
1987.166667	0.664326
1987.250000	0.104054
1987.333333	-0.015522
1987.416667	-0.689746
1987.500000	-0.757192
1987.583333	-0.471367
1987.666667	-0.380625
1987.750000	-0.399114
1987.833333	0.023715
1987.916667	0.044873
1988.000000	0.046035
1988.083333	0.031812
1988.166667	0.117227
1988.250000	-0.010612
1988.333333	-0.329029
1988.416667	-0.455920
1988.500000	-0.442892
1988.583333	-1.084845
1988.666667	-1.175078
1988.750000	-0.482908
1988.833333	-0.645457
1988.916667	-0.687912
1989.000000	-0.748527
1989.083333	-0.925255
1989.166667	-0.777136
1989.250000	-0.012825
1989.333333	0.116238
1989.416667	0.038464
1989.500000	0.510925
1989.583333	0.465565
1989.666667	0.372738
1989.750000	0.200548
1989.833333	-0.423641
1989.916667	0.032549
1990.000000	0.124042
1990.083333	-0.450489
1990.166667	-0.425682
1990.250000	0.103195
1990.333333	0.473203
1990.416667	0.853786
1990.500000	0.743024
1990.583333	0.323661
1990.666667	0.650555
1990.750000	-0.368941
1990.833333	-0.737008
1990.916667	-0.748035
1991.000000	-0.498460
1991.083333	-0.176149
1991.166667	-0.474620
1991.250000	-0.433025
1991.333333	-0.425784
1991.416667	-0.405073
1991.500000	-0.081152
1991.583333	-0.779634
1991.666667	-0.527028
1991.750000	0.012009
1991.833333	0.135080
1991.916667	0.084592
1992.000000	0.149855
1992.083333	0.538015
1992.166667	0.997367
1992.250000	0.804596
1992.333333	0.662462
1992.416667	0.618617
1992.500000	0.772749
1992.583333	-0.089071
1992.666667	-0.442418
1992.750000	-0.392894
1992.833333	-0.087605
1992.916667	-0.058527
1993.000000	-0.149688
1993.083333	-0.086744
1993.166667	0.051265
1993.250000	0.120102
1993.333333	0.227112
1993.416667	0.816659
1993.500000	0.403898
1993.583333	0.148636
1993.666667	-0.288390
1993.750000	0.108597
1993.833333	0.027576
1993.916667	-0.077725
1994.000000	0.559037
1994.083333	0.397859
1994.166667	0.207021
1994.250000	-0.015416
1994.333333	-0.047808
1994.416667	-0.023117
1994.500000	-0.391853
1994.583333	-0.147581
1994.666667	-0.169458
1994.750000	-0.260642
1994.833333	-0.885957
1994.916667	-0.990085
1995.000000	-0.453085
1995.083333	0.114069
1995.166667	0.187750
1995.250000	0.052453
1995.333333	0.605640
1995.416667	0.184555
1995.500000	0.649230
1995.583333	-0.270089
1995.666667	0.576641
1995.750000	0.115165
1995.833333	-0.176179
1995.916667	0.132003
1996.000000	0.456050
1996.083333	0.426986
1996.166667	0.547342
1996.250000	0.611590
1996.333333	0.774373
1996.416667	0.529922
1996.500000	0.075079
1996.583333	-0.056358
1996.666667	0.057053
1996.750000	-0.310659
1996.833333	-0.269317
1996.916667	-0.077917
1997.000000	0.009070
1997.083333	0.413084
1997.166667	0.266565
1997.250000	0.412575
1997.333333	1.080920
1997.416667	1.538960
1997.500000	1.676027
1997.583333	1.667123
1997.666667	1.554160
1997.750000	0.710975
1997.833333	0.692689
1997.916667	0.661690
1998.000000	0.698975
1998.083333	0.856947
1998.166667	0.949417
1998.250000	0.768464
1998.333333	0.658471
1998.416667	0.458261
1998.500000	0.580425
1998.583333	0.503750
1998.666667	-0.171668
1998.750000	0.219316
1998.833333	0.536946
1998.916667	-0.027180
1999.000000	0.053637
1999.083333	-0.134720
1999.166667	-0.172708
1999.250000	-0.556962
1999.333333	-1.107144
1999.416667	-0.937612
1999.500000	-0.794202
1999.583333	-0.354601
1999.666667	-0.822208
1999.750000	-0.884248
1999.833333	-1.138427
1999.916667	-0.799445
2000.000000	-0.716901
2000.083333	-0.477151
2000.166667	-0.115997
2000.250000	-0.164097
2000.333333	-0.251624
2000.416667	-0.007274
2000.500000	0.204570
2000.583333	-0.178602
2000.666667	0.137134
2000.750000	0.106277
2000.833333	-0.036440
2000.916667	0.021944
2001.000000	0.118288
2001.083333	0.058736
2001.166667	0.090383
2001.250000	-0.269492
2001.333333	-0.629199
2001.416667	-0.364539
2001.500000	-0.175236
2001.583333	-0.444594
2001.666667	-0.628468
2001.750000	-0.686438
2001.833333	-0.574814
2001.916667	-0.541020
2002.000000	0.089109
2002.083333	-0.263342
2002.166667	-0.502099
2002.250000	-0.322712
2002.333333	-0.184274
2002.416667	0.048651
2002.500000	0.201543
2002.583333	0.150570
2002.666667	0.120656
2002.750000	0.324912
2002.833333	0.707084
2002.916667	1.035933
2003.000000	0.565606
2003.083333	0.923704
2003.166667	0.620616
2003.250000	0.219161
2003.333333	0.271920
2003.416667	0.506183
2003.500000	0.566217
2003.583333	0.428462
2003.666667	0.291468
2003.750000	0.308990
2003.833333	-0.000399
2003.916667	0.036736
2004.000000	0.415144
2004.083333	0.634789
2004.166667	0.632773
2004.250000	0.769694
2004.333333	0.970593
2004.416667	1.048039
2004.500000	1.439853
2004.583333	1.424863
2004.666667	0.776012
2004.750000	0.422069
2004.833333	0.027697
2004.916667	0.399215
2005.000000	0.354246
2005.083333	0.640069
2005.166667	0.869628
2005.250000	0.845548
2005.333333	1.731604
2005.416667	1.727684
2005.500000	1.251739
2005.583333	0.950318
2005.666667	0.736096
2005.750000	0.301946
2005.833333	-0.129709
2005.916667	0.199991
2006.000000	0.690141
2006.083333	0.429048
2006.166667	-0.011058
2006.250000	0.056525
2006.333333	-0.114887
2006.416667	0.201983
2006.500000	0.108519
2006.583333	-0.396953
2006.666667	-0.345454
2006.750000	0.075061
2006.833333	-0.464656
2006.916667	-0.549198
2007.000000	-0.499634
2007.083333	-0.117046
2007.166667	-0.205586
2007.250000	-0.220878
2007.333333	-0.186201
2007.416667	-0.151096
2007.500000	0.058710
2007.583333	0.244333
2007.666667	0.013412
2007.750000	-0.567366
2007.833333	-0.724790
2007.916667	-0.530335
2008.000000	-0.785950
2008.083333	-1.019868
2008.166667	-0.742324
2008.250000	-1.101175
2008.333333	-1.068496
2008.416667	-0.826064
2008.500000	-0.543605
2008.583333	-0.705683
2008.666667	-0.528466
2008.750000	-0.365955
2008.833333	-0.490983
2008.916667	-0.488324
2009.000000	-0.581760
2009.083333	-0.536305
2009.166667	-0.760829
2009.250000	-0.814881
2009.333333	-0.314417
2009.416667	0.266367
2009.500000	-0.122281
2009.583333	-0.338711
2009.666667	-0.302003
2009.750000	-0.128617
2009.833333	-0.602704
2009.916667	-0.376644
2010.000000	0.230240
2010.083333	0.613968
2010.166667	0.354994
2010.250000	0.222071
2010.333333	0.130750
2010.416667	-0.096329
2010.500000	-0.309864
2010.583333	-0.378904
2010.666667	0.144009
2010.750000	-0.126887
2010.833333	-0.328870
2010.916667	-0.288531
2011.000000	-0.214303
2011.083333	-0.177125
2011.166667	-0.226999
2011.250000	-0.157658
2011.333333	-0.349138
2011.416667	-0.297874
2011.500000	-0.333810
2011.583333	-0.396489
2011.666667	-0.337352
2011.750000	-0.315239
2011.833333	-0.798775
2011.916667	-0.622737
2012.000000	-0.841714
2012.083333	-0.624790
2012.166667	-0.859749
2012.250000	-0.335432
2012.333333	-0.536360
2012.416667	-0.587307
2012.500000	-0.666358
2012.583333	-0.718664
2012.666667	-0.554490
2012.750000	-0.265606
2012.833333	-0.450198
2012.916667	-0.552360
2013.000000	-0.573654
2013.083333	-0.429070
2013.166667	-0.298314
2013.250000	-0.278327
2013.333333	-0.217997
2013.416667	0.180515
2013.500000	0.533952
2013.583333	0.545190
2013.666667	0.850053
2013.750000	0.033355
2013.833333	0.113512
2013.916667	-0.060637
2014.000000	0.504986
2014.083333	0.276847
2014.166667	0.601901
2014.250000	0.568082
2014.333333	1.106218
2014.416667	0.903182
2014.500000	1.212055
2014.583333	1.405612
2014.666667	1.575817
2014.750000	1.203106
2014.833333	0.942749
2014.916667	1.183964
2015.000000	1.110570
2015.083333	1.596994
2015.166667	1.799898
2015.250000	1.535277
2015.333333	1.300012
2015.416667	1.590056
2015.500000	1.878190
2015.583333	1.440279
2015.666667	0.885562
2015.750000	1.057035
2015.833333	0.834216
2015.916667	0.660727
2016.000000	0.754207
2016.083333	1.186916
2016.166667	1.363196
2016.250000	1.468327
2016.333333	1.479333
2016.416667	1.439657
2016.500000	1.109262
2016.583333	0.690251
2016.666667	1.178392
2016.750000	1.022385
2016.833333	0.925334
2016.916667	0.224982
2017.000000	0.289971
2017.083333	0.466007
2017.166667	0.525214
2017.250000	0.673517
2017.333333	0.463063
2017.416667	0.529192
2017.500000	0.602351
2017.583333	0.510273
2017.666667	0.554448
2017.750000	0.382859
2017.833333	-0.093888
2017.916667	0.056341
2018.000000	0.475665
2018.083333	0.237726
2018.166667	0.140100
2018.250000	0.500830
2018.333333	0.856083
2018.416667	0.837859
2018.500000	0.851136
2018.583333	0.504449
2018.666667	0.900555
2018.750000	1.094515
2018.833333	1.140101
2018.916667	1.359233
2019.000000	1.037328
2019.083333	0.753873
2019.166667	0.757540
2019.250000	0.836460
2019.333333	1.103108
2019.416667	1.290275
2019.500000	1.745552
2019.583333	1.631184
2019.666667	1.452023
2019.750000	0.832032
2019.833333	0.944452
2019.916667	1.046306
2020.000000	0.637643
2020.083333	0.701006
2020.166667	0.356280
2020.250000	0.677154
2020.333333	1.069569
2020.416667	0.830566
2020.500000	0.902084
2020.583333	0.716334
2020.666667	0.909042
2020.750000	1.000876
2020.833333	0.420071
2020.916667	0.463916
2021.000000	0.742440
2021.083333	0.433063
2021.166667	0.046027
2021.250000	0.120742
2021.333333	0.141233
2021.416667	0.360688
2021.500000	0.553094
2021.583333	0.609028
2021.666667	0.283917
2021.750000	-0.129657
2021.833333	-0.096015
2021.916667	-0.351480
2022.000000	-0.560305
2022.083333	-0.452646
2022.166667	-0.196507
2022.250000	0.338461
2022.333333	0.254346
2022.416667	0.866085
2022.500000	1.140767
2022.583333	1.204813
2022.666667	1.502233
2022.750000	1.602338
2022.833333	-0.020809
2022.916667	0.021323
2023.000000	0.100331
