1950.000000	0.132256
1950.083333	-0.087074
1950.166667	-0.246561
1950.250000	-0.046294
1950.333333	0.100000
1950.416667	0.359075
1950.500000	0.720501
1950.583333	0.643378
1950.666667	0.240628
1950.750000	0.383048
1950.833333	0.306281
1950.916667	0.321167
1951.000000	0.315044
1951.083333	0.287421
1951.166667	-0.031138
1951.250000	0.055213
1951.333333	-0.081304
1951.416667	-0.188868
1951.500000	-0.535496
1951.583333	-0.254562
1951.666667	-0.614020
1951.750000	-0.364891
1951.833333	-0.127853
1951.916667	-0.090807
1952.000000	0.428205
1952.083333	0.111537
1952.166667	0.042911
1952.250000	0.241985
1952.333333	0.363056
1952.416667	0.252925
1952.500000	0.325379
1952.583333	0.106509
1952.666667	0.152553
1952.750000	0.137346
1952.833333	0.483467
1952.916667	0.087344
1953.000000	-0.249993
1953.083333	-0.062251
1953.166667	-0.381539
1953.250000	-0.281814
1953.333333	0.070193
1953.416667	0.210891
1953.500000	0.282215
1953.583333	0.080504
1953.666667	-0.042828
1953.750000	0.178453
1953.833333	0.232070
1953.916667	0.354866
1954.000000	0.196663
1954.083333	0.120399
1954.166667	0.053492
1954.250000	-0.328555
1954.333333	-0.064410
1954.416667	0.059331
1954.500000	-0.205618
1954.583333	-0.072950
1954.666667	0.119846
1954.750000	-0.150177
1954.833333	-0.021314
1954.916667	-0.050035
1955.000000	-0.187340
1955.083333	0.025993
1955.166667	0.006648
1955.250000	-0.212541
1955.333333	0.143911
1955.416667	0.408942
1955.500000	-0.014221
1955.583333	0.246110
1955.666667	0.201199
1955.750000	0.388696
1955.833333	0.228302
1955.916667	0.346655
1956.000000	0.196839
1956.083333	0.347100
1956.166667	0.199810
1956.250000	0.313545
1956.333333	0.342019
1956.416667	0.404492
1956.500000	-0.021555
1956.583333	-0.078373
1956.666667	0.143139
1956.750000	0.422981
1956.833333	0.591231
1956.916667	0.387837
1957.000000	0.047876
1957.083333	-0.187735
1957.166667	-0.253228
1957.250000	-0.008398
1957.333333	0.279548
1957.416667	-0.109860
1957.500000	-0.404811
1957.583333	-0.193516
1957.666667	-0.360589
1957.750000	-0.357674
1957.833333	-0.007664
1957.916667	0.144087
1958.000000	-0.148560
1958.083333	0.437856
1958.166667	0.433759
1958.250000	0.319156
1958.333333	0.146481
1958.416667	0.033719
1958.500000	0.221877
1958.583333	-0.029572
1958.666667	0.156980
1958.750000	0.050046
1958.833333	-0.239830
1958.916667	0.240525
1959.000000	0.102771
1959.083333	-0.276995
1959.166667	-0.265173
1959.250000	-0.026826
1959.333333	0.145412
1959.416667	-0.255358
1959.500000	-0.067375
1959.583333	-0.073841
1959.666667	-0.027048
1959.750000	-0.189357
1959.833333	-0.023580
1959.916667	0.128143
1960.000000	-0.221694
1960.083333	0.077113
1960.166667	-0.057101
1960.250000	-0.280509
1960.333333	-0.091265
1960.416667	-0.049682
1960.500000	-0.104169
1960.583333	0.159021
1960.666667	0.350015
1960.750000	0.034473
1960.833333	0.051265
1960.916667	-0.264292
1961.000000	-0.431204
1961.083333	-0.217226
1961.166667	-0.521635
1961.250000	-0.229383
1961.333333	-0.172682
1961.416667	0.100710
1961.500000	-0.122729
1961.583333	-0.017867
1961.666667	-0.086485
1961.750000	-0.199764
1961.833333	-0.032794
1961.916667	-0.071966
1962.000000	-0.002811
1962.083333	0.123061
1962.166667	0.034233
1962.250000	-0.053183
1962.333333	0.136800
1962.416667	0.270095
1962.500000	-0.054541
1962.583333	-0.111161
1962.666667	0.052316
1962.750000	0.290555
1962.833333	0.046735
1962.916667	-0.339956
1963.000000	-0.433970
1963.083333	0.050632
1963.166667	0.034320
1963.250000	0.150141
1963.333333	0.049057
1963.416667	0.104577
1963.500000	0.144281
1963.583333	-0.035641
1963.666667	-0.256263
1963.750000	-0.483554
1963.833333	-0.537501
1963.916667	-0.658224
1964.000000	-0.159694
1964.083333	-0.167823
1964.166667	-0.126654
1964.250000	-0.200750
1964.333333	-0.199716
1964.416667	0.047833
1964.500000	0.057375
1964.583333	-0.106463
1964.666667	-0.112726
1964.750000	0.512295
1964.833333	-0.018141
1964.916667	-0.491571
1965.000000	-0.407818
1965.083333	-0.429980
1965.166667	-0.600508
1965.250000	-0.650776
1965.333333	-0.814083
1965.416667	-0.523068
1965.500000	-0.756988
1965.583333	-0.789495
1965.666667	-0.791042
1965.750000	-0.757625
1965.833333	-0.604548
1965.916667	-0.558857
1966.000000	-0.350072
1966.083333	-0.228192
1966.166667	-0.228612
1966.250000	-0.221403
1966.333333	-0.569039
1966.416667	-0.813590
1966.500000	-0.806063
1966.583333	-0.686849
1966.666667	-0.499053
1966.750000	-0.708080
1966.833333	-0.915523
1966.916667	-0.956304
1967.000000	-0.348795
1967.083333	-0.209082
1967.166667	0.016302
1967.250000	-0.185639
1967.333333	-0.327837
1967.416667	-0.288589
1967.500000	-0.164800
1967.583333	0.195829
1967.666667	0.478418
1967.750000	0.228133
1967.833333	-0.128195
1967.916667	0.005549
1968.000000	-0.169512
1968.083333	-0.288243
1968.166667	-0.129487
1968.250000	-0.017104
1968.333333	-0.113800
1968.416667	0.261263
1968.500000	0.368401
1968.583333	0.207216
1968.666667	0.050933
1968.750000	-0.101991
1968.833333	-0.155257
1968.916667	-0.122575
1969.000000	0.105506
1969.083333	-0.219204
1969.166667	0.033876
1969.250000	0.211868
1969.333333	0.175918
1969.416667	0.238933
1969.500000	0.082240
1969.583333	-0.048632
1969.666667	0.383217
1969.750000	-0.095217
1969.833333	-0.368879
1969.916667	0.046085
1970.000000	0.505343
1970.083333	0.237337
1970.166667	0.228074
1970.250000	0.121483
1970.333333	0.145649
1970.416667	-0.058910
1970.500000	0.390092
1970.583333	0.166369
1970.666667	0.394163
1970.750000	0.020088
1970.833333	0.156834
1970.916667	-0.124346
1971.000000	0.323022
1971.083333	0.118255
1971.166667	-0.112789
1971.250000	-0.231943
1971.333333	-0.029470
1971.416667	0.149953
1971.500000	0.110001
1971.583333	0.177097
1971.666667	0.576409
1971.750000	0.421760
1971.833333	0.240454
1971.916667	0.055566
1972.000000	-0.431833
1972.083333	-0.844357
1972.166667	-0.289833
1972.250000	0.002356
1972.333333	-0.133081
1972.416667	-0.428473
1972.500000	-0.130719
1972.583333	-0.171162
1972.666667	-0.343613
1972.750000	-0.235598
1972.833333	0.043750
1972.916667	-0.159151
1973.000000	0.353461
1973.083333	0.557903
1973.166667	0.576444
1973.250000	0.236608
1973.333333	0.022964
1973.416667	0.338078
1973.500000	0.507389
1973.583333	0.669263
1973.666667	0.748218
1973.750000	0.541003
1973.833333	0.804603
1973.916667	0.649669
1974.000000	0.439846
1974.083333	0.141739
1974.166667	0.101043
1974.250000	0.226540
1974.333333	-0.124722
1974.416667	0.202607
1974.500000	0.181776
1974.583333	0.459234
1974.666667	0.285545
1974.750000	0.569255
1974.833333	0.518116
1974.916667	0.504798
1975.000000	0.383710
1975.083333	-0.072753
1975.166667	0.410718
1975.250000	0.325563
1975.333333	0.401047
1975.416667	0.077431
1975.500000	0.454972
1975.583333	0.779624
1975.666667	0.797914
1975.750000	0.779161
1975.833333	0.660149
1975.916667	0.706574
1976.000000	0.517503
1976.083333	0.276367
1976.166667	0.198702
1976.250000	0.775814
1976.333333	0.255075
1976.416667	0.284451
1976.500000	0.256944
1976.583333	0.325564
1976.666667	-0.111787
1976.750000	0.229051
1976.833333	0.614117
1976.916667	0.166769
1977.000000	0.048852
1977.083333	-0.064935
1977.166667	-0.247050
1977.250000	-0.016485
1977.333333	-0.153630
1977.416667	-0.341582
1977.500000	-0.183444
1977.583333	-0.213095
1977.666667	-0.562198
1977.750000	-0.791147
1977.833333	-0.421630
1977.916667	0.062295
1978.000000	-0.146026
1978.083333	-0.283903
1978.166667	-0.108062
1978.250000	0.074453
1978.333333	-0.143238
1978.416667	0.002568
1978.500000	-0.240700
1978.583333	0.024752
1978.666667	-0.136085
1978.750000	-0.537247
1978.833333	-0.520540
1978.916667	-0.267022
1979.000000	-0.343587
1979.083333	-0.514974
1979.166667	0.368878
1979.250000	0.060444
1979.333333	0.047956
1979.416667	-0.102406
1979.500000	-0.198481
1979.583333	-0.079589
1979.666667	-0.179200
1979.750000	-0.037599
1979.833333	0.248881
1979.916667	0.327128
1980.000000	0.498188
1980.083333	0.877083
1980.166667	0.486689
1980.250000	-0.084108
1980.333333	-0.014544
1980.416667	-0.038469
1980.500000	-0.240010
1980.583333	-0.449998
1980.666667	-0.199394
1980.750000	-0.061011
1980.833333	-0.035009
1980.916667	-0.407032
1981.000000	-0.140860
1981.083333	0.118472
1981.166667	0.055388
1981.250000	0.115821
1981.333333	0.056599
1981.416667	-0.138433
1981.500000	-0.445029
1981.583333	-0.497670
1981.666667	-0.701018
1981.750000	-0.802270
1981.833333	-0.576616
1981.916667	0.170195
1982.000000	0.443101
1982.083333	0.064684
1982.166667	-0.191656
1982.250000	-0.134317
1982.333333	-0.038081
1982.416667	-0.285917
1982.500000	-0.156586
1982.583333	-0.181272
1982.666667	-0.423048
1982.750000	-0.552177
1982.833333	-0.496912
1982.916667	-0.151859
1983.000000	0.050279
1983.083333	-0.316793
1983.166667	-0.214205
1983.250000	0.313135
1983.333333	0.380611
1983.416667	0.073269
1983.500000	-0.233131
1983.583333	-0.360377
1983.666667	-0.129121
1983.750000	-0.082073
1983.833333	0.235638
1983.916667	-0.153610
1984.000000	-0.069629
1984.083333	0.032145
1984.166667	0.104023
1984.250000	0.329763
1984.333333	0.087432
1984.416667	-0.177886
1984.500000	-0.005178
1984.583333	0.043502
1984.666667	0.001242
1984.750000	-0.332192
1984.833333	-0.048514
1984.916667	0.416734
1985.000000	0.366478
1985.083333	0.440357
1985.166667	0.020505
1985.250000	0.086333
1985.333333	-0.027818
1985.416667	-0.354505
1985.500000	-0.253209
1985.583333	-0.141888
1985.666667	-0.115090
1985.750000	0.058933
1985.833333	-0.024144
1985.916667	0.079587
1986.000000	0.301890
1986.083333	0.306721
1986.166667	0.259835
1986.250000	-0.106261
1986.333333	-0.073919
1986.416667	-0.274843
1986.500000	-0.473280
1986.583333	-0.526730
1986.666667	-0.599640
1986.750000	-0.305563
1986.833333	-0.251433
1986.916667	-0.591983
1987.000000	-0.120332
1987.083333	-0.238128
1987.166667	-0.571663
1987.250000	-0.446945
1987.333333	-0.427699
1987.416667	-0.654749
1987.500000	-0.756339
1987.583333	-0.572510
1987.666667	-0.478684
1987.750000	-0.422404
1987.833333	-0.025259
1987.916667	0.056539
1988.000000	0.120935
1988.083333	0.333998
1988.166667	-0.204371
1988.250000	0.050810
1988.333333	0.252860
1988.416667	0.369552
1988.500000	0.335517
1988.583333	0.540045
1988.666667	0.677792
1988.750000	0.837793
1988.833333	0.618748
1988.916667	0.340676
1989.000000	0.316634
1989.083333	-0.135171
1989.166667	-0.207456
1989.250000	0.012488
1989.333333	0.171713
1989.416667	0.093765
1989.500000	0.101620
1989.583333	0.255232
1989.666667	0.291036
1989.750000	0.306834
1989.833333	0.443464
1989.916667	-0.007544
1990.000000	0.097665
1990.083333	0.273923
1990.166667	0.104826
1990.250000	-0.001266
1990.333333	0.229797
1990.416667	0.116342
1990.500000	0.155475
1990.583333	0.233527
1990.666667	-0.002891
1990.750000	-0.076317
1990.833333	0.142496
1990.916667	0.236798
1991.000000	0.264668
1991.083333	0.183167
1991.166667	-0.102912
1991.250000	0.068449
1991.333333	-0.116110
1991.416667	-0.276183
1991.500000	-0.294585
1991.583333	0.028153
1991.666667	0.005684
1991.750000	-0.232185
1991.833333	-0.419048
1991.916667	-0.367798
1992.000000	-0.324580
1992.083333	0.184930
1992.166667	-0.305046
1992.250000	-0.402658
1992.333333	-0.475747
1992.416667	-0.303960
1992.500000	-0.246322
1992.583333	-0.035641
1992.666667	0.079857
1992.750000	-0.287140
1992.833333	-0.203140
1992.916667	0.196258
1993.000000	-0.296777
1993.083333	-0.400720
1993.166667	-0.458183
1993.250000	-0.257265
1993.333333	-0.331564
1993.416667	-0.523076
1993.500000	-0.414452
1993.583333	-0.387613
1993.666667	-0.572659
1993.750000	-0.753671
1993.833333	-0.080839
1993.916667	-0.131249
1994.000000	0.136031
1994.083333	-0.160707
1994.166667	-0.140285
1994.250000	-0.411261
1994.333333	-0.429295
1994.416667	-0.605547
1994.500000	-0.425106
1994.583333	-0.194677
1994.666667	-0.546271
1994.750000	-0.633860
1994.833333	-0.146496
1994.916667	-0.176285
1995.000000	-0.084342
1995.083333	0.328922
1995.166667	0.282882
1995.250000	0.535671
1995.333333	0.031449
1995.416667	-0.278497
1995.500000	-0.021046
1995.583333	0.092033
1995.666667	0.004497
1995.750000	0.369364
1995.833333	0.598773
1995.916667	0.763673
1996.000000	0.608966
1996.083333	0.676612
1996.166667	0.356050
1996.250000	0.611560
1996.333333	0.212273
1996.416667	-0.138124
1996.500000	0.037290
1996.583333	-0.031768
1996.666667	0.311515
1996.750000	0.181827
1996.833333	0.117915
1996.916667	0.498279
1997.000000	0.146012
1997.083333	0.203911
1997.166667	0.144417
1997.250000	-0.053689
1997.333333	-0.190275
1997.416667	-0.228297
1997.500000	-0.211880
1997.583333	-0.279940
1997.666667	-0.327156
1997.750000	-0.406440
1997.833333	-0.071943
1997.916667	0.721547
1998.000000	0.177435
1998.083333	0.474578
1998.166667	0.486347
1998.250000	0.969564
1998.333333	0.872455
1998.416667	0.574581
1998.500000	0.544848
1998.583333	0.717504
1998.666667	0.689051
1998.750000	0.921315
1998.833333	1.109706
1998.916667	0.962493
1999.000000	0.815976
1999.083333	0.365388
1999.166667	0.692367
1999.250000	0.934127
1999.333333	0.471017
1999.416667	0.300507
1999.500000	0.309209
1999.583333	0.388982
1999.666667	0.580599
1999.750000	0.517740
1999.833333	0.649313
1999.916667	0.207407
2000.000000	0.252664
2000.083333	0.301940
2000.166667	0.274504
2000.250000	0.546698
2000.333333	0.641286
2000.416667	0.254734
2000.500000	0.303678
2000.583333	0.322972
2000.666667	0.481271
2000.750000	0.424201
2000.833333	0.381189
2000.916667	0.306088
2001.000000	0.565924
2001.083333	0.576582
2001.166667	0.506494
2001.250000	0.406396
2001.333333	0.526952
2001.416667	0.234271
2001.500000	0.127733
2001.583333	0.396577
2001.666667	0.499616
2001.750000	0.563622
2001.833333	0.669205
2001.916667	0.802628
2002.000000	0.789899
2002.083333	0.619634
2002.166667	0.570953
2002.250000	0.584976
2002.333333	0.494133
2002.416667	0.525578
2002.500000	0.270838
2002.583333	0.221762
2002.666667	0.352187
2002.750000	0.061063
2002.833333	0.039643
2002.916667	0.146316
2003.000000	0.434611
2003.083333	0.159060
2003.166667	0.357744
2003.250000	0.639680
2003.333333	0.652967
2003.416667	0.424744
2003.500000	0.308811
2003.583333	0.177152
2003.666667	0.218442
2003.750000	0.100117
2003.833333	0.037433
2003.916667	0.428301
2004.000000	0.571954
2004.083333	0.867788
2004.166667	0.506519
2004.250000	0.340294
2004.333333	0.412944
2004.416667	0.080747
2004.500000	0.113903
2004.583333	0.260834
2004.666667	0.071628
2004.750000	0.136339
2004.833333	0.127195
2004.916667	0.066152
2005.000000	0.272624
2005.083333	0.601256
2005.166667	0.380521
2005.250000	0.510404
2005.333333	0.394900
2005.416667	0.102461
2005.500000	0.127278
2005.583333	0.366013
2005.666667	0.304607
2005.750000	0.529292
2005.833333	0.692077
2005.916667	0.778361
2006.000000	0.529455
2006.083333	0.514888
2006.166667	0.323444
2006.250000	0.735151
2006.333333	0.614771
2006.416667	0.116319
2006.500000	-0.125964
2006.583333	-0.105044
2006.666667	-0.001716
2006.750000	-0.306950
2006.833333	0.045197
2006.916667	-0.172617
2007.000000	0.029570
2007.083333	0.041640
2007.166667	0.106625
2007.250000	0.304352
2007.333333	0.354912
2007.416667	0.274211
2007.500000	0.188469
2007.583333	0.345325
2007.666667	0.593591
2007.750000	0.648523
2007.833333	0.464620
2007.916667	0.430593
2008.000000	0.245715
2008.083333	0.204093
2008.166667	0.311791
2008.250000	0.446501
2008.333333	0.123349
2008.416667	-0.102540
2008.500000	0.130021
2008.583333	0.305133
2008.666667	0.390176
2008.750000	0.382382
2008.833333	0.724589
2008.916667	1.010987
2009.000000	0.664005
2009.083333	0.487075
2009.166667	0.526350
2009.250000	0.167797
2009.333333	0.089043
2009.416667	-0.162788
2009.500000	0.056202
2009.583333	0.392850
2009.666667	0.299042
2009.750000	-0.051285
2009.833333	-0.304059
2009.916667	-0.213967
2010.000000	0.049030
2010.083333	0.181014
2010.166667	0.137242
2010.250000	0.403306
2010.333333	0.296181
2010.416667	0.426859
2010.500000	0.486552
2010.583333	0.681514
2010.666667	0.784240
2010.750000	0.847252
2010.833333	0.372403
2010.916667	0.389702
2011.000000	0.579963
2011.083333	0.520562
2011.166667	0.406211
2011.250000	0.558474
2011.333333	0.593135
2011.416667	0.574160
2011.500000	0.393615
2011.583333	0.330968
2011.666667	0.360012
2011.750000	0.553650
2011.833333	0.641066
2011.916667	0.572748
2012.000000	0.282482
2012.083333	0.093906
2012.166667	0.297685
2012.250000	0.386027
2012.333333	0.274321
2012.416667	-0.014694
2012.500000	0.266882
2012.583333	0.264322
2012.666667	0.352798
2012.750000	0.340212
2012.833333	0.066710
2012.916667	0.178625
2013.000000	0.359173
2013.083333	0.239471
2013.166667	0.042865
2013.250000	0.443164
2013.333333	0.333173
2013.416667	0.093536
2013.500000	0.351457
2013.583333	0.534192
2013.666667	0.551952
2013.750000	0.510892
2013.833333	0.697722
2013.916667	0.790217
2014.000000	0.686947
2014.083333	0.341588
2014.166667	0.124746
2014.250000	0.462339
2014.333333	0.382171
2014.416667	0.265415
2014.500000	0.256958
2014.583333	0.250215
2014.666667	0.422501
2014.750000	0.335202
2014.833333	0.367066
2014.916667	0.543982
2015.000000	0.731895
2015.083333	0.639381
2015.166667	0.469199
2015.250000	0.111428
2015.333333	0.063863
2015.416667	-0.098764
2015.500000	-0.050605
2015.583333	-0.026130
2015.666667	-0.056184
2015.750000	-0.134726
2015.833333	0.049302
2015.916667	0.204105
2016.000000	0.359990
2016.083333	0.718160
2016.166667	0.605251
2016.250000	0.586994
2016.333333	0.572435
2016.416667	0.334513
2016.500000	0.249433
2016.583333	0.443806
2016.666667	0.484297
2016.750000	0.571975
2016.833333	0.575301
2016.916667	0.474950
2017.000000	0.710850
2017.083333	0.595014
2017.166667	0.629818
2017.250000	0.969785
2017.333333	0.518761
2017.416667	0.368227
2017.500000	0.428730
2017.583333	0.498771
2017.666667	0.404574
2017.750000	0.694966
2017.833333	0.667080
2017.916667	0.592402
2018.000000	0.648153
2018.083333	0.535778
2018.166667	0.739989
2018.250000	0.565961
2018.333333	0.493200
2018.416667	0.410639
2018.500000	0.238028
2018.583333	0.353518
2018.666667	0.406956
2018.750000	0.535965
2018.833333	0.569470
2018.916667	0.409733
2019.000000	0.366301
2019.083333	0.305384
2019.166667	0.320937
2019.250000	0.436426
2019.333333	0.406034
2019.416667	0.261066
2019.500000	0.592216
2019.583333	0.819420
2019.666667	0.362866
2019.750000	0.344467
2019.833333	0.119911
2019.916667	0.586798
2020.000000	0.393572
2020.083333	0.657517
2020.166667	0.687934
2020.250000	0.596981
2020.333333	0.535931
2020.416667	0.442446
2020.500000	0.600722
2020.583333	0.925077
2020.666667	0.828705
2020.750000	0.745780
2020.833333	1.028625
2020.916667	0.770991
2021.000000	0.905500
2021.083333	0.372861
2021.166667	0.233966
2021.250000	0.543272
2021.333333	0.540151
2021.416667	0.473082
2021.500000	0.539689
2021.583333	0.535087
2021.666667	0.805779
2021.750000	0.968378
2021.833333	1.414427
2021.916667	1.136067
2022.000000	0.691583
2022.083333	0.800373
2022.166667	0.823171
2022.250000	0.958767
2022.333333	0.773354
2022.416667	0.842590
2022.500000	1.035732
2022.583333	1.039624
2022.666667	1.106908
2022.750000	1.296274
2022.833333	1.358797
2022.916667	1.349098
2023.000000	0.773712
