1856.000000	-0.035711
1856.083333	0.317982
1856.166667	0.343051
1856.250000	0.376531
1856.333333	0.342360
1856.416667	0.436926
1856.500000	0.546655
1856.583333	0.296248
1856.666667	0.376825
1856.750000	0.455917
1856.833333	0.512908
1856.916667	0.247075
1857.000000	0.182254
1857.083333	0.342488
1857.166667	0.454881
1857.250000	0.427874
1857.333333	0.587416
1857.416667	0.147415
1857.500000	-0.216722
1857.583333	-0.223432
1857.666667	-0.317794
1857.750000	-0.487954
1857.833333	-0.146598
1857.916667	0.365301
1858.000000	0.234560
1858.083333	0.265786
1858.166667	0.323118
1858.250000	0.190012
1858.333333	-0.095894
1858.416667	-0.430544
1858.500000	-0.193447
1858.583333	-0.430148
1858.666667	-0.399326
1858.750000	0.090046
1858.833333	0.045150
1858.916667	-0.069507
1859.000000	0.189649
1859.083333	0.329754
1859.166667	0.351040
1859.250000	0.232406
1859.333333	0.395383
1859.416667	0.232356
1859.500000	0.001835
1859.583333	-0.099789
1859.666667	-0.007142
1859.750000	-0.232675
1859.833333	-0.024053
1859.916667	0.034026
1860.000000	0.395421
1860.083333	0.427807
1860.166667	-0.184840
1860.250000	-0.532863
1860.333333	-0.559695
1860.416667	-0.360841
1860.500000	0.075397
1860.583333	0.106277
1860.666667	0.074889
1860.750000	0.000137
1860.833333	-0.125833
1860.916667	-0.385476
1861.000000	-0.668777
1861.083333	-1.141427
1861.166667	-0.430507
1861.250000	-0.083170
1861.333333	0.212326
1861.416667	0.391023
1861.500000	0.540709
1861.583333	-0.104884
1861.666667	-0.059373
1861.750000	-0.201033
1861.833333	-0.476584
1861.916667	-0.297798
1862.000000	-0.059264
1862.083333	0.260321
1862.166667	0.497917
1862.250000	0.238049
1862.333333	0.213160
1862.416667	0.178206
1862.500000	0.395117
1862.583333	-0.280147
1862.666667	-0.368939
1862.750000	-0.295737
1862.833333	-0.054539
1862.916667	0.096168
1863.000000	0.500597
1863.083333	0.345704
1863.166667	0.213985
1863.250000	0.366114
1863.333333	0.617707
1863.416667	0.508410
1863.500000	0.226393
1863.583333	0.102706
1863.666667	-0.002791
1863.750000	0.191946
1863.833333	0.245725
1863.916667	0.175575
1864.000000	0.181232
1864.083333	0.072582
1864.166667	-0.037742
1864.250000	-0.005267
1864.333333	0.152796
1864.416667	0.196451
1864.500000	0.067271
1864.583333	0.010460
1864.666667	-0.365670
1864.750000	-0.251047
1864.833333	-0.199035
1864.916667	0.105288
1865.000000	0.448307
1865.083333	0.450100
1865.166667	0.525463
1865.250000	0.474553
1865.333333	0.709803
1865.416667	0.085237
1865.500000	-0.246213
1865.583333	-0.005455
1865.666667	-0.084176
1865.750000	0.008022
1865.833333	0.207845
1865.916667	0.188366
1866.000000	0.234496
1866.083333	0.212595
1866.166667	-0.094155
1866.250000	0.135517
1866.333333	0.475077
1866.416667	0.418500
1866.500000	0.085330
1866.583333	0.244031
1866.666667	0.474839
1866.750000	0.480677
1866.833333	0.388839
1866.916667	0.491103
1867.000000	0.302311
1867.083333	0.470668
1867.166667	0.498523
1867.250000	0.224692
1867.333333	-0.053681
1867.416667	-0.240661
1867.500000	-0.130090
1867.583333	0.069022
1867.666667	-0.122991
1867.750000	-0.198589
1867.833333	-0.311203
1867.916667	0.015852
1868.000000	0.078741
1868.083333	0.087521
1868.166667	0.126736
1868.250000	-0.066085
1868.333333	0.150160
1868.416667	0.245801
1868.500000	0.048370
1868.583333	0.402628
1868.666667	0.323714
1868.750000	0.069196
1868.833333	0.474884
1868.916667	0.534620
1869.000000	0.254104
1869.083333	0.095214
1869.166667	0.063938
1869.250000	0.116007
1869.333333	0.644837
1869.416667	0.670491
1869.500000	0.195528
1869.583333	-0.042280
1869.666667	-0.091326
1869.750000	0.390825
1869.833333	0.436795
1869.916667	0.864306
1870.000000	0.830749
1870.083333	0.614351
1870.166667	0.667449
1870.250000	0.719959
1870.333333	0.650086
1870.416667	0.426795
1870.500000	-0.406896
1870.583333	-0.401332
1870.666667	-0.459161
1870.750000	-0.148265
1870.833333	-0.183602
1870.916667	0.196202
1871.000000	0.413651
1871.083333	0.384135
1871.166667	0.240002
1871.250000	0.176766
1871.333333	0.306352
1871.416667	0.099175
1871.500000	0.184308
1871.583333	0.364889
1871.666667	0.064204
1871.750000	0.090000
1871.833333	0.343043
1871.916667	0.317072
1872.000000	0.237767
1872.083333	0.025517
1872.166667	0.094913
1872.250000	-0.148443
1872.333333	-0.349396
1872.416667	0.068199
1872.500000	0.237213
1872.583333	0.483901
1872.666667	0.335634
1872.750000	0.445862
1872.833333	0.588500
1872.916667	0.526888
1873.000000	0.474477
1873.083333	0.306719
1873.166667	0.085048
1873.250000	-0.088380
1873.333333	-0.211546
1873.416667	-0.306714
1873.500000	-0.178617
1873.583333	-0.306681
1873.666667	0.018368
1873.750000	0.534466
1873.833333	0.689631
1873.916667	0.264893
1874.000000	0.415818
1874.083333	0.422123
1874.166667	0.328571
1874.250000	0.459140
1874.333333	0.159597
1874.416667	0.024639
1874.500000	-0.167351
1874.583333	-0.340003
1874.666667	-0.067433
1874.750000	0.061705
1874.833333	0.357419
1874.916667	0.360230
1875.000000	0.415785
1875.083333	0.038183
1875.166667	-0.255699
1875.250000	-0.369470
1875.333333	-0.545833
1875.416667	-0.379582
1875.500000	0.037045
1875.583333	-0.107355
1875.666667	-0.034537
1875.750000	-0.157787
1875.833333	0.349973
1875.916667	0.219733
1876.000000	-0.080163
1876.083333	-0.075342
1876.166667	0.230609
1876.250000	0.050769
1876.333333	0.047516
1876.416667	0.056301
1876.500000	-0.294471
1876.583333	-0.396162
1876.666667	-0.367772
1876.750000	-0.308399
1876.833333	-0.569563
1876.916667	-0.550613
1877.000000	-0.238930
1877.083333	-0.438402
1877.166667	-0.306822
1877.250000	-0.165723
1877.333333	0.082592
1877.416667	-0.064560
1877.500000	-0.131393
1877.583333	-0.623882
1877.666667	-0.563312
1877.750000	-0.509397
1877.833333	0.020760
1877.916667	-0.004972
1878.000000	0.110044
1878.083333	0.108442
1878.166667	0.168958
1878.250000	0.226946
1878.333333	0.202540
1878.416667	0.332211
1878.500000	0.058131
1878.583333	-0.107265
1878.666667	-0.375359
1878.750000	-0.112326
1878.833333	0.117553
1878.916667	0.419605
1879.000000	0.316460
1879.083333	-0.248878
1879.166667	-0.172698
1879.250000	-0.066653
1879.333333	-0.084066
1879.416667	-0.061082
1879.500000	-0.197703
1879.583333	-0.583089
1879.666667	-0.267448
1879.750000	-0.191985
1879.833333	-0.248656
1879.916667	-0.340154
1880.000000	-0.498056
1880.083333	-0.330656
1880.166667	-0.581400
1880.250000	-0.364302
1880.333333	-0.297804
1880.416667	-0.190699
1880.500000	-0.550848
1880.583333	-0.635627
1880.666667	-0.474396
1880.750000	-0.196963
1880.833333	0.118531
1880.916667	0.366320
1881.000000	0.454338
1881.083333	0.362355
1881.166667	-0.001499
1881.250000	0.304482
1881.333333	0.331356
1881.416667	0.387284
1881.500000	-0.034663
1881.583333	-0.311765
1881.666667	-0.554529
1881.750000	-0.253563
1881.833333	-0.122417
1881.916667	0.010432
1882.000000	0.065727
1882.083333	0.019711
1882.166667	0.191100
1882.250000	-0.027800
1882.333333	-0.123042
1882.416667	-0.274757
1882.500000	-0.388593
1882.583333	-0.307826
1882.666667	0.118521
1882.750000	0.010226
1882.833333	0.068035
1882.916667	-0.014105
1883.000000	-0.303616
1883.083333	0.066599
1883.166667	0.097466
1883.250000	0.148004
1883.333333	-0.027443
1883.416667	-0.039752
1883.500000	-0.020041
1883.583333	-0.199933
1883.666667	-0.479679
1883.750000	-0.385166
1883.833333	-0.265642
1883.916667	-0.394388
1884.000000	-0.458520
1884.083333	-0.222320
1884.166667	-0.199293
1884.250000	0.031230
1884.333333	0.027138
1884.416667	-0.229863
1884.500000	-0.249463
1884.583333	-0.532619
1884.666667	-0.497457
1884.750000	-0.177505
1884.833333	0.420624
1884.916667	0.225420
1885.000000	-0.083141
1885.083333	-0.283029
1885.166667	0.031901
1885.250000	0.284063
1885.333333	0.365250
1885.416667	-0.032753
1885.500000	-0.239217
1885.583333	-0.705956
1885.666667	-0.429938
1885.750000	-0.043074
1885.833333	-0.241105
1885.916667	-0.246498
1886.000000	-0.041001
1886.083333	0.196914
1886.166667	0.214590
1886.250000	0.127738
1886.333333	0.364508
1886.416667	0.530893
1886.500000	0.379125
1886.583333	0.384774
1886.666667	-0.010788
1886.750000	0.033193
1886.833333	0.279621
1886.916667	0.466671
1887.000000	0.844220
1887.083333	0.547487
1887.166667	0.498054
1887.250000	0.629197
1887.333333	0.568013
1887.416667	0.244844
1887.500000	0.055579
1887.583333	0.128897
1887.666667	0.017428
1887.750000	0.523801
1887.833333	0.725372
1887.916667	0.286249
1888.000000	0.100185
1888.083333	0.344674
1888.166667	0.131684
1888.250000	0.264803
1888.333333	0.415988
1888.416667	0.210645
1888.500000	0.135035
1888.583333	0.247141
1888.666667	0.226535
1888.750000	0.689531
1888.833333	0.647504
1888.916667	0.731609
1889.000000	0.551286
1889.083333	0.303943
1889.166667	0.348222
1889.250000	0.481118
1889.333333	0.269934
1889.416667	0.103688
1889.500000	-0.016163
1889.583333	0.149945
1889.666667	0.038421
1889.750000	0.409118
1889.833333	0.702022
1889.916667	0.659862
1890.000000	0.289705
1890.083333	0.185025
1890.166667	0.699290
1890.250000	0.796264
1890.333333	0.713506
1890.416667	0.740027
1890.500000	0.747331
1890.583333	0.510974
1890.666667	0.434609
1890.750000	0.658066
1890.833333	1.219351
1890.916667	1.125377
1891.000000	1.072006
1891.083333	0.739141
1891.166667	0.674180
1891.250000	0.856257
1891.333333	1.032492
1891.416667	0.706532
1891.500000	0.083455
1891.583333	0.254307
1891.666667	0.036315
1891.750000	-0.162100
1891.833333	0.407627
1891.916667	0.685840
1892.000000	0.321533
1892.083333	0.291350
1892.166667	0.520092
1892.250000	0.654565
1892.333333	0.420056
1892.416667	0.423275
1892.500000	0.403662
1892.583333	0.512308
1892.666667	0.538201
1892.750000	0.342927
1892.833333	0.839185
1892.916667	0.667840
1893.000000	0.809022
1893.083333	0.637460
1893.166667	0.256177
1893.250000	-0.035828
1893.333333	0.144401
1893.416667	0.058710
1893.500000	-0.100427
1893.583333	0.154442
1893.666667	0.312504
1893.750000	0.118863
1893.833333	0.207336
1893.916667	0.517178
1894.000000	0.290971
1894.083333	0.160818
1894.166667	0.384895
1894.250000	0.203659
1894.333333	0.081183
1894.416667	0.228021
1894.500000	0.001596
1894.583333	-0.080715
1894.666667	0.141024
1894.750000	0.216891
1894.833333	0.167721
1894.916667	-0.110219
1895.000000	-0.194427
1895.083333	0.064730
1895.166667	0.450281
1895.250000	0.093450
1895.333333	0.015018
1895.416667	0.175800
1895.500000	0.004707
1895.583333	-0.257320
1895.666667	-0.110080
1895.750000	0.004153
1895.833333	-0.042666
1895.916667	0.068932
1896.000000	0.466012
1896.083333	0.817081
1896.166667	0.850860
1896.250000	0.615781
1896.333333	0.653669
1896.416667	0.680340
1896.500000	0.518155
1896.583333	0.471919
1896.666667	-0.572471
1896.750000	-0.305655
1896.833333	0.076040
1896.916667	0.087701
1897.000000	0.132100
1897.083333	0.163865
1897.166667	0.254665
1897.250000	0.587469
1897.333333	0.483333
1897.416667	0.496705
1897.500000	0.159996
1897.583333	-0.051687
1897.666667	0.335062
1897.750000	0.665724
1897.833333	0.502479
1897.916667	0.630657
1898.000000	0.413406
1898.083333	0.503747
1898.166667	0.156331
1898.250000	0.200152
1898.333333	0.162418
1898.416667	0.047973
1898.500000	-0.014919
1898.583333	-0.065139
1898.666667	-0.085235
1898.750000	-0.026042
1898.833333	0.032749
1898.916667	0.156315
1899.000000	0.057596
1899.083333	-0.213664
1899.166667	0.367540
1899.250000	0.736132
1899.333333	0.230471
1899.416667	-0.097319
1899.500000	0.046645
1899.583333	-0.038586
1899.666667	-0.007250
1899.750000	-0.187398
1899.833333	-0.578836
1899.916667	-0.699488
1900.000000	-0.451119
1900.083333	-0.056598
1900.166667	-0.045353
1900.250000	-0.094432
1900.333333	-0.409030
1900.416667	-0.507574
1900.500000	-0.117304
1900.583333	-0.015417
1900.666667	0.161168
1900.750000	0.239019
1900.833333	0.185998
1900.916667	0.162925
1901.000000	-0.243275
1901.083333	-0.102281
1901.166667	0.070302
1901.250000	0.528071
1901.333333	0.447925
1901.416667	0.196060
1901.500000	-0.072326
1901.583333	-0.198555
1901.666667	-0.293405
1901.750000	-0.127036
1901.833333	0.388147
1901.916667	0.271540
1902.000000	0.263005
1902.083333	0.041209
1902.166667	0.001835
1902.250000	-0.097159
1902.333333	-0.023208
1902.416667	-0.209125
1902.500000	-0.506922
1902.583333	-0.565766
1902.666667	-0.767180
1902.750000	-0.782917
1902.833333	-0.116312
1902.916667	-0.472823
1903.000000	-0.441182
1903.083333	-0.689633
1903.166667	-0.723169
1903.250000	-0.725258
1903.333333	-0.657254
1903.416667	-0.732542
1903.500000	-0.947604
1903.583333	-0.866025
1903.666667	-1.066183
1903.750000	-0.664508
1903.833333	-0.553634
1903.916667	-0.533159
1904.000000	-0.215710
1904.083333	-0.253176
1904.166667	-0.159292
1904.250000	-0.408196
1904.333333	-0.245170
1904.416667	-0.456064
1904.500000	-0.855746
1904.583333	-1.190458
1904.666667	-0.833892
1904.750000	-0.394575
1904.833333	-0.375316
1904.916667	-0.633748
1905.000000	-0.542073
1905.083333	-0.748727
1905.166667	-0.723258
1905.250000	-0.330549
1905.333333	0.039748
1905.416667	-0.284393
1905.500000	-0.457190
1905.583333	-0.824203
1905.666667	-0.605832
1905.750000	-0.144334
1905.833333	-0.396584
1905.916667	0.113392
1906.000000	0.187120
1906.083333	0.324924
1906.166667	0.232497
1906.250000	0.292330
1906.333333	0.514299
1906.416667	0.362066
1906.500000	0.273032
1906.583333	-0.065881
1906.666667	-0.429295
1906.750000	-0.385187
1906.833333	-0.319138
1906.916667	0.156998
1907.000000	0.028531
1907.083333	-0.261039
1907.166667	-0.010346
1907.250000	0.076932
1907.333333	-0.090176
1907.416667	-0.347366
1907.500000	0.068814
1907.583333	-0.031680
1907.666667	-0.180579
1907.750000	0.061011
1907.833333	-0.013383
1907.916667	0.068034
1908.000000	0.011916
1908.083333	-0.106078
1908.166667	-0.054304
1908.250000	-0.151804
1908.333333	-0.057813
1908.416667	-0.195522
1908.500000	-0.042647
1908.583333	-0.576289
1908.666667	-0.282881
1908.750000	-0.120926
1908.833333	0.285534
1908.916667	0.150097
1909.000000	0.115604
1909.083333	0.098196
1909.166667	0.083769
1909.250000	-0.298366
1909.333333	-0.361779
1909.416667	0.114181
1909.500000	0.296288
1909.583333	-0.278694
1909.666667	0.066365
1909.750000	0.166045
1909.833333	0.454763
1909.916667	0.680966
1910.000000	0.334102
1910.083333	-0.297699
1910.166667	-0.294729
1910.250000	-0.147734
1910.333333	0.303558
1910.416667	0.110714
1910.500000	0.170046
1910.583333	0.173581
1910.666667	0.305083
1910.750000	0.381069
1910.833333	0.667266
1910.916667	0.558827
1911.000000	0.473620
1911.083333	0.156628
1911.166667	0.332634
1911.250000	0.115260
1911.333333	0.087190
1911.416667	-0.339001
1911.500000	-0.548224
1911.583333	-0.775701
1911.666667	-0.610818
1911.750000	-0.421081
1911.833333	-0.004731
1911.916667	-0.122604
1912.000000	-0.316536
1912.083333	-0.129612
1912.166667	-0.531445
1912.250000	-0.291608
1912.333333	-0.410166
1912.416667	-0.248826
1912.500000	-0.232411
1912.583333	-0.562103
1912.666667	-0.738486
1912.750000	-0.433176
1912.833333	-0.386099
1912.916667	-0.233753
1913.000000	0.063717
1913.083333	-0.034030
1913.166667	-0.211910
1913.250000	-0.221092
1913.333333	-0.125590
1913.416667	-0.398618
1913.500000	-0.836111
1913.583333	-1.067022
1913.666667	-0.640048
1913.750000	-0.758337
1913.833333	-0.380069
1913.916667	-0.468605
1914.000000	-0.787877
1914.083333	-0.236464
1914.166667	0.176052
1914.250000	-0.365536
1914.333333	-0.244359
1914.416667	-0.114741
1914.500000	-0.827292
1914.583333	-0.825159
1914.666667	-0.557766
1914.750000	-0.329320
1914.833333	-0.088420
1914.916667	-0.033984
1915.000000	-0.051708
1915.083333	-0.402066
1915.166667	-0.495012
1915.250000	-0.227284
1915.333333	-0.692487
1915.416667	-0.409185
1915.500000	-0.360017
1915.583333	-0.310201
1915.666667	-0.487275
1915.750000	-0.536734
1915.833333	-0.069282
1915.916667	-0.143894
1916.000000	-0.442480
1916.083333	-0.493937
1916.166667	-0.367676
1916.250000	-0.262578
1916.333333	-0.660335
1916.416667	-0.494930
1916.500000	-0.133770
1916.583333	-0.077249
1916.666667	-0.124018
1916.750000	-0.178020
1916.833333	-0.012280
1916.916667	-0.111940
1917.000000	-0.371146
1917.083333	-0.327373
1917.166667	-0.620090
1917.250000	-0.144759
1917.333333	-0.151018
1917.416667	-0.321330
1917.500000	-0.528038
1917.583333	-0.252058
1917.666667	-0.238886
1917.750000	-0.062234
1917.833333	0.119623
1917.916667	0.425152
1918.000000	0.583820
1918.083333	0.300558
1918.166667	0.080290
1918.250000	-0.054662
1918.333333	-0.235460
1918.416667	-0.643249
1918.500000	-1.217767
1918.583333	-1.215977
1918.666667	-0.702487
1918.750000	-0.481314
1918.833333	-0.232237
1918.916667	-0.433377
1919.000000	-0.525701
1919.083333	-0.810932
1919.166667	-0.817766
1919.250000	-0.743337
1919.333333	-0.622645
1919.416667	-0.356947
1919.500000	-0.306846
1919.583333	-0.432160
1919.666667	-1.022944
1919.750000	-0.784048
1919.833333	-0.348776
1919.916667	0.017035
1920.000000	0.617929
1920.083333	0.550509
1920.166667	0.619915
1920.250000	0.522054
1920.333333	0.286800
1920.416667	0.199639
1920.500000	-0.047899
1920.583333	-0.351419
1920.666667	-0.512519
1920.750000	-0.439242
1920.833333	-0.230740
1920.916667	-0.283342
1921.000000	-0.541196
1921.083333	-0.090474
1921.166667	-0.048491
1921.250000	-0.093900
1921.333333	0.101802
1921.416667	0.470002
1921.500000	0.221812
1921.583333	-0.439873
1921.666667	-0.406048
1921.750000	-0.322934
1921.833333	-0.148896
1921.916667	-0.636500
1922.000000	-0.494412
1922.083333	-0.263910
1922.166667	-0.686996
1922.250000	-0.835593
1922.333333	-0.447240
1922.416667	-0.082210
1922.500000	0.282971
1922.583333	-0.495094
1922.666667	-0.038955
1922.750000	-0.017540
1922.833333	0.389117
1922.916667	0.197769
1923.000000	0.008584
1923.083333	-0.553796
1923.166667	-0.714709
1923.250000	-0.711311
1923.333333	0.052239
1923.416667	0.018299
1923.500000	-0.225257
1923.583333	-0.777963
1923.666667	-0.273243
1923.750000	-0.201850
1923.833333	-0.017777
1923.916667	0.065638
1924.000000	-0.198823
1924.083333	-0.308532
1924.166667	0.011580
1924.250000	-0.251432
1924.333333	-0.250713
1924.416667	0.088072
1924.500000	-0.316477
1924.583333	-0.132722
1924.666667	-0.175056
1924.750000	-0.021678
1924.833333	0.214082
1924.916667	0.469164
1925.000000	0.095368
1925.083333	0.439066
1925.166667	0.593869
1925.250000	0.273006
1925.333333	0.507170
1925.416667	0.171472
1925.500000	0.154454
1925.583333	0.032505
1925.666667	0.071254
1925.750000	-0.215380
1925.833333	-0.364032
1925.916667	0.302690
1926.000000	0.563539
1926.083333	0.538018
1926.166667	0.220723
1926.250000	0.554652
1926.333333	0.325106
1926.416667	0.467705
1926.500000	0.027085
1926.583333	-0.886358
1926.666667	-0.672714
1926.750000	-0.208684
1926.833333	0.187780
1926.916667	0.255855
1927.000000	0.194363
1927.083333	-0.349315
1927.166667	-0.224060
1927.250000	-0.542691
1927.333333	-0.142465
1927.416667	0.047793
1927.500000	-0.376910
1927.583333	-0.519633
1927.666667	-0.219298
1927.750000	0.054202
1927.833333	0.362997
1927.916667	0.196070
1928.000000	-0.051672
1928.083333	0.081984
1928.166667	0.497340
1928.250000	0.624673
1928.333333	0.426261
1928.416667	0.221454
1928.500000	-0.206392
1928.583333	0.259536
1928.666667	-0.176150
1928.750000	-0.299200
1928.833333	-0.430298
1928.916667	-0.048915
1929.000000	-0.000881
1929.083333	-0.353235
1929.166667	0.339358
1929.250000	0.220771
1929.333333	0.390093
1929.416667	0.242126
1929.500000	-0.094779
1929.583333	0.109618
1929.666667	0.006474
1929.750000	0.405315
1929.833333	0.434010
1929.916667	0.282421
1930.000000	-0.093627
1930.083333	0.197709
1930.166667	0.021798
1930.250000	0.289757
1930.333333	-0.151666
1930.416667	-0.012963
1930.500000	0.473352
1930.583333	0.053629
1930.666667	-0.087739
1930.750000	0.461023
1930.833333	0.699644
1930.916667	0.379227
1931.000000	-0.176482
1931.083333	0.143239
1931.166667	0.404908
1931.250000	-0.237949
1931.333333	0.121709
1931.416667	0.189455
1931.500000	0.252848
1931.583333	0.708947
1931.666667	0.816252
1931.750000	0.678886
1931.833333	0.257944
1931.916667	0.191474
1932.000000	-0.326298
1932.083333	-0.429477
1932.166667	0.088387
1932.250000	0.172115
1932.333333	0.335857
1932.416667	0.532543
1932.500000	0.181235
1932.583333	-0.158761
1932.666667	-0.010575
1932.750000	-0.101822
1932.833333	0.111074
1932.916667	-0.263922
1933.000000	0.083757
1933.083333	0.305793
1933.166667	0.216408
1933.250000	0.356440
1933.333333	-0.227667
1933.416667	-0.251514
1933.500000	-0.139244
1933.583333	-0.255645
1933.666667	-0.326573
1933.750000	-0.270579
1933.833333	-0.035238
1933.916667	0.373144
1934.000000	0.439067
1934.083333	0.380705
1934.166667	0.293988
1934.250000	0.724111
1934.333333	0.797487
1934.416667	0.936286
1934.500000	0.706833
1934.583333	0.317538
1934.666667	0.286768
1934.750000	0.232823
1934.833333	0.673519
1934.916667	0.239468
1935.000000	-0.530439
1935.083333	-0.134012
1935.166667	-0.218526
1935.250000	-0.104585
1935.333333	0.274733
1935.416667	0.123717
1935.500000	-0.178609
1935.583333	-0.094968
1935.666667	-0.441196
1935.750000	0.124219
1935.833333	0.200895
1935.916667	0.532080
1936.000000	-0.050564
1936.083333	0.036484
1936.166667	0.479470
1936.250000	0.547136
1936.333333	-0.001833
1936.416667	0.368581
1936.500000	0.320415
1936.583333	0.869311
1936.666667	0.329287
1936.750000	0.174314
1936.833333	0.559952
1936.916667	0.534506
1937.000000	0.146459
1937.083333	0.660303
1937.166667	0.382301
1937.250000	0.077319
1937.333333	-0.004266
1937.416667	-0.160213
1937.500000	-0.087330
1937.583333	-0.192409
1937.666667	-0.124681
1937.750000	-0.089108
1937.833333	0.167065
1937.916667	0.283522
1938.000000	0.384904
1938.083333	-0.172435
1938.166667	0.412379
1938.250000	0.243773
1938.333333	0.385182
1938.416667	0.203380
1938.500000	0.748089
1938.583333	0.723262
1938.666667	0.478953
1938.750000	0.094757
1938.833333	0.040773
1938.916667	-0.064846
1939.000000	-0.002638
1939.083333	-0.214004
1939.166667	-0.280977
1939.250000	-0.242452
1939.333333	-0.136416
1939.416667	-0.442288
1939.500000	-0.622676
1939.583333	-0.466026
1939.666667	-0.443254
1939.750000	-0.580741
1939.833333	-0.227623
1939.916667	-0.086045
1940.000000	-0.150766
1940.083333	0.284098
1940.166667	0.245346
1940.250000	0.226699
1940.333333	-0.161114
1940.416667	-0.285222
1940.500000	-0.725804
1940.583333	-0.081016
1940.666667	0.228599
1940.750000	-0.269627
1940.833333	-0.518391
1940.916667	-0.328865
1941.000000	-0.117518
1941.083333	-0.092994
1941.166667	0.307393
1941.250000	0.701357
1941.333333	0.076150
1941.416667	-0.223055
1941.500000	-0.465294
1941.583333	-0.585195
1941.666667	-0.462900
1941.750000	-0.224662
1941.833333	0.171575
1941.916667	-0.036838
1942.000000	0.053459
1942.083333	-0.102335
1942.166667	-0.323689
1942.250000	-0.414077
1942.333333	-0.715836
1942.416667	-0.858352
1942.500000	-0.574231
1942.583333	-0.323045
1942.666667	0.144270
1942.750000	0.638429
1942.833333	0.711539
1942.916667	0.289237
1943.000000	0.357645
1943.083333	0.348607
1943.166667	0.646616
1943.250000	1.020453
1943.333333	1.003721
1943.416667	0.273876
1943.500000	0.324170
1943.583333	0.186454
1943.666667	-0.192789
1943.750000	0.488265
1943.833333	0.462823
1943.916667	0.753071
1944.000000	-0.053285
1944.083333	0.145315
1944.166667	-0.102664
1944.250000	0.157304
1944.333333	0.399427
1944.416667	0.380665
1944.500000	0.007350
1944.583333	0.333647
1944.666667	0.967316
1944.750000	0.909308
1944.833333	1.021980
1944.916667	0.807576
1945.000000	0.856995
1945.083333	0.504810
1945.166667	0.289192
1945.250000	-0.317052
1945.333333	0.039106
1945.416667	0.301954
1945.500000	0.271621
1945.583333	0.192163
1945.666667	0.202837
1945.750000	0.595707
1945.833333	0.576320
1945.916667	0.620796
1946.000000	0.334057
1946.083333	0.267680
1946.166667	0.461559
1946.250000	-0.231748
1946.333333	-0.167826
1946.416667	0.024089
1946.500000	-0.094298
1946.583333	-0.197265
1946.666667	0.299739
1946.750000	0.272596
1946.833333	0.052051
1946.916667	-0.030174
1947.000000	0.130349
1947.083333	0.373944
1947.166667	0.601542
1947.250000	0.300035
1947.333333	0.620044
1947.416667	-0.176889
1947.500000	-0.487848
1947.583333	-0.233912
1947.666667	-0.442141
1947.750000	0.127497
1947.833333	-0.075143
1947.916667	-0.206722
1948.000000	-0.344796
1948.083333	-0.344675
1948.166667	-0.576431
1948.250000	-0.400975
1948.333333	-0.706991
1948.416667	-0.381433
1948.500000	0.431828
1948.583333	0.326958
1948.666667	0.518815
1948.750000	0.090644
1948.833333	-0.331168
1948.916667	-0.553257
1949.000000	-1.172422
1949.083333	-0.945133
1949.166667	-0.577987
1949.250000	-0.456180
1949.333333	-0.790142
1949.416667	-0.581298
1949.500000	-0.414663
1949.583333	-0.268304
1949.666667	-0.170238
1949.750000	-0.247072
1949.833333	-0.336254
1949.916667	-0.149260
1950.000000	-0.316267
1950.083333	-0.172881
1950.166667	0.612581
1950.250000	0.629187
1950.333333	-0.018023
1950.416667	-0.188403
1950.500000	-0.222951
1950.583333	-0.557350
1950.666667	-0.314836
1950.750000	-0.639209
1950.833333	-0.540902
1950.916667	-0.398775
1951.000000	-0.284118
1951.083333	-0.142609
1951.166667	-0.086525
1951.250000	0.355559
1951.333333	0.441135
1951.416667	0.289740
1951.500000	0.097917
1951.583333	-0.004546
1951.666667	0.065821
1951.750000	0.196116
1951.833333	0.171050
1951.916667	0.201084
1952.000000	-0.078686
1952.083333	0.157228
1952.166667	-0.053442
1952.250000	-0.285853
1952.333333	-0.537897
1952.416667	-0.312387
1952.500000	-0.195268
1952.583333	-0.106485
1952.666667	-0.059986
1952.750000	0.209585
1952.833333	-0.168735
1952.916667	-0.605119
1953.000000	-0.136774
1953.083333	-0.265902
1953.166667	-0.372861
1953.250000	-0.068035
1953.333333	-0.230204
1953.416667	-0.121253
1953.500000	0.096720
1953.583333	-0.925771
1953.666667	-0.699155
1953.750000	-0.233219
1953.833333	0.089259
1953.916667	-0.000540
1954.000000	-0.289372
1954.083333	-0.236514
1954.166667	-0.328708
1954.250000	-0.539068
1954.333333	-0.335168
1954.416667	-0.380655
1954.500000	-0.389934
1954.583333	-0.491392
1954.666667	-0.515497
1954.750000	-0.161544
1954.833333	0.211799
1954.916667	0.082944
1955.000000	0.329267
1955.083333	0.085681
1955.166667	-0.083537
1955.250000	0.032560
1955.333333	0.232625
1955.416667	0.368822
1955.500000	-0.084015
1955.583333	0.494593
1955.666667	0.091685
1955.750000	-0.402246
1955.833333	-0.513570
1955.916667	-0.085501
1956.000000	-0.337286
1956.083333	0.191430
1956.166667	0.163548
1956.250000	0.150184
1956.333333	0.349581
1956.416667	0.176768
1956.500000	0.344719
1956.583333	0.560080
1956.666667	0.381587
1956.750000	0.410157
1956.833333	0.243515
1956.916667	0.047803
1957.000000	0.081668
1957.083333	-0.181544
1957.166667	-0.114705
1957.250000	-0.025245
1957.333333	-0.173087
1957.416667	0.005973
1957.500000	0.235192
1957.583333	0.275176
1957.666667	0.220982
1957.750000	0.031286
1957.833333	0.578037
1957.916667	0.307652
1958.000000	0.118523
1958.083333	-0.070642
1958.166667	-0.404835
1958.250000	-0.512295
1958.333333	-0.821977
1958.416667	-0.661877
1958.500000	-0.079378
1958.583333	-0.191400
1958.666667	-0.103928
1958.750000	-0.353255
1958.833333	-0.064218
1958.916667	-0.164018
1959.000000	-0.162959
1959.083333	-0.243108
1959.166667	-0.200705
1959.250000	-0.579354
1959.333333	-0.182271
1959.416667	0.305547
1959.500000	0.369235
1959.583333	1.250589
1959.666667	0.771669
1959.750000	0.167748
1959.833333	0.067733
1959.916667	-0.449203
1960.000000	-0.202104
1960.083333	-0.202152
1960.166667	0.010229
1960.250000	-0.053745
1960.333333	-0.011089
1960.416667	-0.189603
1960.500000	-0.079523
1960.583333	0.089015
1960.666667	0.158387
1960.750000	-0.104308
1960.833333	0.037758
1960.916667	-0.313507
1961.000000	-0.482085
1961.083333	-0.031565
1961.166667	-0.002557
1961.250000	0.113939
1961.333333	-0.273761
1961.416667	-0.081326
1961.500000	0.092718
1961.583333	0.207594
1961.666667	0.115474
1961.750000	-0.062641
1961.833333	-0.217764
1961.916667	0.180884
1962.000000	0.454972
1962.083333	-0.046869
1962.166667	-0.069067
1962.250000	0.177387
1962.333333	0.359672
1962.416667	0.295416
1962.500000	0.632340
1962.583333	-0.095403
1962.666667	-0.028606
1962.750000	0.195559
1962.833333	-0.081867
1962.916667	-0.006150
1963.000000	0.097701
1963.083333	0.311796
1963.166667	0.160201
1963.250000	0.209007
1963.333333	0.006359
1963.416667	-0.096977
1963.500000	-0.021518
1963.583333	0.239368
1963.666667	0.152925
1963.750000	0.657869
1963.833333	0.768561
1963.916667	1.009580
1964.000000	0.320972
1964.083333	0.008079
1964.166667	0.129059
1964.250000	-0.332174
1964.333333	-0.560183
1964.416667	-0.101248
1964.500000	-0.285945
1964.583333	-1.115443
1964.666667	-1.002537
1964.750000	-0.356797
1964.833333	-0.461852
1964.916667	-0.142454
1965.000000	-0.254861
1965.083333	0.286170
1965.166667	0.140330
1965.250000	0.228793
1965.333333	0.166023
1965.416667	-0.252020
1965.500000	-0.291846
1965.583333	-0.063519
1965.666667	-0.426948
1965.750000	-0.098468
1965.833333	0.064427
1965.916667	-0.612871
1966.000000	-0.001349
1966.083333	-0.227264
1966.166667	-0.334036
1966.250000	-0.694297
1966.333333	-0.571031
1966.416667	-0.522684
1966.500000	-0.476933
1966.583333	-0.333609
1966.666667	-0.529912
1966.750000	-0.289983
1966.833333	-0.109119
1966.916667	-0.153403
1967.000000	-0.021651
1967.083333	-0.420086
1967.166667	-0.527159
1967.250000	-0.350140
1967.333333	0.103151
1967.416667	0.478411
1967.500000	-0.161893
1967.583333	0.251200
1967.666667	-0.486747
1967.750000	-0.806413
1967.833333	-0.515201
1967.916667	-0.531756
1968.000000	-0.215055
1968.083333	0.072511
1968.166667	0.188687
1968.250000	0.481375
1968.333333	0.706668
1968.416667	1.481767
1968.500000	0.838466
1968.583333	0.183951
1968.666667	-0.215430
1968.750000	-0.287011
1968.833333	0.064292
1968.916667	0.198400
1969.000000	0.107527
1969.083333	-0.256447
1969.166667	-0.080578
1969.250000	-0.321769
1969.333333	-0.453460
1969.416667	-0.914718
1969.500000	-0.770940
1969.583333	-0.341336
1969.666667	-0.350382
1969.750000	-0.634682
1969.833333	-0.005317
1969.916667	0.053194
1970.000000	-0.024564
1970.083333	0.125854
1970.166667	0.198998
1970.250000	-0.214603
1970.333333	0.158970
1970.416667	0.018325
1970.500000	0.046746
1970.583333	-0.388350
1970.666667	0.096710
1970.750000	-0.084004
1970.833333	0.155561
1970.916667	-0.085128
1971.000000	0.109986
1971.083333	0.055632
1971.166667	-0.095010
1971.250000	0.394620
1971.333333	0.299947
1971.416667	0.552100
1971.500000	0.208610
1971.583333	-0.550736
1971.666667	-0.891716
1971.750000	-0.635035
1971.833333	-0.237661
1971.916667	-0.086398
1972.000000	-0.125670
1972.083333	-0.483891
1972.166667	-0.469165
1972.250000	-0.399410
1972.333333	-0.343109
1972.416667	-0.490760
1972.500000	-0.630692
1972.583333	-0.540949
1972.666667	-0.460735
1972.750000	-0.650358
1972.833333	-0.911559
1972.916667	-0.369159
1973.000000	-0.158989
1973.083333	-0.410929
1973.166667	-0.150859
1973.250000	0.221653
1973.333333	0.652917
1973.416667	0.815289
1973.500000	0.781248
1973.583333	0.627300
1973.666667	0.212884
1973.750000	0.431991
1973.833333	0.584077
1973.916667	0.309513
1974.000000	0.025299
1974.083333	0.471172
1974.166667	0.059880
1974.250000	-0.055353
1974.333333	0.025924
1974.416667	0.344906
1974.500000	0.075139
1974.583333	-0.357188
1974.666667	0.147026
1974.750000	0.787789
1974.833333	0.265462
1974.916667	0.572432
1975.000000	0.655547
1975.083333	0.073225
1975.166667	-0.376000
1975.250000	-0.205536
1975.333333	-0.193258
1975.416667	0.206823
1975.500000	0.851595
1975.583333	0.550850
1975.666667	0.207311
1975.750000	0.353207
1975.833333	0.364952
1975.916667	0.357602
1976.000000	0.444125
1976.083333	-0.019878
1976.166667	-0.052226
1976.250000	-0.155699
1976.333333	-0.494265
1976.416667	-0.885219
1976.500000	-1.259843
1976.583333	-0.818908
1976.666667	-0.749165
1976.750000	-0.981251
1976.833333	-0.520143
1976.916667	-0.115544
1977.000000	0.046923
1977.083333	0.249831
1977.166667	-0.546138
1977.250000	-0.385429
1977.333333	-0.481447
1977.416667	-0.231394
1977.500000	-0.368770
1977.583333	-0.296509
1977.666667	-0.230273
1977.750000	-0.475665
1977.833333	-0.366042
1977.916667	-0.036840
1978.000000	0.048812
1978.083333	-0.425083
1978.166667	0.167452
1978.250000	-0.111674
1978.333333	-0.096315
1978.416667	-0.393438
1978.500000	0.308841
1978.583333	-0.032604
1978.666667	0.037528
1978.750000	0.375623
1978.833333	0.035136
1978.916667	-0.263206
1979.000000	-0.226499
1979.083333	-0.233166
1979.166667	0.242598
1979.250000	0.408828
1979.333333	0.350398
1979.416667	-0.110574
1979.500000	-0.545026
1979.583333	-0.475701
1979.666667	0.014425
1979.750000	-0.659816
1979.833333	-0.717225
1979.916667	-0.313202
1980.000000	0.039628
1980.083333	-0.006578
1980.166667	-0.306491
1980.250000	-0.350143
1980.333333	-0.336372
1980.416667	-0.977247
1980.500000	-0.041586
1980.583333	0.026819
1980.666667	-0.440541
1980.750000	-0.593744
1980.833333	-0.211988
1980.916667	0.377501
1981.000000	0.670382
1981.083333	0.170166
1981.166667	0.174555
1981.250000	-0.054011
1981.333333	0.464909
1981.416667	0.431095
1981.500000	0.359282
1981.583333	0.132654
1981.666667	-0.172331
1981.750000	0.052775
1981.833333	0.475686
1981.916667	0.521833
1982.000000	0.822886
1982.083333	0.605624
1982.166667	0.377836
1982.250000	0.254730
1982.333333	0.535724
1982.416667	-0.637831
1982.500000	-0.437578
1982.583333	-0.284497
1982.666667	-0.279918
1982.750000	-0.063753
1982.833333	-0.009194
1982.916667	0.252869
1983.000000	0.751976
1983.083333	0.233121
1983.166667	0.395656
1983.250000	0.442526
1983.333333	0.383667
1983.416667	0.243672
1983.500000	0.254140
1983.583333	0.256018
1983.666667	0.505181
1983.750000	0.393233
1983.833333	0.517002
1983.916667	0.528381
1984.000000	0.810891
1984.083333	0.730397
1984.166667	0.759108
1984.250000	0.468834
1984.333333	1.076359
1984.416667	0.640020
1984.500000	0.389576
1984.583333	0.250558
1984.666667	0.152558
1984.750000	-0.004264
1984.833333	0.203505
1984.916667	0.127489
1985.000000	0.666031
1985.083333	0.648972
1985.166667	0.143185
1985.250000	0.120127
1985.333333	-0.042363
1985.416667	-0.402079
1985.500000	-0.682319
1985.583333	-1.007368
1985.666667	-0.890046
1985.750000	-0.570741
1985.833333	0.082831
1985.916667	-0.034696
1986.000000	0.532600
1986.083333	0.622994
1986.166667	0.815144
1986.250000	0.913433
1986.333333	0.789680
1986.416667	0.376149
1986.500000	0.241791
1986.583333	0.537090
1986.666667	0.457920
1986.750000	0.211952
1986.833333	0.219305
1986.916667	0.285914
1987.000000	0.766129
1987.083333	0.287079
1987.166667	0.283358
1987.250000	0.332687
1987.333333	0.467033
1987.416667	-0.308769
1987.500000	-0.599976
1987.583333	-0.793689
1987.666667	-0.891963
1987.750000	-0.654305
1987.833333	-0.271627
1987.916667	-0.018141
1988.000000	0.563841
1988.083333	0.294267
1988.166667	0.396046
1988.250000	0.215969
1988.333333	0.230356
1988.416667	0.173456
1988.500000	-0.004228
1988.583333	0.031337
1988.666667	0.135369
1988.750000	0.794468
1988.833333	0.662417
1988.916667	0.530880
1989.000000	0.951128
1989.083333	0.556434
1989.166667	0.548102
1989.250000	0.511622
1989.333333	0.603680
1989.416667	0.695633
1989.500000	0.396922
1989.583333	0.401827
1989.666667	0.295741
1989.750000	0.132447
1989.833333	-0.186270
1989.916667	0.223085
1990.000000	0.899233
1990.083333	0.395849
1990.166667	0.459494
1990.250000	0.616600
1990.333333	0.562907
1990.416667	0.538924
1990.500000	0.948690
1990.583333	0.710488
1990.666667	0.147413
1990.750000	0.397235
1990.833333	0.845800
1990.916667	0.493205
1991.000000	0.971817
1991.083333	1.038022
1991.166667	0.678199
1991.250000	0.453453
1991.333333	0.745503
1991.416667	0.370528
1991.500000	-0.252439
1991.583333	-0.028749
1991.666667	-0.125567
1991.750000	0.314854
1991.833333	1.046708
1991.916667	0.419765
1992.000000	0.775750
1992.083333	0.446364
1992.166667	0.500236
1992.250000	0.555401
1992.333333	0.598504
1992.416667	0.381369
1992.500000	0.101025
1992.583333	-0.507475
1992.666667	-0.302558
1992.750000	0.225144
1992.833333	0.424077
1992.916667	0.274243
1993.000000	0.495235
1993.083333	0.531204
1993.166667	0.511149
1993.250000	0.605182
1993.333333	0.732348
1993.416667	0.350591
1993.500000	0.391165
1993.583333	0.263522
1993.666667	0.186200
1993.750000	0.069332
1993.833333	0.295613
1993.916667	0.284818
1994.000000	0.776660
1994.083333	0.647230
1994.166667	0.542692
1994.250000	0.420862
1994.333333	0.351449
1994.416667	0.255668
1994.500000	-0.042207
1994.583333	-0.003715
1994.666667	0.142523
1994.750000	0.490856
1994.833333	0.441777
1994.916667	0.310434
1995.000000	0.622355
1995.083333	0.195928
1995.166667	0.576826
1995.250000	0.422910
1995.333333	0.629846
1995.416667	0.362600
1995.500000	0.580766
1995.583333	0.551870
1995.666667	0.328350
1995.750000	0.483502
1995.833333	0.650650
1995.916667	1.052487
1996.000000	1.268500
1996.083333	0.959322
1996.166667	0.863307
1996.250000	0.776500
1996.333333	0.972792
1996.416667	1.037810
1996.500000	0.799236
1996.583333	0.770869
1996.666667	1.218945
1996.750000	1.470764
1996.833333	0.797079
1996.916667	0.476712
1997.000000	1.004710
1997.083333	1.020485
1997.166667	0.872621
1997.250000	0.759221
1997.333333	0.520627
1997.416667	0.731103
1997.500000	0.330383
1997.583333	0.169922
1997.666667	0.203263
1997.750000	0.462440
1997.833333	0.920887
1997.916667	0.382837
1998.000000	0.724789
1998.083333	0.588177
1998.166667	0.806397
1998.250000	0.371921
1998.333333	-0.113859
1998.416667	0.413884
1998.500000	1.151046
1998.583333	1.034007
1998.666667	0.594935
1998.750000	0.217727
1998.833333	0.590320
1998.916667	0.198193
1999.000000	0.883239
1999.083333	0.722624
1999.166667	0.385135
1999.250000	-0.008828
1999.333333	0.158281
1999.416667	-0.069603
1999.500000	-0.213081
1999.583333	-0.281662
1999.666667	0.005481
1999.750000	0.004476
1999.833333	0.087567
1999.916667	0.096848
2000.000000	0.630990
2000.083333	0.647408
2000.166667	0.609032
2000.250000	0.536531
2000.333333	0.554153
2000.416667	0.139054
2000.500000	0.448250
2000.583333	0.450685
2000.666667	0.510080
2000.750000	0.530166
2000.833333	0.302317
2000.916667	0.009797
2001.000000	0.889820
2001.083333	0.440488
2001.166667	0.215252
2001.250000	0.170994
2001.333333	0.739203
2001.416667	0.339799
2001.500000	-0.402646
2001.583333	0.047005
2001.666667	-0.109123
2001.750000	-0.156457
2001.833333	0.135232
2001.916667	0.120111
2002.000000	0.644969
2002.083333	0.325064
2002.166667	0.247405
2002.250000	0.186677
2002.333333	0.470687
2002.416667	0.191564
2002.500000	-0.176386
2002.583333	-0.355818
2002.666667	-0.352668
2002.750000	-0.167748
2002.833333	0.352546
2002.916667	0.342759
2003.000000	0.481123
2003.083333	0.606864
2003.166667	0.502114
2003.250000	0.423288
2003.333333	0.248820
2003.416667	-0.260465
2003.500000	0.328764
2003.583333	0.248408
2003.666667	0.042665
2003.750000	0.640881
2003.833333	0.368308
2003.916667	0.277380
2004.000000	0.905800
2004.083333	0.716183
2004.166667	0.707539
2004.250000	0.570518
2004.333333	0.416777
2004.416667	-0.196756
2004.500000	-0.230703
2004.583333	-0.016749
2004.666667	-0.072977
2004.750000	0.257954
2004.833333	0.561416
2004.916667	0.742921
2005.000000	0.983348
2005.083333	0.891854
2005.166667	0.946794
2005.250000	0.810446
2005.333333	0.914199
2005.416667	0.694147
2005.500000	0.356063
2005.583333	0.952889
2005.666667	0.604487
2005.750000	0.719407
2005.833333	0.955621
2005.916667	0.882432
2006.000000	1.205991
2006.083333	1.000052
2006.166667	0.570177
2006.250000	0.404175
2006.333333	0.281828
2006.416667	0.130016
2006.500000	0.365245
2006.583333	1.000287
2006.666667	0.802071
2006.750000	0.192950
2006.833333	0.425427
2006.916667	0.511608
2007.000000	0.853408
2007.083333	0.423219
2007.166667	0.479334
2007.250000	0.402795
2007.333333	0.518162
2007.416667	0.570263
2007.500000	0.609790
2007.583333	0.152739
2007.666667	0.247452
2007.750000	0.051091
2007.833333	0.476165
2007.916667	0.641630
2008.000000	0.809542
2008.083333	0.536211
2008.166667	0.687733
2008.250000	0.188228
2008.333333	0.327499
2008.416667	0.849246
2008.500000	1.159942
2008.583333	0.897992
2008.666667	1.068309
2008.750000	0.694676
2008.833333	0.873243
2008.916667	0.862307
2009.000000	1.227366
2009.083333	1.054311
2009.166667	0.764991
2009.250000	0.723200
2009.333333	0.654108
2009.416667	0.824743
2009.500000	0.556252
2009.583333	0.735158
2009.666667	0.292414
2009.750000	0.438739
2009.833333	0.494422
2009.916667	0.387707
2010.000000	0.931773
2010.083333	0.395504
2010.166667	0.273152
2010.250000	0.057061
2010.333333	0.345986
2010.416667	0.600538
2010.500000	0.396610
2010.583333	0.202357
2010.666667	0.153682
2010.750000	-0.150668
2010.833333	0.382263
2010.916667	0.497086
2011.000000	0.960211
2011.083333	0.878501
2011.166667	0.399108
2011.250000	0.046473
2011.333333	0.269231
2011.416667	0.399327
2011.500000	0.203677
2011.583333	0.348556
2011.666667	0.314328
2011.750000	0.004058
2011.833333	0.285114
2011.916667	0.225583
2012.000000	0.968360
2012.083333	0.690268
2012.166667	0.315215
2012.250000	0.348996
2012.333333	0.687714
2012.416667	0.687986
2012.500000	0.663641
2012.583333	0.377092
2012.666667	0.384485
2012.750000	0.612961
2012.833333	0.954688
2012.916667	0.698200
2013.000000	0.819402
2013.083333	0.689595
2013.166667	0.659651
2013.250000	0.362766
2013.333333	0.540672
2013.416667	0.866675
2013.500000	1.348640
2013.583333	1.608721
2013.666667	0.818229
2013.750000	0.219268
2013.833333	0.548974
2013.916667	0.893566
2014.000000	1.262961
2014.083333	0.925278
2014.166667	0.804504
2014.250000	0.475838
2014.333333	0.642553
2014.416667	0.845591
2014.500000	1.024995
2014.583333	0.978757
2014.666667	1.153420
2014.750000	0.528837
2014.833333	0.627954
2014.916667	0.591847
2015.000000	1.051681
2015.083333	0.829585
2015.166667	0.515030
2015.250000	0.217490
2015.333333	0.370734
2015.416667	0.269502
2015.500000	0.140196
2015.583333	0.266653
2015.666667	0.574527
2015.750000	0.339047
2015.833333	0.409952
2015.916667	0.396187
2016.000000	0.517737
2016.083333	0.551105
2016.166667	0.601759
2016.250000	0.345861
2016.333333	0.281300
2016.416667	0.735532
2016.500000	0.927134
2016.583333	0.925591
2016.666667	0.584974
2016.750000	0.296040
2016.833333	0.086979
2016.916667	0.136710
2017.000000	0.507682
2017.083333	0.738922
2017.166667	0.725017
2017.250000	0.733034
2017.333333	0.723214
2017.416667	0.535604
2017.500000	0.543251
2017.583333	0.974217
2017.666667	0.674069
2017.750000	0.605591
2017.833333	0.376053
2017.916667	0.139461
2018.000000	1.006435
2018.083333	1.142358
2018.166667	0.898656
2018.250000	0.576546
2018.333333	0.576497
2018.416667	0.285274
2018.500000	0.389304
2018.583333	0.590863
2018.666667	0.285912
2018.750000	0.631854
2018.833333	1.058564
2018.916667	0.857329
2019.000000	1.142076
2019.083333	0.413859
2019.166667	0.412978
2019.250000	0.534632
2019.333333	0.841553
2019.416667	0.479662
2019.500000	0.440933
2019.583333	0.404036
2019.666667	0.393234
2019.750000	0.253484
2019.833333	0.858099
2019.916667	0.652384
2020.000000	1.066242
2020.083333	0.868984
2020.166667	0.516748
2020.250000	0.694893
2020.333333	0.651044
2020.416667	0.880365
2020.500000	1.192230
2020.583333	0.529542
2020.666667	0.793133
2020.750000	1.256610
2020.833333	1.318027
2020.916667	1.110135
2021.000000	1.205594
2021.083333	0.902044
2021.166667	0.532664
2021.250000	0.596270
2021.333333	0.775381
2021.416667	0.573450
2021.500000	1.221951
2021.583333	1.540439
2021.666667	1.318434
2021.750000	0.970045
2021.833333	1.054871
2021.916667	0.725879
2022.000000	0.867903
2022.083333	0.958902
2022.166667	0.846711
2022.250000	0.885787
2022.333333	0.834436
2022.416667	1.417993
2022.500000	2.416838
2022.583333	1.661591
2022.666667	0.929911
2022.750000	0.655124
2022.833333	0.984677
2022.916667	0.718437
2023.000000	0.907003
