1856.000000	-0.977766
1856.083333	-0.853668
1856.166667	-1.020906
1856.250000	-1.342198
1856.333333	-1.421052
1856.416667	-1.169669
1856.500000	-1.201963
1856.583333	-0.745964
1856.666667	-0.028199
1856.750000	-0.026795
1856.833333	-0.229826
1856.916667	0.017353
1857.000000	0.032294
1857.083333	-0.056088
1857.166667	0.126859
1857.250000	0.059900
1857.333333	-0.396934
1857.416667	-0.244707
1857.500000	0.162184
1857.583333	0.284180
1857.666667	0.204054
1857.750000	0.161371
1857.833333	-0.081166
1857.916667	0.088231
1858.000000	0.088016
1858.083333	-0.236627
1858.166667	-0.553607
1858.250000	-0.673388
1858.333333	-0.598825
1858.416667	-0.584446
1858.500000	-0.331389
1858.583333	0.092221
1858.666667	0.141577
1858.750000	0.254505
1858.833333	0.354685
1858.916667	0.122447
1859.000000	-0.074876
1859.083333	0.256947
1859.166667	0.505607
1859.250000	0.762609
1859.333333	0.563945
1859.416667	0.666900
1859.500000	0.568698
1859.583333	0.795002
1859.666667	0.570630
1859.750000	0.047661
1859.833333	-0.231144
1859.916667	-0.193157
1860.000000	0.295407
1860.083333	0.102361
1860.166667	-0.151507
1860.250000	-0.455294
1860.333333	-0.611079
1860.416667	-1.090501
1860.500000	-1.052381
1860.583333	-0.574384
1860.666667	-0.184483
1860.750000	0.207553
1860.833333	-0.292782
1860.916667	-0.358041
1861.000000	-0.684049
1861.083333	-1.047644
1861.166667	-1.091538
1861.250000	-1.126885
1861.333333	-1.264032
1861.416667	-1.047661
1861.500000	-0.197504
1861.583333	-0.275028
1861.666667	-0.472861
1861.750000	-0.208477
1861.833333	-0.246483
1861.916667	0.072952
1862.000000	0.143623
1862.083333	0.376605
1862.166667	0.797684
1862.250000	0.912611
1862.333333	1.478944
1862.416667	0.343350
1862.500000	-0.119449
1862.583333	0.025449
1862.666667	0.193356
1862.750000	0.142649
1862.833333	0.260853
1862.916667	-0.001746
1863.000000	0.026569
1863.083333	0.386228
1863.166667	1.020309
1863.250000	0.717387
1863.333333	0.553410
1863.416667	0.219951
1863.500000	0.031347
1863.583333	-0.128174
1863.666667	0.170663
1863.750000	0.047888
1863.833333	-0.317374
1863.916667	-0.474326
1864.000000	-0.943873
1864.083333	-1.134874
1864.166667	-0.779415
1864.250000	-0.437698
1864.333333	-0.105744
1864.416667	0.038953
1864.500000	-0.582279
1864.583333	-0.613886
1864.666667	-0.589674
1864.750000	-0.593310
1864.833333	-0.520944
1864.916667	-0.598008
1865.000000	-0.623492
1865.083333	-0.787956
1865.166667	-1.100796
1865.250000	-0.310512
1865.333333	0.946450
1865.416667	0.249069
1865.500000	-0.206197
1865.583333	0.024671
1865.666667	0.611780
1865.750000	0.743676
1865.833333	0.860705
1865.916667	1.055287
1866.000000	1.183091
1866.083333	1.158586
1866.166667	1.056757
1866.250000	1.110694
1866.333333	0.693938
1866.416667	0.283696
1866.500000	0.161758
1866.583333	-0.367854
1866.666667	0.389671
1866.750000	0.357742
1866.833333	0.181379
1866.916667	-0.000427
1867.000000	-0.066090
1867.083333	-0.151651
1867.166667	-0.460103
1867.250000	-1.234291
1867.333333	-2.427797
1867.416667	-2.808647
1867.500000	-2.108515
1867.583333	-1.432362
1867.666667	-1.063637
1867.750000	-1.321402
1867.833333	-1.449856
1867.916667	-1.279522
1868.000000	-0.468612
1868.083333	-0.060624
1868.166667	0.275956
1868.250000	0.677306
1868.333333	1.217988
1868.416667	1.912923
1868.500000	2.153548
1868.583333	2.402645
1868.666667	2.068494
1868.750000	1.491476
1868.833333	1.604483
1868.916667	1.219249
1869.000000	0.607164
1869.083333	0.466252
1869.166667	0.591848
1869.250000	-0.179656
1869.333333	-0.725376
1869.416667	-1.805390
1869.500000	-1.647559
1869.583333	-1.828962
1869.666667	-0.914942
1869.750000	-0.457752
1869.833333	-0.321149
1869.916667	-0.473132
1870.000000	-0.339684
1870.083333	-0.490077
1870.166667	-1.219010
1870.250000	-0.836024
1870.333333	-0.835000
1870.416667	-0.388564
1870.500000	-0.364319
1870.583333	-0.009650
1870.666667	-0.330109
1870.750000	-0.635921
1870.833333	-0.987901
1870.916667	-1.302408
1871.000000	-1.243955
1871.083333	-0.924898
1871.166667	-1.075839
1871.250000	-1.328462
1871.333333	-1.370718
1871.416667	-1.788269
1871.500000	-1.299528
1871.583333	-0.853989
1871.666667	-0.868380
1871.750000	-1.355703
1871.833333	-1.463151
1871.916667	-1.114298
1872.000000	-0.389996
1872.083333	-0.240850
1872.166667	0.046206
1872.250000	-0.112813
1872.333333	0.033753
1872.416667	0.792464
1872.500000	0.913506
1872.583333	1.014359
1872.666667	1.463661
1872.750000	0.452141
1872.833333	0.409510
1872.916667	0.332715
1873.000000	0.230540
1873.083333	-0.098449
1873.166667	-0.321957
1873.250000	-1.027710
1873.333333	-1.494167
1873.416667	-0.736483
1873.500000	0.213309
1873.583333	0.362700
1873.666667	0.309309
1873.750000	-0.020657
1873.833333	-0.103341
1873.916667	0.406562
1874.000000	0.688780
1874.083333	0.371335
1874.166667	0.277742
1874.250000	0.254633
1874.333333	-0.591065
1874.416667	-0.992227
1874.500000	-0.495172
1874.583333	-0.390579
1874.666667	-0.098617
1874.750000	0.952272
1874.833333	0.245533
1874.916667	-0.108085
1875.000000	0.165376
1875.083333	0.490779
1875.166667	-0.129569
1875.250000	-1.094405
1875.333333	-0.911419
1875.416667	-0.041427
1875.500000	1.306953
1875.583333	0.489740
1875.666667	0.652708
1875.750000	0.963267
1875.833333	0.641566
1875.916667	0.047937
1876.000000	-0.112554
1876.083333	0.109568
1876.166667	0.214098
1876.250000	0.434241
1876.333333	0.529050
1876.416667	0.608226
1876.500000	0.745105
1876.583333	-0.253969
1876.666667	-0.996964
1876.750000	-0.521451
1876.833333	-1.457376
1876.916667	-0.847334
1877.000000	-0.432784
1877.083333	-0.401369
1877.166667	-0.827303
1877.250000	-1.521949
1877.333333	-2.231883
1877.416667	-1.384132
1877.500000	-1.219532
1877.583333	-0.850272
1877.666667	-1.655289
1877.750000	-1.722441
1877.833333	-0.573767
1877.916667	-1.168921
1878.000000	-0.412978
1878.083333	-0.090348
1878.166667	0.113944
1878.250000	0.528055
1878.333333	0.002410
1878.416667	-1.028114
1878.500000	-0.202516
1878.583333	0.320347
1878.666667	0.678110
1878.750000	1.001518
1878.833333	0.501575
1878.916667	-0.329594
1879.000000	-1.376599
1879.083333	-1.827430
1879.166667	-1.752607
1879.250000	-1.411185
1879.333333	-0.536905
1879.416667	-0.977345
1879.500000	-0.742345
1879.583333	-0.299123
1879.666667	-0.837907
1879.750000	-0.736770
1879.833333	-0.748510
1879.916667	-1.146229
1880.000000	-0.571290
1880.083333	-0.923281
1880.166667	-0.995538
1880.250000	-1.019281
1880.333333	-0.930074
1880.416667	-0.255643
1880.500000	-0.517233
1880.583333	-0.337435
1880.666667	-0.155669
1880.750000	-0.191898
1880.833333	-0.396906
1880.916667	-0.313112
1881.000000	-0.398059
1881.083333	-0.480552
1881.166667	-0.883571
1881.250000	-0.443319
1881.333333	-0.723858
1881.416667	-1.631506
1881.500000	-1.364622
1881.583333	-0.191491
1881.666667	-0.441738
1881.750000	-0.672836
1881.833333	-0.681647
1881.916667	-0.516817
1882.000000	-0.486768
1882.083333	-0.666968
1882.166667	-1.035945
1882.250000	-1.080363
1882.333333	-0.553530
1882.416667	0.115088
1882.500000	1.019305
1882.583333	1.202796
1882.666667	1.205467
1882.750000	0.449960
1882.833333	0.570388
1882.916667	0.523403
1883.000000	0.383868
1883.083333	0.266708
1883.166667	-0.227937
1883.250000	-0.555924
1883.333333	0.142835
1883.416667	-0.129233
1883.500000	0.126706
1883.583333	0.157101
1883.666667	0.713740
1883.750000	0.685604
1883.833333	0.642316
1883.916667	0.334139
1884.000000	0.040656
1884.083333	0.092830
1884.166667	0.286669
1884.250000	-0.241203
1884.333333	-0.748204
1884.416667	-0.320635
1884.500000	0.661731
1884.583333	0.841624
1884.666667	1.259318
1884.750000	0.552073
1884.833333	0.213305
1884.916667	-0.174269
1885.000000	0.183590
1885.083333	0.107011
1885.166667	-0.115140
1885.250000	-0.311921
1885.333333	-0.703499
1885.416667	-0.817615
1885.500000	0.294602
1885.583333	-0.161626
1885.666667	0.215669
1885.750000	0.387894
1885.833333	-0.065315
1885.916667	-0.013852
1886.000000	0.177255
1886.083333	0.237074
1886.166667	0.308324
1886.250000	0.458997
1886.333333	0.878594
1886.416667	0.279521
1886.500000	0.219730
1886.583333	0.192466
1886.666667	0.829263
1886.750000	0.732290
1886.833333	1.047357
1886.916667	0.804789
1887.000000	0.616984
1887.083333	0.037351
1887.166667	-0.400799
1887.250000	-0.913575
1887.333333	-0.853755
1887.416667	-1.572672
1887.500000	-1.122309
1887.583333	-0.864967
1887.666667	-1.081259
1887.750000	-1.325053
1887.833333	-1.063327
1887.916667	-0.966119
1888.000000	-1.511698
1888.083333	-1.921580
1888.166667	-2.616632
1888.250000	-2.092889
1888.333333	-1.511066
1888.416667	-1.357859
1888.500000	-1.693241
1888.583333	-1.239795
1888.666667	0.238518
1888.750000	-0.150149
1888.833333	0.165208
1888.916667	1.030955
1889.000000	1.081901
1889.083333	0.597022
1889.166667	-0.229515
1889.250000	-0.833693
1889.333333	-0.445744
1889.416667	0.037938
1889.500000	-0.096604
1889.583333	0.194058
1889.666667	0.457310
1889.750000	0.302781
1889.833333	0.616291
1889.916667	0.829214
1890.000000	1.490319
1890.083333	1.450988
1890.166667	1.392623
1890.250000	1.056131
1890.333333	0.805903
1890.416667	0.031725
1890.500000	-0.678432
1890.583333	-0.200966
1890.666667	0.267042
1890.750000	-0.589278
1890.833333	-0.359667
1890.916667	-0.803366
1891.000000	-0.614322
1891.083333	-0.220907
1891.166667	-0.046554
1891.250000	-0.191396
1891.333333	-0.567431
1891.416667	-0.484019
1891.500000	0.471388
1891.583333	-0.498711
1891.666667	-0.415680
1891.750000	0.111313
1891.833333	-0.184713
1891.916667	-0.379954
1892.000000	-0.203523
1892.083333	-0.135567
1892.166667	-0.258665
1892.250000	-0.686961
1892.333333	-1.017510
1892.416667	-0.730059
1892.500000	-1.578523
1892.583333	-1.246929
1892.666667	-0.867828
1892.750000	-1.137224
1892.833333	-1.343658
1892.916667	-1.026948
1893.000000	-1.272815
1893.083333	-0.662189
1893.166667	-0.486774
1893.250000	-0.737174
1893.333333	-0.564326
1893.416667	-0.362168
1893.500000	-0.361910
1893.583333	-0.123798
1893.666667	-0.887512
1893.750000	-0.522825
1893.833333	-0.913810
1893.916667	-1.303062
1894.000000	-1.268831
1894.083333	-0.273280
1894.166667	-0.054625
1894.250000	0.236922
1894.333333	0.129698
1894.416667	-0.607007
1894.500000	-0.010656
1894.583333	-0.043674
1894.666667	-1.415682
1894.750000	-1.256652
1894.833333	-0.796515
1894.916667	-0.300831
1895.000000	-0.780880
1895.083333	-0.936200
1895.166667	-1.149572
1895.250000	-1.248279
1895.333333	0.046672
1895.416667	-0.388179
1895.500000	-0.323332
1895.583333	-0.061215
1895.666667	0.072696
1895.750000	0.271850
1895.833333	-0.308911
1895.916667	-0.946515
1896.000000	-0.466510
1896.083333	0.204574
1896.166667	0.571377
1896.250000	0.522229
1896.333333	0.279472
1896.416667	0.202188
1896.500000	1.317900
1896.583333	0.424805
1896.666667	0.128905
1896.750000	-0.371817
1896.833333	-0.426825
1896.916667	-0.785278
1897.000000	-1.595402
1897.083333	-1.324229
1897.166667	-0.289208
1897.250000	0.045829
1897.333333	-0.184227
1897.416667	-0.519675
1897.500000	-0.433940
1897.583333	0.741255
1897.666667	0.343031
1897.750000	0.206688
1897.833333	-0.293388
1897.916667	-0.033190
1898.000000	0.225757
1898.083333	0.516984
1898.166667	0.019832
1898.250000	-0.092000
1898.333333	-0.312191
1898.416667	-0.278391
1898.500000	-0.938410
1898.583333	-1.074500
1898.666667	-0.697221
1898.750000	-0.536533
1898.833333	0.089463
1898.916667	0.671843
1899.000000	0.841565
1899.083333	0.306270
1899.166667	0.173121
1899.250000	0.359140
1899.333333	-0.409693
1899.416667	-0.827347
1899.500000	-0.005797
1899.583333	-0.419466
1899.666667	-0.855477
1899.750000	-1.166148
1899.833333	-0.696099
1899.916667	-0.591381
1900.000000	-0.704736
1900.083333	-0.511055
1900.166667	-1.008720
1900.250000	-0.887738
1900.333333	-1.074282
1900.416667	-1.212455
1900.500000	-0.598032
1900.583333	-0.249556
1900.666667	0.181014
1900.750000	0.379457
1900.833333	0.577441
1900.916667	1.112493
1901.000000	0.576764
1901.083333	0.279282
1901.166667	-0.016017
1901.250000	0.022864
1901.333333	0.050876
1901.416667	0.233409
1901.500000	1.387394
1901.583333	1.108873
1901.666667	0.912488
1901.750000	0.814121
1901.833333	0.053998
1901.916667	-0.097089
1902.000000	-0.766420
1902.083333	-0.304408
1902.166667	-1.037685
1902.250000	-1.685453
1902.333333	-1.831387
1902.416667	-2.936994
1902.500000	-2.525150
1902.583333	-1.945420
1902.666667	-2.466694
1902.750000	-2.091085
1902.833333	-1.346618
1902.916667	-0.827596
1903.000000	-0.457110
1903.083333	0.092711
1903.166667	0.406079
1903.250000	-0.156493
1903.333333	-0.981294
1903.416667	-0.893767
1903.500000	-1.080106
1903.583333	-1.094885
1903.666667	-0.616206
1903.750000	-0.470646
1903.833333	0.126429
1903.916667	-0.163403
1904.000000	0.400345
1904.083333	0.170052
1904.166667	-0.201287
1904.250000	-0.210129
1904.333333	-1.592806
1904.416667	-1.224697
1904.500000	-1.712034
1904.583333	-1.241891
1904.666667	-0.059332
1904.750000	0.281583
1904.833333	0.332250
1904.916667	0.671199
1905.000000	0.527234
1905.083333	0.217489
1905.166667	0.251003
1905.250000	-0.185734
1905.333333	-0.539815
1905.416667	0.580370
1905.500000	0.951077
1905.583333	0.279202
1905.666667	-0.227911
1905.750000	-1.085972
1905.833333	-0.743401
1905.916667	-0.136339
1906.000000	0.415548
1906.083333	0.601383
1906.166667	0.170716
1906.250000	-0.071806
1906.333333	-0.192211
1906.416667	0.147585
1906.500000	0.035276
1906.583333	0.153589
1906.666667	0.110214
1906.750000	0.266763
1906.833333	0.372427
1906.916667	0.059475
1907.000000	0.000108
1907.083333	-0.416443
1907.166667	0.156601
1907.250000	-0.114833
1907.333333	-1.014687
1907.416667	-1.438737
1907.500000	-1.770397
1907.583333	-2.288142
1907.666667	-1.244350
1907.750000	1.264952
1907.833333	1.151768
1907.916667	0.354962
1908.000000	0.277763
1908.083333	0.049325
1908.166667	-0.213053
1908.250000	-0.375725
1908.333333	-1.082675
1908.416667	-0.843363
1908.500000	-0.438282
1908.583333	0.274211
1908.666667	-0.069009
1908.750000	0.252426
1908.833333	-0.649063
1908.916667	0.024128
1909.000000	-0.153958
1909.083333	-1.367098
1909.166667	-1.073708
1909.250000	-1.093753
1909.333333	-1.969275
1909.416667	-1.639794
1909.500000	-1.101603
1909.583333	-1.052668
1909.666667	-0.124105
1909.750000	1.136375
1909.833333	0.056039
1909.916667	-0.371545
1910.000000	0.456897
1910.083333	0.817651
1910.166667	0.798208
1910.250000	0.401999
1910.333333	-0.172527
1910.416667	0.461270
1910.500000	-0.264201
1910.583333	0.049611
1910.666667	0.717631
1910.750000	0.229008
1910.833333	-0.437251
1910.916667	-0.206692
1911.000000	0.251712
1911.083333	-0.081214
1911.166667	-0.013483
1911.250000	-0.494319
1911.333333	-0.177421
1911.416667	-0.708320
1911.500000	-1.239729
1911.583333	0.471812
1911.666667	-0.178059
1911.750000	-0.373572
1911.833333	-0.007964
1911.916667	0.125168
1912.000000	-0.467507
1912.083333	-0.647512
1912.166667	0.239432
1912.250000	-0.084493
1912.333333	-1.004442
1912.416667	-0.874292
1912.500000	0.733854
1912.583333	0.494667
1912.666667	-0.897305
1912.750000	-1.599988
1912.833333	-1.317727
1912.916667	0.001329
1913.000000	-0.065878
1913.083333	-0.056272
1913.166667	0.327061
1913.250000	0.285445
1913.333333	-0.007061
1913.416667	-0.233543
1913.500000	-0.179676
1913.583333	0.036427
1913.666667	0.673274
1913.750000	0.141101
1913.833333	0.623252
1913.916667	0.500127
1914.000000	0.058968
1914.083333	0.896294
1914.166667	0.699383
1914.250000	0.722799
1914.333333	0.138944
1914.416667	0.376243
1914.500000	1.801015
1914.583333	1.029275
1914.666667	0.416454
1914.750000	-0.496046
1914.833333	-0.442888
1914.916667	0.338340
1915.000000	0.077014
1915.083333	-0.149671
1915.166667	-1.014391
1915.250000	-0.796849
1915.333333	-1.144924
1915.416667	-1.780413
1915.500000	-0.558088
1915.583333	-0.354452
1915.666667	-0.910348
1915.750000	-1.120499
1915.833333	-0.608444
1915.916667	-0.900807
1916.000000	-0.442825
1916.083333	0.273328
1916.166667	-0.173511
1916.250000	-0.262546
1916.333333	0.170433
1916.416667	-0.398745
1916.500000	-0.545216
1916.583333	-0.623848
1916.666667	-0.254635
1916.750000	-0.428785
1916.833333	-0.074418
1916.916667	-0.437695
1917.000000	-0.563855
1917.083333	-1.205837
1917.166667	-1.332988
1917.250000	-1.507333
1917.333333	-1.545696
1917.416667	-0.731477
1917.500000	-0.842925
1917.583333	-0.542135
1917.666667	-0.645572
1917.750000	-0.504538
1917.833333	-0.649805
1917.916667	-0.876961
1918.000000	-1.057753
1918.083333	-1.376883
1918.166667	-1.281779
1918.250000	-1.107881
1918.333333	-0.703618
1918.416667	-0.907003
1918.500000	-1.242146
1918.583333	-1.099639
1918.666667	-1.414597
1918.750000	-1.418373
1918.833333	-1.072177
1918.916667	-0.974208
1919.000000	-0.975515
1919.083333	-1.206652
1919.166667	-1.124817
1919.250000	-0.523394
1919.333333	-0.260960
1919.416667	-0.407728
1919.500000	-0.689934
1919.583333	-1.886128
1919.666667	-1.067379
1919.750000	-1.576607
1919.833333	-1.918460
1919.916667	-1.628947
1920.000000	-1.356104
1920.083333	-0.168860
1920.166667	0.039601
1920.250000	0.045493
1920.333333	-0.020769
1920.416667	0.115435
1920.500000	0.691325
1920.583333	-0.394863
1920.666667	-0.217167
1920.750000	0.005340
1920.833333	-0.282355
1920.916667	-0.225512
1921.000000	0.476581
1921.083333	0.574149
1921.166667	1.143296
1921.250000	1.185192
1921.333333	1.529261
1921.416667	0.373611
1921.500000	-0.449232
1921.583333	-0.316219
1921.666667	-0.384515
1921.750000	-0.147049
1921.833333	-1.130288
1921.916667	-0.890539
1922.000000	-0.357687
1922.083333	-0.928547
1922.166667	-0.727060
1922.250000	-0.535906
1922.333333	-0.747802
1922.416667	0.063950
1922.500000	-0.326822
1922.583333	-0.075405
1922.666667	0.160343
1922.750000	-0.202088
1922.833333	-0.616069
1922.916667	-0.101087
1923.000000	-0.234220
1923.083333	-0.874807
1923.166667	-0.803509
1923.250000	-0.882713
1923.333333	-0.624119
1923.416667	-1.356960
1923.500000	-0.847070
1923.583333	-1.190908
1923.666667	-0.741718
1923.750000	0.222325
1923.833333	0.039807
1923.916667	-0.041464
1924.000000	-0.335602
1924.083333	-0.111050
1924.166667	-0.666973
1924.250000	-0.915319
1924.333333	-1.252950
1924.416667	-1.396861
1924.500000	-0.749019
1924.583333	0.763310
1924.666667	0.878804
1924.750000	0.871083
1924.833333	0.297633
1924.916667	0.632359
1925.000000	1.229984
1925.083333	0.796172
1925.166667	0.030245
1925.250000	0.495285
1925.333333	0.578111
1925.416667	0.111812
1925.500000	1.112303
1925.583333	1.224113
1925.666667	-0.088206
1925.750000	-1.203951
1925.833333	-1.299760
1925.916667	-1.439661
1926.000000	-1.127733
1926.083333	-0.544148
1926.166667	-0.364401
1926.250000	0.242659
1926.333333	-0.182812
1926.416667	0.105382
1926.500000	0.927556
1926.583333	0.277806
1926.666667	0.130804
1926.750000	-0.490923
1926.833333	-0.436791
1926.916667	-0.055613
1927.000000	-0.051953
1927.083333	0.301080
1927.166667	0.606066
1927.250000	0.159115
1927.333333	-0.961974
1927.416667	-1.319997
1927.500000	0.516882
1927.583333	1.268933
1927.666667	1.001543
1927.750000	-0.555490
1927.833333	-0.517285
1927.916667	-0.946565
1928.000000	-0.550176
1928.083333	0.122960
1928.166667	-0.233071
1928.250000	-0.242993
1928.333333	-1.052231
1928.416667	-2.379086
1928.500000	-2.011320
1928.583333	-1.329550
1928.666667	-0.291139
1928.750000	-0.068419
1928.833333	0.497409
1928.916667	0.145212
1929.000000	-0.279866
1929.083333	-0.860619
1929.166667	-0.892201
1929.250000	-1.298843
1929.333333	-1.962785
1929.416667	-2.106222
1929.500000	-1.936324
1929.583333	-0.930973
1929.666667	-0.032769
1929.750000	0.048652
1929.833333	0.409909
1929.916667	0.734976
1930.000000	1.221645
1930.083333	0.798557
1930.166667	0.908358
1930.250000	0.693687
1930.333333	0.633797
1930.416667	0.722725
1930.500000	1.152492
1930.583333	1.053380
1930.666667	0.225186
1930.750000	0.022718
1930.833333	0.320480
1930.916667	0.261527
1931.000000	-0.037201
1931.083333	-0.421202
1931.166667	-0.578027
1931.250000	-0.783014
1931.333333	-0.777334
1931.416667	-1.655786
1931.500000	-0.903639
1931.583333	-0.515453
1931.666667	-1.305953
1931.750000	-1.251528
1931.833333	-1.035078
1931.916667	-0.781154
1932.000000	0.087242
1932.083333	-0.150152
1932.166667	-0.616774
1932.250000	-0.425492
1932.333333	-0.415526
1932.416667	-0.049360
1932.500000	0.832730
1932.583333	1.403012
1932.666667	0.224231
1932.750000	-0.249307
1932.833333	0.322199
1932.916667	0.519119
1933.000000	0.819184
1933.083333	0.143699
1933.166667	0.235407
1933.250000	-0.068110
1933.333333	-0.361860
1933.416667	0.606783
1933.500000	1.302336
1933.583333	0.702368
1933.666667	0.699162
1933.750000	0.667793
1933.833333	0.025222
1933.916667	-0.565456
1934.000000	0.353166
1934.083333	0.495526
1934.166667	0.792348
1934.250000	0.322751
1934.333333	0.664370
1934.416667	-0.312602
1934.500000	0.835104
1934.583333	1.566645
1934.666667	2.509321
1934.750000	1.647721
1934.833333	0.726343
1934.916667	1.530524
1935.000000	0.583876
1935.083333	0.506484
1935.166667	0.712322
1935.250000	0.444938
1935.333333	-0.459673
1935.416667	-0.121832
1935.500000	0.885943
1935.583333	0.581771
1935.666667	0.741489
1935.750000	0.908674
1935.833333	0.890945
1935.916667	0.862748
1936.000000	1.249143
1936.083333	0.400648
1936.166667	0.666602
1936.250000	-0.001908
1936.333333	0.072337
1936.416667	0.996666
1936.500000	2.299911
1936.583333	0.905849
1936.666667	0.820821
1936.750000	-0.536330
1936.833333	0.490275
1936.916667	0.797336
1937.000000	0.711036
1937.083333	-0.139262
1937.166667	-0.057178
1937.250000	0.059184
1937.333333	0.784003
1937.416667	1.159142
1937.500000	2.474988
1937.583333	2.738749
1937.666667	1.591879
1937.750000	1.450437
1937.833333	0.852867
1937.916667	-0.143804
1938.000000	0.582931
1938.083333	1.093805
1938.166667	1.383811
1938.250000	0.821780
1938.333333	-0.136989
1938.416667	-0.020217
1938.500000	0.837135
1938.583333	2.282429
1938.666667	1.672740
1938.750000	1.716979
1938.833333	1.607643
1938.916667	0.883463
1939.000000	0.784177
1939.083333	1.110095
1939.166667	0.976076
1939.250000	0.608775
1939.333333	0.280046
1939.416667	0.513218
1939.500000	1.181089
1939.583333	2.416834
1939.666667	1.885585
1939.750000	1.041154
1939.833333	0.420732
1939.916667	-1.031034
1940.000000	-1.171038
1940.083333	-1.167547
1940.166667	-0.626749
1940.250000	-0.614532
1940.333333	-0.953524
1940.416667	-0.341775
1940.500000	-0.272808
1940.583333	-0.516538
1940.666667	-0.791675
1940.750000	-0.750934
1940.833333	-0.885616
1940.916667	-0.902981
1941.000000	-1.286294
1941.083333	-1.616129
1941.166667	-1.687574
1941.250000	-1.703349
1941.333333	-1.735231
1941.416667	-0.858806
1941.500000	0.350945
1941.583333	0.518412
1941.666667	0.499541
1941.750000	0.275898
1941.833333	-0.684942
1941.916667	-1.079697
1942.000000	-1.202183
1942.083333	-1.449061
1942.166667	-1.906050
1942.250000	-1.647678
1942.333333	-1.658467
1942.416667	-1.281731
1942.500000	-1.224516
1942.583333	-0.715425
1942.666667	-0.161360
1942.750000	-0.002316
1942.833333	0.065650
1942.916667	0.032952
1943.000000	-0.059741
1943.083333	0.268704
1943.166667	-0.111134
1943.250000	0.137424
1943.333333	0.629613
1943.416667	0.831776
1943.500000	0.938003
1943.583333	0.715785
1943.666667	0.687877
1943.750000	0.806983
1943.833333	1.123630
1943.916667	0.451675
1944.000000	0.183782
1944.083333	0.547577
1944.166667	-0.167187
1944.250000	-0.489194
1944.333333	-0.571903
1944.416667	-0.714277
1944.500000	-0.045033
1944.583333	0.264003
1944.666667	0.033124
1944.750000	0.028662
1944.833333	0.250041
1944.916667	0.592861
1945.000000	0.602136
1945.083333	0.391839
1945.166667	0.701350
1945.250000	0.410895
1945.333333	0.023399
1945.416667	0.604788
1945.500000	1.483355
1945.583333	0.935994
1945.666667	0.363511
1945.750000	-0.130034
1945.833333	0.228440
1945.916667	-0.024151
1946.000000	-0.570512
1946.083333	-0.323752
1946.166667	-0.542955
1946.250000	-0.810966
1946.333333	-0.531017
1946.416667	-0.015240
1946.500000	0.638609
1946.583333	0.853092
1946.666667	1.147296
1946.750000	0.411956
1946.833333	0.383404
1946.916667	0.518330
1947.000000	-0.064094
1947.083333	-1.147368
1947.166667	-1.701815
1947.250000	-1.303009
1947.333333	-0.073030
1947.416667	0.506747
1947.500000	0.937987
1947.583333	1.144456
1947.666667	1.405635
1947.750000	0.262393
1947.833333	-0.141874
1947.916667	0.076863
1948.000000	-0.348194
1948.083333	-0.103294
1948.166667	-0.271824
1948.250000	0.317924
1948.333333	-0.299230
1948.416667	0.133233
1948.500000	-0.054471
1948.583333	-0.273972
1948.666667	-0.093731
1948.750000	-0.514964
1948.833333	-0.339100
1948.916667	0.184608
1949.000000	0.562402
1949.083333	0.904125
1949.166667	0.340968
1949.250000	0.141191
1949.333333	0.221759
1949.416667	-0.452859
1949.500000	-0.443953
1949.583333	0.358660
1949.666667	1.200601
1949.750000	1.422157
1949.833333	1.306863
1949.916667	0.928821
1950.000000	0.614841
1950.083333	0.872334
1950.166667	1.339634
1950.250000	0.364600
1950.333333	-0.702533
1950.416667	-0.498184
1950.500000	0.088269
1950.583333	1.261580
1950.666667	0.846515
1950.750000	0.136098
1950.833333	-0.094536
1950.916667	-0.172960
1951.000000	-0.419538
1951.083333	0.221640
1951.166667	-0.042222
1951.250000	-0.621310
1951.333333	-1.246487
1951.416667	-1.805759
1951.500000	-1.250269
1951.583333	-0.177506
1951.666667	1.302257
1951.750000	1.573527
1951.833333	1.192004
1951.916667	0.802744
1952.000000	0.916304
1952.083333	0.237376
1952.166667	0.200644
1952.250000	0.479099
1952.333333	-0.019657
1952.416667	-0.754190
1952.500000	-0.270667
1952.583333	-0.695948
1952.666667	-1.386884
1952.750000	-1.054044
1952.833333	-0.857907
1952.916667	-0.362520
1953.000000	-0.020013
1953.083333	-0.281235
1953.166667	0.192483
1953.250000	0.438529
1953.333333	0.406359
1953.416667	1.323274
1953.500000	1.547385
1953.583333	0.971569
1953.666667	0.807775
1953.750000	1.057349
1953.833333	1.134511
1953.916667	1.333749
1954.000000	0.532480
1954.083333	-0.131823
1954.166667	-0.571778
1954.250000	-0.391145
1954.333333	-0.230014
1954.416667	-0.023116
1954.500000	0.061967
1954.583333	-0.062343
1954.666667	0.222830
1954.750000	-0.225179
1954.833333	-0.056441
1954.916667	0.507998
1955.000000	0.536976
1955.083333	0.009413
1955.166667	-0.474783
1955.250000	-0.940484
1955.333333	-1.587941
1955.416667	-1.259437
1955.500000	-0.157057
1955.583333	1.079009
1955.666667	1.742148
1955.750000	0.679876
1955.833333	0.058355
1955.916667	-0.324914
1956.000000	-0.487276
1956.083333	-1.007988
1956.166667	-1.153339
1956.250000	-1.031651
1956.333333	-1.109081
1956.416667	-1.195595
1956.500000	-0.791506
1956.583333	-1.542373
1956.666667	-1.588196
1956.750000	-1.135032
1956.833333	-1.287861
1956.916667	-0.818547
1957.000000	-0.213719
1957.083333	-0.236024
1957.166667	-0.305989
1957.250000	-0.178796
1957.333333	-0.820260
1957.416667	-0.855791
1957.500000	-0.007141
1957.583333	0.107890
1957.666667	-0.297007
1957.750000	-0.781850
1957.833333	-0.103146
1957.916667	0.336123
1958.000000	-0.063986
1958.083333	-0.225203
1958.166667	-0.637282
1958.250000	-1.327940
1958.333333	-1.840937
1958.416667	-1.297999
1958.500000	-0.474651
1958.583333	-0.937867
1958.666667	0.124744
1958.750000	0.513386
1958.833333	0.889399
1958.916667	0.439681
1959.000000	0.084647
1959.083333	-0.013852
1959.166667	0.654182
1959.250000	0.658398
1959.333333	0.280606
1959.416667	0.366592
1959.500000	0.998020
1959.583333	0.993482
1959.666667	0.319536
1959.750000	0.879597
1959.833333	0.915495
1959.916667	0.544476
1960.000000	0.179331
1960.083333	-0.101086
1960.166667	-0.113575
1960.250000	-0.119071
1960.333333	-0.026288
1960.416667	0.082026
1960.500000	0.026498
1960.583333	0.732073
1960.666667	0.780729
1960.750000	0.148957
1960.833333	-0.263993
1960.916667	-0.011112
1961.000000	0.681920
1961.083333	0.933183
1961.166667	1.355555
1961.250000	0.955084
1961.333333	0.504856
1961.416667	0.593004
1961.500000	-0.217209
1961.583333	-0.667939
1961.666667	-0.144499
1961.750000	1.018280
1961.833333	0.541203
1961.916667	0.336208
1962.000000	0.217522
1962.083333	0.273910
1962.166667	-0.461753
1962.250000	-0.111729
1962.333333	-0.779537
1962.416667	-0.827034
1962.500000	-1.264650
1962.583333	-1.297134
1962.666667	-1.007759
1962.750000	-0.456213
1962.833333	-0.277574
1962.916667	-0.089729
1963.000000	-1.092943
1963.083333	-1.313545
1963.166667	-1.057357
1963.250000	-0.951161
1963.333333	-0.703028
1963.416667	0.289836
1963.500000	-0.148109
1963.583333	0.383599
1963.666667	0.036047
1963.750000	0.133049
1963.833333	0.510798
1963.916667	0.531425
1964.000000	0.384029
1964.083333	0.242195
1964.166667	0.058863
1964.250000	-0.634284
1964.333333	0.088734
1964.416667	-0.091774
1964.500000	-0.674991
1964.583333	-1.201439
1964.666667	-0.790924
1964.750000	-0.171708
1964.833333	0.090988
1964.916667	0.044280
1965.000000	-0.010762
1965.083333	0.253575
1965.166667	0.213892
1965.250000	-0.107893
1965.333333	-1.086246
1965.416667	-0.636200
1965.500000	-1.925315
1965.583333	-1.575715
1965.666667	0.052377
1965.750000	0.220338
1965.833333	-0.482555
1965.916667	-0.708969
1966.000000	-0.985652
1966.083333	-0.994233
1966.166667	-0.818128
1966.250000	-1.494162
1966.333333	-0.824142
1966.416667	0.733587
1966.500000	0.756306
1966.583333	-0.385503
1966.666667	-0.700927
1966.750000	-0.148476
1966.833333	0.340164
1966.916667	0.045049
1967.000000	0.135554
1967.083333	0.261294
1967.166667	1.079917
1967.250000	0.781843
1967.333333	0.052284
1967.416667	-0.127684
1967.500000	0.110684
1967.583333	0.599064
1967.666667	1.288419
1967.750000	1.356564
1967.833333	1.213534
1967.916667	0.568969
1968.000000	0.338395
1968.083333	0.673000
1968.166667	0.774610
1968.250000	0.699878
1968.333333	0.302755
1968.416667	0.768170
1968.500000	0.124059
1968.583333	0.790204
1968.666667	1.586369
1968.750000	0.404966
1968.833333	-0.644286
1968.916667	-0.255436
1969.000000	-0.005939
1969.083333	0.202759
1969.166667	-0.210463
1969.250000	-0.422312
1969.333333	-0.806730
1969.416667	0.411084
1969.500000	0.830264
1969.583333	1.945668
1969.666667	0.914302
1969.750000	0.131463
1969.833333	0.055180
1969.916667	-0.371047
1970.000000	-1.136972
1970.083333	-1.215460
1970.166667	-0.736863
1970.250000	-0.679448
1970.333333	-0.578429
1970.416667	-0.444716
1970.500000	-0.226316
1970.583333	0.219790
1970.666667	0.250736
1970.750000	0.168581
1970.833333	-0.169088
1970.916667	-0.016758
1971.000000	0.220292
1971.083333	0.832149
1971.166667	0.066053
1971.250000	-0.236714
1971.333333	-0.020934
1971.416667	-0.188104
1971.500000	-0.562395
1971.583333	-0.428490
1971.666667	-0.221869
1971.750000	-0.201113
1971.833333	-0.654138
1971.916667	-0.078815
1972.000000	-0.047891
1972.083333	-0.144979
1972.166667	0.247679
1972.250000	0.176825
1972.333333	-0.480889
1972.416667	0.134229
1972.500000	1.070429
1972.583333	0.624658
1972.666667	0.057609
1972.750000	-0.147335
1972.833333	0.619037
1972.916667	0.931431
1973.000000	1.073076
1973.083333	1.496237
1973.166667	1.457428
1973.250000	1.098955
1973.333333	0.982727
1973.416667	0.856608
1973.500000	1.874970
1973.583333	0.797885
1973.666667	0.119758
1973.750000	-0.067134
1973.833333	-0.503187
1973.916667	-0.661218
1974.000000	0.168100
1974.083333	0.769329
1974.166667	1.046694
1974.250000	0.802188
1974.333333	0.474950
1974.416667	0.315907
1974.500000	0.422930
1974.583333	-0.123812
1974.666667	1.016548
1974.750000	0.177639
1974.833333	0.338558
1974.916667	0.761685
1975.000000	1.403845
1975.083333	1.598346
1975.166667	1.491041
1975.250000	0.827906
1975.333333	0.621835
1975.416667	-0.002339
1975.500000	0.209716
1975.583333	1.328112
1975.666667	1.190690
1975.750000	0.219078
1975.833333	0.706780
1975.916667	0.237631
1976.000000	0.083245
1976.083333	0.046671
1976.166667	-0.424607
1976.250000	-0.651358
1976.333333	-0.566370
1976.416667	-0.830099
1976.500000	0.189604
1976.583333	-0.103809
1976.666667	-0.717519
1976.750000	-0.598464
1976.833333	0.051771
1976.916667	-0.544342
1977.000000	-0.590780
1977.083333	-0.150017
1977.166667	0.134726
1977.250000	0.267592
1977.333333	0.287064
1977.416667	-0.016890
1977.500000	-0.599966
1977.583333	-0.554800
1977.666667	-0.494722
1977.750000	0.014881
1977.833333	0.881132
1977.916667	0.944476
1978.000000	0.365277
1978.083333	0.164541
1978.166667	-0.222031
1978.250000	0.212410
1978.333333	-0.274883
1978.416667	0.035629
1978.500000	-0.204355
1978.583333	-0.080283
1978.666667	-1.199229
1978.750000	-0.770338
1978.833333	-0.137985
1978.916667	-0.742806
1979.000000	-0.799822
1979.083333	-0.864732
1979.166667	-0.964382
1979.250000	-1.037558
1979.333333	-0.798540
1979.416667	-0.207437
1979.500000	-0.468990
1979.583333	-0.728675
1979.666667	-0.846665
1979.750000	-0.852488
1979.833333	-0.532838
1979.916667	-0.561735
1980.000000	-0.426245
1980.083333	-0.313565
1980.166667	-0.360212
1980.250000	-0.728378
1980.333333	-0.485582
1980.416667	0.491011
1980.500000	0.303346
1980.583333	0.482215
1980.666667	0.484091
1980.750000	0.129366
1980.833333	-0.944397
1980.916667	-0.591748
1981.000000	0.207323
1981.083333	0.218714
1981.166667	-0.037744
1981.250000	-0.473870
1981.333333	-0.148589
1981.416667	-0.764455
1981.500000	-0.861298
1981.583333	-0.488531
1981.666667	0.103299
1981.750000	0.313292
1981.833333	0.126305
1981.916667	-0.379253
1982.000000	-0.774126
1982.083333	-0.054861
1982.166667	0.328855
1982.250000	0.252681
1982.333333	-0.158155
1982.416667	-0.311393
1982.500000	0.419277
1982.583333	0.613395
1982.666667	0.259553
1982.750000	0.642937
1982.833333	0.555721
1982.916667	0.430117
1983.000000	0.948910
1983.083333	1.305269
1983.166667	1.106873
1983.250000	0.646511
1983.333333	-0.002299
1983.416667	-0.340551
1983.500000	0.406590
1983.583333	-0.148191
1983.666667	0.279956
1983.750000	0.080125
1983.833333	0.056814
1983.916667	-0.130644
1984.000000	0.447038
1984.083333	0.691292
1984.166667	0.346688
1984.250000	0.130384
1984.333333	-0.104495
1984.416667	0.029010
1984.500000	-0.198573
1984.583333	0.452281
1984.666667	0.212822
1984.750000	0.533817
1984.833333	0.369957
1984.916667	0.471819
1985.000000	0.092821
1985.083333	-0.451910
1985.166667	-0.594863
1985.250000	-0.675882
1985.333333	-1.008860
1985.416667	-0.830989
1985.500000	0.374786
1985.583333	0.155130
1985.666667	-0.121760
1985.750000	0.175174
1985.833333	-0.301532
1985.916667	-0.666134
1986.000000	-0.333078
1986.083333	-0.235342
1986.166667	0.063786
1986.250000	-0.124502
1986.333333	0.079973
1986.416667	0.184738
1986.500000	0.491537
1986.583333	0.020354
1986.666667	-0.897513
1986.750000	-0.786122
1986.833333	-0.131656
1986.916667	0.229005
1987.000000	-0.473614
1987.083333	-0.344874
1987.166667	-0.556873
1987.250000	-0.561143
1987.333333	-0.843814
1987.416667	-1.862591
1987.500000	-1.387564
1987.583333	-1.527627
1987.666667	-0.757937
1987.750000	-0.082494
1987.833333	0.404675
1987.916667	0.348513
1988.000000	0.912028
1988.083333	0.972267
1988.166667	0.931219
1988.250000	0.519003
1988.333333	0.436527
1988.416667	0.728783
1988.500000	1.615961
1988.583333	0.755444
1988.666667	0.985495
1988.750000	0.499390
1988.833333	-0.187239
1988.916667	-0.192933
1989.000000	0.613901
1989.083333	0.982131
1989.166667	1.129919
1989.250000	1.180440
1989.333333	1.120111
1989.416667	1.102489
1989.500000	0.892069
1989.583333	0.422174
1989.666667	0.782925
1989.750000	0.726208
1989.833333	0.962600
1989.916667	0.333770
1990.000000	0.735103
1990.083333	1.566696
1990.166667	1.531984
1990.250000	1.599428
1990.333333	1.494620
1990.416667	1.149036
1990.500000	1.046278
1990.583333	0.973553
1990.666667	0.733237
1990.750000	0.680922
1990.833333	0.621415
1990.916667	0.317144
1991.000000	0.740438
1991.083333	0.574341
1991.166667	0.812049
1991.250000	0.813433
1991.333333	-0.243703
1991.416667	-0.705691
1991.500000	0.324234
1991.583333	0.894764
1991.666667	0.382190
1991.750000	0.607078
1991.833333	0.159776
1991.916667	0.627274
1992.000000	0.867644
1992.083333	1.314146
1992.166667	1.201485
1992.250000	0.743004
1992.333333	0.778019
1992.416667	1.817869
1992.500000	1.425969
1992.583333	0.749259
1992.666667	0.902545
1992.750000	0.636217
1992.833333	-0.029484
1992.916667	0.450808
1993.000000	0.910964
1993.083333	1.113002
1993.166667	0.703427
1993.250000	0.662016
1993.333333	1.120281
1993.416667	0.761808
1993.500000	0.254708
1993.583333	0.010584
1993.666667	-0.000448
1993.750000	-0.056039
1993.833333	-0.264285
1993.916667	-0.106092
1994.000000	0.456305
1994.083333	0.486358
1994.166667	0.324244
1994.250000	0.677083
1994.333333	0.592101
1994.416667	-0.265802
1994.500000	1.101778
1994.583333	1.688357
1994.666667	0.649701
1994.750000	-0.422893
1994.833333	0.007525
1994.916667	0.604276
1995.000000	0.659003
1995.083333	1.298940
1995.166667	1.390041
1995.250000	0.836593
1995.333333	0.316175
1995.416667	0.015717
1995.500000	0.326945
1995.583333	1.213446
1995.666667	0.822928
1995.750000	0.778131
1995.833333	0.277923
1995.916667	0.202411
1996.000000	0.306337
1996.083333	0.277597
1996.166667	0.169380
1996.250000	0.263259
1996.333333	-0.484047
1996.416667	-0.511585
1996.500000	-0.373239
1996.583333	0.827803
1996.666667	0.632661
1996.750000	0.664774
1996.833333	0.438612
1996.916667	0.048270
1997.000000	-0.410359
1997.083333	0.176435
1997.166667	0.673651
1997.250000	0.154693
1997.333333	-0.532200
1997.416667	-0.190573
1997.500000	0.891416
1997.583333	1.870682
1997.666667	1.061526
1997.750000	0.196740
1997.833333	-0.203665
1997.916667	0.332294
1998.000000	1.336832
1998.083333	1.438233
1998.166667	1.536660
1998.250000	1.005848
1998.333333	0.815853
1998.416667	0.154423
1998.500000	0.142390
1998.583333	0.096936
1998.666667	0.613461
1998.750000	0.623919
1998.833333	0.104408
1998.916667	-0.079490
1999.000000	0.674383
1999.083333	0.722343
1999.166667	0.855322
1999.250000	0.907566
1999.333333	0.558286
1999.416667	0.437368
1999.500000	1.383671
1999.583333	0.975574
1999.666667	1.594256
1999.750000	1.266590
1999.833333	0.813205
1999.916667	0.643036
2000.000000	0.845540
2000.083333	1.234373
2000.166667	1.053982
2000.250000	0.900545
2000.333333	1.531890
2000.416667	0.381177
2000.500000	-0.034889
2000.583333	0.407856
2000.666667	0.538675
2000.750000	1.300917
2000.833333	1.293128
2000.916667	1.563027
2001.000000	1.320360
2001.083333	1.007683
2001.166667	0.675398
2001.250000	0.421358
2001.333333	0.666460
2001.416667	-0.078999
2001.500000	1.168702
2001.583333	0.807319
2001.666667	0.815668
2001.750000	1.299485
2001.833333	0.739674
2001.916667	0.213537
2002.000000	0.377343
2002.083333	0.900432
2002.166667	0.915958
2002.250000	1.034489
2002.333333	1.039311
2002.416667	1.563614
2002.500000	1.284020
2002.583333	2.206907
2002.666667	2.298315
2002.750000	0.599076
2002.833333	0.003183
2002.916667	0.190208
2003.000000	0.172719
2003.083333	0.675219
2003.166667	0.975791
2003.250000	0.786110
2003.333333	0.677629
2003.416667	1.016899
2003.500000	2.065088
2003.583333	2.358127
2003.666667	1.571542
2003.750000	0.563913
2003.833333	0.442885
2003.916667	1.036618
2004.000000	1.021186
2004.083333	0.867226
2004.166667	0.688049
2004.250000	1.279974
2004.333333	1.018258
2004.416667	0.463756
2004.500000	0.655507
2004.583333	1.764484
2004.666667	1.452930
2004.750000	0.824682
2004.833333	0.681479
2004.916667	0.895676
2005.000000	1.389867
2005.083333	1.179267
2005.166667	0.822456
2005.250000	1.104546
2005.333333	0.946383
2005.416667	0.551480
2005.500000	1.577444
2005.583333	0.567488
2005.666667	1.117741
2005.750000	1.542749
2005.833333	1.407989
2005.916667	0.988973
2006.000000	0.869892
2006.083333	0.836149
2006.166667	0.174228
2006.250000	0.476456
2006.333333	0.660615
2006.416667	0.699954
2006.500000	1.939997
2006.583333	1.896448
2006.666667	1.904755
2006.750000	2.182844
2006.833333	1.172671
2006.916667	1.723879
2007.000000	1.691267
2007.083333	1.118523
2007.166667	1.125800
2007.250000	1.329291
2007.333333	1.419667
2007.416667	1.333384
2007.500000	0.722605
2007.583333	0.842745
2007.666667	0.264343
2007.750000	0.765182
2007.833333	0.738531
2007.916667	1.244925
2008.000000	1.401672
2008.083333	1.463545
2008.166667	1.599706
2008.250000	1.504525
2008.333333	1.914666
2008.416667	1.759958
2008.500000	1.572892
2008.583333	1.170501
2008.666667	1.503779
2008.750000	1.158600
2008.833333	0.979811
2008.916667	0.902437
2009.000000	0.789902
2009.083333	0.768282
2009.166667	0.828122
2009.250000	1.235134
2009.333333	1.486802
2009.416667	0.714522
2009.500000	1.543762
2009.583333	1.692171
2009.666667	1.556322
2009.750000	0.668436
2009.833333	0.812401
2009.916667	0.953834
2010.000000	0.420313
2010.083333	0.495289
2010.166667	0.348071
2010.250000	0.734697
2010.333333	0.317655
2010.416667	0.168077
2010.500000	1.645589
2010.583333	1.116858
2010.666667	0.731555
2010.750000	0.395595
2010.833333	0.346776
2010.916667	-0.560934
2011.000000	-0.489153
2011.083333	-0.011954
2011.166667	-0.070632
2011.250000	0.606623
2011.333333	1.130582
2011.416667	1.129564
2011.500000	1.317472
2011.583333	0.905052
2011.666667	1.143603
2011.750000	1.095235
2011.833333	1.286298
2011.916667	1.267368
2012.000000	1.040303
2012.083333	0.392789
2012.166667	0.848990
2012.250000	0.611037
2012.333333	0.609208
2012.416667	0.055235
2012.500000	0.231784
2012.583333	0.500912
2012.666667	0.380926
2012.750000	0.282225
2012.833333	0.289298
2012.916667	0.509727
2013.000000	0.727477
2013.083333	0.494699
2013.166667	0.108782
2013.250000	-0.151396
2013.333333	0.557951
2013.416667	1.235532
2013.500000	1.296884
2013.583333	1.501967
2013.666667	1.614882
2013.750000	0.927233
2013.833333	1.009570
2013.916667	1.017674
2014.000000	1.251684
2014.083333	1.026363
2014.166667	1.441298
2014.250000	1.602411
2014.333333	1.654469
2014.416667	1.666244
2014.500000	2.323009
2014.583333	1.916658
2014.666667	1.664180
2014.750000	1.951168
2014.833333	1.950240
2014.916667	1.642439
2015.000000	1.527144
2015.083333	1.337946
2015.166667	1.419452
2015.250000	1.393683
2015.333333	1.012566
2015.416667	0.451980
2015.500000	0.532200
2015.583333	0.981684
2015.666667	1.469649
2015.750000	1.521744
2015.833333	1.608048
2015.916667	1.611330
2016.000000	1.267594
2016.083333	1.258939
2016.166667	1.332406
2016.250000	1.345068
2016.333333	1.278298
2016.416667	1.124144
2016.500000	1.173277
2016.583333	0.976826
2016.666667	1.950799
2016.750000	1.452188
2016.833333	0.814108
2016.916667	1.119734
2017.000000	1.341294
2017.083333	1.201518
2017.166667	1.291245
2017.250000	1.234611
2017.333333	0.787816
2017.416667	0.964390
2017.500000	1.154928
2017.583333	1.375768
2017.666667	1.666061
2017.750000	1.779051
2017.833333	1.579189
2017.916667	1.194851
2018.000000	1.309161
2018.083333	1.191083
2018.166667	0.524751
2018.250000	0.866314
2018.333333	1.724150
2018.416667	2.182426
2018.500000	2.252436
2018.583333	2.262269
2018.666667	1.643828
2018.750000	0.657676
2018.833333	0.883698
2018.916667	0.782832
2019.000000	0.942371
2019.083333	1.227489
2019.166667	1.810987
2019.250000	1.757991
2019.333333	1.140170
2019.416667	1.306293
2019.500000	0.985820
2019.583333	1.130206
2019.666667	1.224768
2019.750000	0.918740
2019.833333	1.190402
2019.916667	1.498439
2020.000000	2.122269
2020.083333	2.219489
2020.166667	2.177212
2020.250000	1.838815
2020.333333	1.158033
2020.416667	1.475893
2020.500000	1.657217
2020.583333	1.794012
2020.666667	1.877906
2020.750000	2.073997
2020.833333	2.056246
2020.916667	1.998424
2021.000000	1.383911
2021.083333	0.842201
2021.166667	1.206623
2021.250000	0.576716
2021.333333	0.524916
2021.416667	1.710416
2021.500000	2.290209
2021.583333	1.295225
2021.666667	1.524341
2021.750000	1.269315
2021.833333	1.446786
2021.916667	0.884219
2022.000000	0.996700
2022.083333	1.114748
2022.166667	1.151277
2022.250000	1.481338
2022.333333	1.259307
2022.416667	1.556436
2022.500000	1.839718
2022.583333	1.780274
2022.666667	1.974106
2022.750000	1.738338
2022.833333	2.116143
2022.916667	1.712975
2023.000000	1.442290
