1856.000000	-0.386092
1856.083333	-0.458427
1856.166667	-0.420245
1856.250000	-0.525898
1856.333333	-0.685513
1856.416667	-0.881284
1856.500000	-0.804900
1856.583333	-0.219269
1856.666667	-0.029202
1856.750000	-0.196169
1856.833333	-0.277660
1856.916667	0.132603
1857.000000	0.214033
1857.083333	0.085389
1857.166667	0.189065
1857.250000	0.479370
1857.333333	0.152360
1857.416667	0.433230
1857.500000	0.979043
1857.583333	0.959350
1857.666667	0.871366
1857.750000	0.402132
1857.833333	0.196661
1857.916667	0.166419
1858.000000	0.303160
1858.083333	-0.474439
1858.166667	-0.644920
1858.250000	-0.579102
1858.333333	-0.176365
1858.416667	0.408383
1858.500000	0.136728
1858.583333	0.468635
1858.666667	0.326445
1858.750000	0.154725
1858.833333	-0.341593
1858.916667	0.295022
1859.000000	0.178132
1859.083333	0.048432
1859.166667	0.299905
1859.250000	0.379289
1859.333333	0.210111
1859.416667	0.138038
1859.500000	0.870215
1859.583333	1.114285
1859.666667	0.496182
1859.750000	0.648235
1859.833333	0.608453
1859.916667	0.196666
1860.000000	0.292463
1860.083333	-0.365352
1860.166667	-0.327125
1860.250000	-0.891524
1860.333333	-0.323393
1860.416667	-0.644643
1860.500000	-1.090202
1860.583333	-1.234443
1860.666667	-0.742247
1860.750000	-0.294507
1860.833333	-0.792589
1860.916667	-0.612568
1861.000000	-0.322455
1861.083333	-0.050273
1861.166667	-0.368183
1861.250000	-0.347372
1861.333333	-0.307250
1861.416667	-0.337918
1861.500000	-0.177470
1861.583333	0.116254
1861.666667	0.078220
1861.750000	0.174860
1861.833333	0.272383
1861.916667	0.523089
1862.000000	0.500698
1862.083333	0.673085
1862.166667	1.063616
1862.250000	1.185272
1862.333333	1.544774
1862.416667	0.368821
1862.500000	-0.544725
1862.583333	-0.270742
1862.666667	-0.155978
1862.750000	-0.158140
1862.833333	0.008668
1862.916667	0.241524
1863.000000	0.799666
1863.083333	0.503757
1863.166667	0.652695
1863.250000	0.391042
1863.333333	0.383001
1863.416667	0.160916
1863.500000	0.307746
1863.583333	0.541563
1863.666667	-0.088339
1863.750000	-0.332553
1863.833333	-0.693292
1863.916667	-0.350576
1864.000000	-0.327466
1864.083333	-0.554918
1864.166667	-0.341506
1864.250000	-0.195798
1864.333333	0.325866
1864.416667	-0.014354
1864.500000	-0.253294
1864.583333	-0.031224
1864.666667	-0.333735
1864.750000	-0.409189
1864.833333	-0.440192
1864.916667	-0.260152
1865.000000	-0.530918
1865.083333	-0.607018
1865.166667	-0.979270
1865.250000	-0.314510
1865.333333	0.336298
1865.416667	0.401669
1865.500000	0.276563
1865.583333	0.270848
1865.666667	0.901351
1865.750000	1.000737
1865.833333	0.639962
1865.916667	0.672668
1866.000000	0.883805
1866.083333	0.811129
1866.166667	0.423812
1866.250000	0.525330
1866.333333	0.202044
1866.416667	0.385851
1866.500000	0.321743
1866.583333	-0.350845
1866.666667	-0.480190
1866.750000	0.152123
1866.833333	0.066276
1866.916667	0.367708
1867.000000	-0.090754
1867.083333	-0.024095
1867.166667	0.005809
1867.250000	-0.345463
1867.333333	-0.553122
1867.416667	-1.015640
1867.500000	-0.691532
1867.583333	-0.750089
1867.666667	-0.185878
1867.750000	-0.837099
1867.833333	-0.605635
1867.916667	-0.987513
1868.000000	-0.165755
1868.083333	0.048493
1868.166667	0.297077
1868.250000	0.592490
1868.333333	1.189554
1868.416667	1.834603
1868.500000	2.447027
1868.583333	1.623178
1868.666667	1.307941
1868.750000	0.563380
1868.833333	0.351229
1868.916667	0.779684
1869.000000	0.712460
1869.083333	0.649703
1869.166667	0.349376
1869.250000	-0.193705
1869.333333	-0.313688
1869.416667	-1.229784
1869.500000	-0.462650
1869.583333	-0.427667
1869.666667	-0.533949
1869.750000	-0.506757
1869.833333	-0.459908
1869.916667	-0.595834
1870.000000	-0.801689
1870.083333	-0.767915
1870.166667	-0.888281
1870.250000	-0.797617
1870.333333	-0.722060
1870.416667	-0.523207
1870.500000	-0.303959
1870.583333	0.545742
1870.666667	0.204892
1870.750000	-0.222504
1870.833333	-0.932861
1870.916667	-1.067592
1871.000000	-1.144087
1871.083333	-0.871827
1871.166667	-0.774694
1871.250000	-0.453821
1871.333333	-0.529367
1871.416667	-0.794006
1871.500000	-0.490816
1871.583333	-0.215322
1871.666667	-0.005621
1871.750000	-0.678600
1871.833333	-0.898799
1871.916667	-0.748533
1872.000000	-0.597428
1872.083333	-0.406584
1872.166667	-0.087797
1872.250000	-0.100728
1872.333333	0.015327
1872.416667	0.493576
1872.500000	0.746083
1872.583333	0.364892
1872.666667	0.326289
1872.750000	-0.536928
1872.833333	-0.546074
1872.916667	-0.242624
1873.000000	-0.034468
1873.083333	-0.356862
1873.166667	-0.155993
1873.250000	-0.401298
1873.333333	-0.595296
1873.416667	-0.251640
1873.500000	-0.227478
1873.583333	-0.105203
1873.666667	-0.249576
1873.750000	-0.263104
1873.833333	-0.903968
1873.916667	-0.040329
1874.000000	0.343147
1874.083333	0.355343
1874.166667	0.069564
1874.250000	0.266733
1874.333333	0.363990
1874.416667	0.343902
1874.500000	0.270407
1874.583333	-0.089122
1874.666667	-0.245196
1874.750000	0.199200
1874.833333	-0.129768
1874.916667	-0.198418
1875.000000	0.245795
1875.083333	-0.049891
1875.166667	-0.285898
1875.250000	-0.720723
1875.333333	-0.103492
1875.416667	0.081828
1875.500000	0.352643
1875.583333	0.722790
1875.666667	0.942612
1875.750000	0.479378
1875.833333	0.014198
1875.916667	-0.220479
1876.000000	-0.048206
1876.083333	0.179039
1876.166667	-0.461260
1876.250000	-0.410060
1876.333333	-0.344703
1876.416667	-0.464071
1876.500000	0.033036
1876.583333	-0.034189
1876.666667	-0.798620
1876.750000	-0.585686
1876.833333	-0.827553
1876.916667	-0.037767
1877.000000	0.628194
1877.083333	0.201482
1877.166667	-0.546817
1877.250000	-1.214893
1877.333333	-1.501667
1877.416667	-0.604636
1877.500000	-0.485621
1877.583333	-0.425049
1877.666667	-1.158990
1877.750000	-0.866953
1877.833333	-0.038930
1877.916667	-0.471218
1878.000000	0.050515
1878.083333	-0.121771
1878.166667	0.075344
1878.250000	0.411842
1878.333333	0.384348
1878.416667	-0.275470
1878.500000	0.396971
1878.583333	0.814292
1878.666667	0.427389
1878.750000	0.224523
1878.833333	-0.274568
1878.916667	-1.143138
1879.000000	-1.058276
1879.083333	-1.198002
1879.166667	-1.133051
1879.250000	-1.275271
1879.333333	-1.035245
1879.416667	-1.074748
1879.500000	-1.335870
1879.583333	-0.383338
1879.666667	-0.604870
1879.750000	-0.874414
1879.833333	-0.836664
1879.916667	-0.975188
1880.000000	-0.632903
1880.083333	-0.555187
1880.166667	-0.445704
1880.250000	-0.181978
1880.333333	-0.269259
1880.416667	0.096571
1880.500000	0.631978
1880.583333	0.633016
1880.666667	0.533510
1880.750000	-0.123358
1880.833333	-0.448711
1880.916667	-0.230796
1881.000000	-0.788141
1881.083333	-0.785260
1881.166667	-0.637604
1881.250000	-0.661054
1881.333333	-0.307625
1881.416667	-0.606340
1881.500000	-0.690957
1881.583333	-0.345169
1881.666667	-0.643509
1881.750000	-0.540546
1881.833333	-0.251005
1881.916667	-0.306163
1882.000000	-0.011306
1882.083333	0.399352
1882.166667	0.315177
1882.250000	0.073991
1882.333333	0.418552
1882.416667	0.463130
1882.500000	0.455235
1882.583333	0.264882
1882.666667	-0.303066
1882.750000	-0.271891
1882.833333	-0.040733
1882.916667	0.029560
1883.000000	0.120868
1883.083333	0.018514
1883.166667	-0.008817
1883.250000	-0.202814
1883.333333	0.051257
1883.416667	-0.060383
1883.500000	-0.295593
1883.583333	-0.364204
1883.666667	-0.302207
1883.750000	-0.349385
1883.833333	0.105242
1883.916667	0.162538
1884.000000	0.407080
1884.083333	0.397900
1884.166667	0.635806
1884.250000	0.017635
1884.333333	-0.376956
1884.416667	-0.014173
1884.500000	0.442410
1884.583333	0.784766
1884.666667	0.703748
1884.750000	-0.023689
1884.833333	-0.227235
1884.916667	-0.294645
1885.000000	-0.618457
1885.083333	-0.235216
1885.166667	-0.382616
1885.250000	-0.463158
1885.333333	-0.742175
1885.416667	-0.543414
1885.500000	-0.018265
1885.583333	-0.149834
1885.666667	-0.319185
1885.750000	-1.009565
1885.833333	-0.798495
1885.916667	-0.596567
1886.000000	-0.670700
1886.083333	-0.853931
1886.166667	-0.930202
1886.250000	-0.464061
1886.333333	-0.149319
1886.416667	-0.665967
1886.500000	-0.586601
1886.583333	-0.606781
1886.666667	0.428785
1886.750000	0.095429
1886.833333	0.023491
1886.916667	-0.429239
1887.000000	-0.332105
1887.083333	-0.456953
1887.166667	-0.515085
1887.250000	-0.859610
1887.333333	-0.780307
1887.416667	-0.471939
1887.500000	0.135932
1887.583333	-0.020577
1887.666667	-0.698546
1887.750000	-1.347137
1887.833333	-1.252375
1887.916667	-1.051703
1888.000000	-1.194624
1888.083333	-1.173571
1888.166667	-1.734684
1888.250000	-1.609948
1888.333333	-1.258133
1888.416667	-1.029233
1888.500000	-1.540203
1888.583333	-1.398764
1888.666667	0.045002
1888.750000	-0.116125
1888.833333	0.401360
1888.916667	0.964017
1889.000000	0.897744
1889.083333	0.222187
1889.166667	-0.654358
1889.250000	-0.740662
1889.333333	0.152398
1889.416667	0.306603
1889.500000	0.087382
1889.583333	-0.511970
1889.666667	-0.428048
1889.750000	-0.764689
1889.833333	-0.127045
1889.916667	-0.061294
1890.000000	0.457145
1890.083333	0.536155
1890.166667	0.169540
1890.250000	-0.039231
1890.333333	0.342598
1890.416667	-0.166212
1890.500000	-0.869402
1890.583333	-0.188216
1890.666667	-0.041674
1890.750000	-0.251898
1890.833333	-0.559950
1890.916667	-1.320609
1891.000000	-1.380992
1891.083333	-0.459157
1891.166667	-0.697642
1891.250000	-0.615175
1891.333333	-0.713480
1891.416667	-0.119291
1891.500000	0.754724
1891.583333	-0.425913
1891.666667	-0.438433
1891.750000	-0.221786
1891.833333	-0.563554
1891.916667	-0.359363
1892.000000	-0.678630
1892.083333	-0.450034
1892.166667	-0.696101
1892.250000	-0.762945
1892.333333	-0.641884
1892.416667	-0.038346
1892.500000	-0.470396
1892.583333	-0.454330
1892.666667	-0.632081
1892.750000	-1.191510
1892.833333	-0.804596
1892.916667	-0.928870
1893.000000	-1.112101
1893.083333	-0.452590
1893.166667	-0.175650
1893.250000	0.485821
1893.333333	0.768974
1893.416667	0.902219
1893.500000	0.778711
1893.583333	0.753894
1893.666667	0.260393
1893.750000	-0.308116
1893.833333	-0.848079
1893.916667	-1.003563
1894.000000	-0.709884
1894.083333	-0.150710
1894.166667	0.200453
1894.250000	0.631584
1894.333333	0.374618
1894.416667	-0.219350
1894.500000	0.285164
1894.583333	-0.241235
1894.666667	-0.540657
1894.750000	-0.324783
1894.833333	-0.078693
1894.916667	-0.136671
1895.000000	-0.845358
1895.083333	-1.262351
1895.166667	-1.370331
1895.250000	-0.984666
1895.333333	0.150717
1895.416667	0.331235
1895.500000	0.094323
1895.583333	0.032016
1895.666667	0.801963
1895.750000	0.296256
1895.833333	-0.198442
1895.916667	-0.674296
1896.000000	-0.388742
1896.083333	-0.000710
1896.166667	0.363364
1896.250000	0.464579
1896.333333	0.626005
1896.416667	1.006303
1896.500000	0.971572
1896.583333	0.262869
1896.666667	-0.092600
1896.750000	-0.914903
1896.833333	-1.050556
1896.916667	-0.918794
1897.000000	-1.264764
1897.083333	-0.843811
1897.166667	-0.180724
1897.250000	0.044479
1897.333333	-0.024840
1897.416667	-0.029594
1897.500000	0.343710
1897.583333	0.481126
1897.666667	-0.612422
1897.750000	-0.549749
1897.833333	0.027592
1897.916667	0.153570
1898.000000	0.526062
1898.083333	0.379600
1898.166667	-0.100573
1898.250000	0.132563
1898.333333	-0.133550
1898.416667	-0.010091
1898.500000	-0.139640
1898.583333	-0.337692
1898.666667	0.377762
1898.750000	0.144412
1898.833333	0.268088
1898.916667	0.585638
1899.000000	0.845633
1899.083333	0.563465
1899.166667	0.261046
1899.250000	0.283383
1899.333333	0.072872
1899.416667	0.122246
1899.500000	0.183881
1899.583333	0.506747
1899.666667	0.017208
1899.750000	-0.633468
1899.833333	-0.076865
1899.916667	0.010466
1900.000000	-0.229554
1900.083333	-0.490415
1900.166667	-0.848403
1900.250000	-0.582172
1900.333333	-0.676114
1900.416667	-0.593701
1900.500000	-0.085968
1900.583333	-0.007501
1900.666667	0.344362
1900.750000	0.353092
1900.833333	-0.103831
1900.916667	0.208330
1901.000000	0.081694
1901.083333	-0.438395
1901.166667	-0.672329
1901.250000	-0.400728
1901.333333	0.230979
1901.416667	0.483511
1901.500000	0.700535
1901.583333	0.445558
1901.666667	0.220137
1901.750000	-0.295588
1901.833333	-0.424626
1901.916667	-0.670231
1902.000000	-0.769546
1902.083333	-0.779251
1902.166667	-0.889279
1902.250000	-0.997851
1902.333333	-1.549436
1902.416667	-2.006338
1902.500000	-1.171908
1902.583333	-0.919085
1902.666667	-1.010236
1902.750000	-0.949897
1902.833333	-0.615220
1902.916667	-0.693108
1903.000000	-0.273351
1903.083333	0.307463
1903.166667	0.590762
1903.250000	-0.067760
1903.333333	-0.320328
1903.416667	-0.581973
1903.500000	-0.362024
1903.583333	-0.745417
1903.666667	-0.808609
1903.750000	-0.406937
1903.833333	-0.100164
1903.916667	-0.570535
1904.000000	-0.077791
1904.083333	0.004457
1904.166667	-0.280372
1904.250000	-0.074160
1904.333333	-0.362259
1904.416667	-0.138490
1904.500000	0.118325
1904.583333	0.170058
1904.666667	-0.305000
1904.750000	-0.071831
1904.833333	-0.031071
1904.916667	0.232852
1905.000000	-0.041460
1905.083333	0.205079
1905.166667	0.222028
1905.250000	-0.208039
1905.333333	-0.028810
1905.416667	0.500781
1905.500000	1.281734
1905.583333	0.073527
1905.666667	-0.670501
1905.750000	-1.399411
1905.833333	-1.243064
1905.916667	-0.369907
1906.000000	0.032877
1906.083333	-0.253942
1906.166667	-0.278639
1906.250000	-0.320527
1906.333333	-0.318041
1906.416667	-0.107794
1906.500000	-0.141673
1906.583333	0.187355
1906.666667	0.071227
1906.750000	0.106438
1906.833333	-0.138901
1906.916667	-0.616061
1907.000000	-0.421049
1907.083333	-0.767252
1907.166667	-0.187334
1907.250000	-0.180198
1907.333333	-0.333563
1907.416667	-0.925019
1907.500000	-1.151614
1907.583333	-1.188333
1907.666667	-0.419753
1907.750000	0.477945
1907.833333	0.381146
1907.916667	0.072545
1908.000000	-0.137617
1908.083333	-0.142693
1908.166667	-0.389724
1908.250000	-0.627796
1908.333333	-0.426237
1908.416667	0.028307
1908.500000	0.134130
1908.583333	-0.016096
1908.666667	-0.389128
1908.750000	0.346885
1908.833333	-0.144493
1908.916667	0.184900
1909.000000	-0.077597
1909.083333	-0.493556
1909.166667	-1.024066
1909.250000	-0.813399
1909.333333	-0.890925
1909.416667	-0.867713
1909.500000	-1.046399
1909.583333	-0.799309
1909.666667	-0.646851
1909.750000	0.176668
1909.833333	-0.901592
1909.916667	-0.941524
1910.000000	-0.277802
1910.083333	-0.180576
1910.166667	0.274771
1910.250000	0.029603
1910.333333	-0.337985
1910.416667	0.400380
1910.500000	-0.313336
1910.583333	-0.238632
1910.666667	0.042468
1910.750000	0.105692
1910.833333	-0.900856
1910.916667	-0.255903
1911.000000	0.006562
1911.083333	0.071204
1911.166667	0.259361
1911.250000	-0.292964
1911.333333	0.443935
1911.416667	0.542022
1911.500000	0.316465
1911.583333	1.633069
1911.666667	0.933850
1911.750000	0.132061
1911.833333	-0.091122
1911.916667	0.138598
1912.000000	-0.091951
1912.083333	-0.180720
1912.166667	0.638633
1912.250000	0.478257
1912.333333	0.402621
1912.416667	-0.061668
1912.500000	0.194345
1912.583333	-0.513026
1912.666667	-1.214880
1912.750000	-1.222037
1912.833333	-1.011526
1912.916667	-0.014142
1913.000000	0.069510
1913.083333	0.080315
1913.166667	0.427842
1913.250000	-0.053147
1913.333333	-0.203182
1913.416667	-0.283406
1913.500000	-0.350365
1913.583333	-0.116383
1913.666667	0.236791
1913.750000	0.194185
1913.833333	0.410403
1913.916667	0.401783
1914.000000	-0.223364
1914.083333	0.476502
1914.166667	0.357296
1914.250000	0.761979
1914.333333	0.421058
1914.416667	0.168768
1914.500000	0.906916
1914.583333	0.281474
1914.666667	0.431700
1914.750000	-0.134605
1914.833333	-0.258594
1914.916667	0.128704
1915.000000	0.045910
1915.083333	-0.370168
1915.166667	-0.705995
1915.250000	-0.598642
1915.333333	-0.057553
1915.416667	-0.214481
1915.500000	-0.327780
1915.583333	-0.056558
1915.666667	0.024300
1915.750000	-0.229686
1915.833333	-0.762249
1915.916667	-0.759539
1916.000000	-0.241305
1916.083333	0.172622
1916.166667	-0.195991
1916.250000	-0.195938
1916.333333	-0.181065
1916.416667	-0.842298
1916.500000	-0.712787
1916.583333	-0.287112
1916.666667	-0.246842
1916.750000	-0.112880
1916.833333	-0.465512
1916.916667	-0.689864
1917.000000	-0.824847
1917.083333	-1.391850
1917.166667	-1.560319
1917.250000	-1.797171
1917.333333	-1.228050
1917.416667	-0.528922
1917.500000	-0.387508
1917.583333	-0.297733
1917.666667	-0.555966
1917.750000	-0.840874
1917.833333	-1.113012
1917.916667	-1.406379
1918.000000	-1.659615
1918.083333	-1.409423
1918.166667	-1.051546
1918.250000	-0.755359
1918.333333	-0.421079
1918.416667	-0.441852
1918.500000	-0.534970
1918.583333	-0.596748
1918.666667	-1.084773
1918.750000	-0.872686
1918.833333	-0.684576
1918.916667	-0.334484
1919.000000	-0.628889
1919.083333	-0.748294
1919.166667	-0.747384
1919.250000	-0.438450
1919.333333	-0.034944
1919.416667	0.038883
1919.500000	-0.488831
1919.583333	-0.457144
1919.666667	-0.425193
1919.750000	-1.200487
1919.833333	-1.904106
1919.916667	-1.367107
1920.000000	-0.711752
1920.083333	0.207131
1920.166667	0.143516
1920.250000	0.306688
1920.333333	0.315939
1920.416667	0.304305
1920.500000	-0.044310
1920.583333	-0.542744
1920.666667	-0.323043
1920.750000	-0.057052
1920.833333	0.043921
1920.916667	-0.083267
1921.000000	0.636415
1921.083333	0.494698
1921.166667	0.889023
1921.250000	0.708373
1921.333333	0.771732
1921.416667	0.142518
1921.500000	0.292225
1921.583333	-0.121374
1921.666667	-0.048618
1921.750000	0.648297
1921.833333	-0.458886
1921.916667	-0.067249
1922.000000	-0.171708
1922.083333	-0.197998
1922.166667	-0.227888
1922.250000	-0.608477
1922.333333	-0.305057
1922.416667	-0.115858
1922.500000	-0.942119
1922.583333	-0.887942
1922.666667	-1.076985
1922.750000	-1.057739
1922.833333	-1.154979
1922.916667	-0.404996
1923.000000	-0.030687
1923.083333	-0.007015
1923.166667	0.003787
1923.250000	-0.123557
1923.333333	-0.265056
1923.416667	-1.278735
1923.500000	-0.387653
1923.583333	-0.661392
1923.666667	-1.054555
1923.750000	-0.753778
1923.833333	-0.834748
1923.916667	-0.875760
1924.000000	-0.719924
1924.083333	-0.654150
1924.166667	-0.938836
1924.250000	-1.062505
1924.333333	-0.640599
1924.416667	-0.826279
1924.500000	-0.942234
1924.583333	-0.598632
1924.666667	-0.749842
1924.750000	-0.452114
1924.833333	-0.233035
1924.916667	0.156665
1925.000000	0.983063
1925.083333	1.040166
1925.166667	0.145696
1925.250000	0.054244
1925.333333	0.368924
1925.416667	0.664613
1925.500000	0.574681
1925.583333	0.310938
1925.666667	-0.648401
1925.750000	-0.611014
1925.833333	-0.757882
1925.916667	-1.224862
1926.000000	-0.772722
1926.083333	-0.358659
1926.166667	0.043206
1926.250000	0.373251
1926.333333	0.032815
1926.416667	-0.129277
1926.500000	0.633842
1926.583333	0.596634
1926.666667	0.582642
1926.750000	-0.188385
1926.833333	-0.221147
1926.916667	-0.209599
1927.000000	0.215584
1927.083333	0.298718
1927.166667	0.774630
1927.250000	0.349061
1927.333333	-0.070518
1927.416667	-0.755336
1927.500000	0.013134
1927.583333	0.568403
1927.666667	-0.160985
1927.750000	-0.745584
1927.833333	-0.762802
1927.916667	-1.311087
1928.000000	-0.793022
1928.083333	0.061910
1928.166667	0.035953
1928.250000	-0.084065
1928.333333	-0.455360
1928.416667	-0.931726
1928.500000	-0.437846
1928.583333	-0.356431
1928.666667	0.094530
1928.750000	-0.332290
1928.833333	0.179881
1928.916667	-0.248924
1929.000000	-0.761947
1929.083333	-1.150107
1929.166667	-0.620338
1929.250000	-1.041258
1929.333333	-0.891008
1929.416667	-0.975376
1929.500000	-0.686534
1929.583333	-0.553305
1929.666667	0.338211
1929.750000	-0.200180
1929.833333	-0.175138
1929.916667	0.289139
1930.000000	0.657479
1930.083333	0.207488
1930.166667	0.025954
1930.250000	0.094675
1930.333333	0.109619
1930.416667	0.552029
1930.500000	0.584980
1930.583333	0.067351
1930.666667	0.017594
1930.750000	-0.147945
1930.833333	-0.329538
1930.916667	-0.105855
1931.000000	0.024055
1931.083333	-0.495783
1931.166667	-0.802428
1931.250000	-0.677557
1931.333333	-0.380411
1931.416667	-0.431306
1931.500000	-0.620399
1931.583333	-0.785674
1931.666667	-1.268759
1931.750000	-0.780401
1931.833333	-0.549960
1931.916667	-0.148980
1932.000000	0.527577
1932.083333	0.302012
1932.166667	-0.289467
1932.250000	-0.399441
1932.333333	-0.440010
1932.416667	-0.234012
1932.500000	0.716172
1932.583333	0.948906
1932.666667	0.191282
1932.750000	-0.800450
1932.833333	-0.506085
1932.916667	-0.076518
1933.000000	-0.207521
1933.083333	-0.386439
1933.166667	-0.278043
1933.250000	0.058714
1933.333333	0.242390
1933.416667	0.364949
1933.500000	0.813603
1933.583333	0.618230
1933.666667	0.857022
1933.750000	0.549305
1933.833333	-0.552775
1933.916667	-0.623281
1934.000000	-0.054708
1934.083333	0.021737
1934.166667	0.102847
1934.250000	-0.150047
1934.333333	0.111693
1934.416667	0.004842
1934.500000	0.792641
1934.583333	0.438126
1934.666667	0.901423
1934.750000	0.317066
1934.833333	-0.301270
1934.916667	0.829332
1935.000000	0.408219
1935.083333	0.249882
1935.166667	0.084915
1935.250000	0.291808
1935.333333	-0.182055
1935.416667	-0.318759
1935.500000	0.496994
1935.583333	0.243143
1935.666667	0.192336
1935.750000	-0.273599
1935.833333	-0.138957
1935.916667	-0.451357
1936.000000	0.230032
1936.083333	-0.356251
1936.166667	-0.114825
1936.250000	-0.432566
1936.333333	-0.265068
1936.416667	-0.106687
1936.500000	0.833131
1936.583333	0.276696
1936.666667	0.401102
1936.750000	-0.532555
1936.833333	-0.204119
1936.916667	-0.128287
1937.000000	0.211645
1937.083333	-0.172847
1937.166667	-0.586992
1937.250000	-0.150159
1937.333333	0.423061
1937.416667	0.397079
1937.500000	0.730097
1937.583333	1.388395
1937.666667	0.377092
1937.750000	0.248646
1937.833333	-0.011158
1937.916667	-0.633934
1938.000000	-0.013511
1938.083333	0.158942
1938.166667	0.740764
1938.250000	0.562449
1938.333333	0.154855
1938.416667	-0.063912
1938.500000	-0.133274
1938.583333	0.661427
1938.666667	0.538501
1938.750000	0.439787
1938.833333	1.074028
1938.916667	0.432228
1939.000000	0.304529
1939.083333	0.864701
1939.166667	0.714002
1939.250000	0.551708
1939.333333	0.198387
1939.416667	0.373357
1939.500000	0.308340
1939.583333	0.970053
1939.666667	1.028878
1939.750000	0.160335
1939.833333	-0.246720
1939.916667	-1.276893
1940.000000	-1.320538
1940.083333	-1.409469
1940.166667	-1.225382
1940.250000	-0.547924
1940.333333	-0.374209
1940.416667	-0.066022
1940.500000	-0.299421
1940.583333	-0.528730
1940.666667	-0.646295
1940.750000	-0.713421
1940.833333	-0.660466
1940.916667	-0.874460
1941.000000	-1.276622
1941.083333	-1.748165
1941.166667	-1.591339
1941.250000	-1.382172
1941.333333	-1.413262
1941.416667	-0.579630
1941.500000	0.093902
1941.583333	0.341932
1941.666667	0.509133
1941.750000	0.494887
1941.833333	0.187409
1941.916667	-0.193774
1942.000000	-0.609600
1942.083333	-0.830563
1942.166667	-1.140363
1942.250000	-0.522220
1942.333333	-0.480682
1942.416667	-0.471689
1942.500000	-0.386827
1942.583333	-0.569945
1942.666667	-0.385029
1942.750000	-0.628173
1942.833333	-0.346034
1942.916667	-0.081179
1943.000000	0.135865
1943.083333	0.143400
1943.166667	-0.124359
1943.250000	0.283138
1943.333333	0.256419
1943.416667	0.442561
1943.500000	0.437063
1943.583333	0.164480
1943.666667	0.433935
1943.750000	0.472834
1943.833333	0.659048
1943.916667	0.284727
1944.000000	0.101081
1944.083333	0.311121
1944.166667	0.140524
1944.250000	0.218600
1944.333333	0.140213
1944.416667	-0.072461
1944.500000	-0.083823
1944.583333	0.872792
1944.666667	0.015135
1944.750000	-0.388079
1944.833333	-0.579861
1944.916667	-0.127125
1945.000000	-0.282541
1945.083333	-0.307605
1945.166667	0.058590
1945.250000	0.523122
1945.333333	0.623571
1945.416667	0.739858
1945.500000	1.314351
1945.583333	0.990361
1945.666667	0.717994
1945.750000	0.806676
1945.833333	1.106829
1945.916667	0.692154
1946.000000	0.351169
1946.083333	0.438687
1946.166667	-0.008633
1946.250000	0.177860
1946.333333	0.363035
1946.416667	0.115492
1946.500000	0.325176
1946.583333	-0.019168
1946.666667	0.170074
1946.750000	-0.026720
1946.833333	0.054321
1946.916667	-0.060484
1947.000000	-0.497239
1947.083333	-1.377331
1947.166667	-1.614318
1947.250000	-0.931103
1947.333333	-0.577911
1947.416667	0.172170
1947.500000	0.323611
1947.583333	1.064789
1947.666667	1.183492
1947.750000	0.466967
1947.833333	-0.133120
1947.916667	0.082711
1948.000000	-0.088842
1948.083333	0.069264
1948.166667	0.345238
1948.250000	0.552132
1948.333333	0.688636
1948.416667	0.131794
1948.500000	-0.615483
1948.583333	-0.338696
1948.666667	-0.436078
1948.750000	-0.200943
1948.833333	-0.028343
1948.916667	0.554577
1949.000000	0.881882
1949.083333	0.965276
1949.166667	0.419242
1949.250000	0.468920
1949.333333	0.272414
1949.416667	-0.156854
1949.500000	0.086338
1949.583333	0.468468
1949.666667	1.225502
1949.750000	1.260854
1949.833333	0.590643
1949.916667	0.201206
1950.000000	0.304521
1950.083333	0.521811
1950.166667	0.897872
1950.250000	0.539504
1950.333333	0.138326
1950.416667	0.342706
1950.500000	0.607909
1950.583333	0.846821
1950.666667	0.145194
1950.750000	-0.521727
1950.833333	-0.385700
1950.916667	-0.523718
1951.000000	-0.601162
1951.083333	-0.310556
1951.166667	-0.638274
1951.250000	-0.567483
1951.333333	-0.942274
1951.416667	-0.463248
1951.500000	-0.305912
1951.583333	-0.406072
1951.666667	0.065874
1951.750000	0.366557
1951.833333	0.464869
1951.916667	0.285292
1952.000000	0.425646
1952.083333	0.074838
1952.166667	0.280259
1952.250000	0.396551
1952.333333	0.411805
1952.416667	-0.097343
1952.500000	0.158362
1952.583333	-0.078949
1952.666667	-0.871727
1952.750000	-0.929170
1952.833333	-0.871708
1952.916667	-0.834221
1953.000000	-0.605862
1953.083333	-0.165650
1953.166667	0.087055
1953.250000	0.313669
1953.333333	0.383350
1953.416667	0.278809
1953.500000	0.449857
1953.583333	0.145143
1953.666667	0.102786
1953.750000	0.486527
1953.833333	0.728124
1953.916667	1.176210
1954.000000	0.745263
1954.083333	0.123016
1954.166667	-0.186408
1954.250000	-0.030303
1954.333333	0.048791
1954.416667	0.021071
1954.500000	-0.703302
1954.583333	-0.991121
1954.666667	-0.590613
1954.750000	-0.634413
1954.833333	-0.242851
1954.916667	0.094871
1955.000000	-0.179571
1955.083333	-0.393840
1955.166667	-0.772834
1955.250000	-0.790762
1955.333333	-0.970565
1955.416667	-0.978680
1955.500000	0.311883
1955.583333	1.045359
1955.666667	0.875091
1955.750000	0.133696
1955.833333	0.137726
1955.916667	0.300095
1956.000000	0.157618
1956.083333	-0.595799
1956.166667	-0.874429
1956.250000	-0.702624
1956.333333	-0.679649
1956.416667	-0.896390
1956.500000	-0.656373
1956.583333	-1.165784
1956.666667	-0.735897
1956.750000	-0.345965
1956.833333	-0.453757
1956.916667	-0.147494
1957.000000	0.266700
1957.083333	0.728481
1957.166667	0.662867
1957.250000	0.533441
1957.333333	0.129600
1957.416667	0.235433
1957.500000	0.368722
1957.583333	-0.003967
1957.666667	-0.442659
1957.750000	-0.360289
1957.833333	0.034118
1957.916667	0.094236
1958.000000	-0.006074
1958.083333	-0.320500
1958.166667	-0.703901
1958.250000	-1.034871
1958.333333	-0.779366
1958.416667	-0.637314
1958.500000	-0.228754
1958.583333	-0.333517
1958.666667	0.757000
1958.750000	0.438373
1958.833333	0.862712
1958.916667	0.630129
1959.000000	0.316901
1959.083333	0.401049
1959.166667	0.745611
1959.250000	0.952096
1959.333333	1.112421
1959.416667	0.849085
1959.500000	1.388622
1959.583333	1.294643
1959.666667	1.418241
1959.750000	1.619612
1959.833333	0.976705
1959.916667	0.958511
1960.000000	0.592277
1960.083333	0.385750
1960.166667	0.377073
1960.250000	0.418548
1960.333333	0.649718
1960.416667	0.781165
1960.500000	-0.280191
1960.583333	0.184381
1960.666667	0.311426
1960.750000	-0.013770
1960.833333	0.088982
1960.916667	0.345392
1961.000000	0.427821
1961.083333	0.834387
1961.166667	1.262900
1961.250000	1.433457
1961.333333	1.046355
1961.416667	0.842581
1961.500000	-0.006572
1961.583333	-0.470149
1961.666667	0.312683
1961.750000	0.712079
1961.833333	0.326685
1961.916667	0.204609
1962.000000	0.317117
1962.083333	0.103835
1962.166667	-0.607897
1962.250000	-0.551986
1962.333333	-0.786158
1962.416667	-0.674533
1962.500000	-0.998295
1962.583333	-1.035082
1962.666667	-0.810087
1962.750000	-0.153304
1962.833333	-0.335868
1962.916667	-0.502942
1963.000000	-1.485958
1963.083333	-1.870939
1963.166667	-1.613348
1963.250000	-1.260986
1963.333333	-1.003337
1963.416667	-0.134692
1963.500000	-0.298820
1963.583333	-0.380224
1963.666667	-0.918482
1963.750000	-0.487866
1963.833333	0.146266
1963.916667	-0.038316
1964.000000	0.074919
1964.083333	0.143244
1964.166667	-0.403475
1964.250000	-0.469673
1964.333333	0.290222
1964.416667	0.067801
1964.500000	-0.127542
1964.583333	-0.337917
1964.666667	-0.236328
1964.750000	-0.147861
1964.833333	-0.025467
1964.916667	0.155265
1965.000000	0.246628
1965.083333	-0.156108
1965.166667	-0.340482
1965.250000	-0.181523
1965.333333	-0.367353
1965.416667	-0.350366
1965.500000	-0.968281
1965.583333	-0.811516
1965.666667	-0.594689
1965.750000	-0.018929
1965.833333	-0.584278
1965.916667	-0.934544
1966.000000	-0.916935
1966.083333	-0.767463
1966.166667	-0.324924
1966.250000	-0.450924
1966.333333	-0.111402
1966.416667	0.766754
1966.500000	0.280928
1966.583333	-0.307035
1966.666667	-0.187678
1966.750000	0.081890
1966.833333	-0.220633
1966.916667	-0.359328
1967.000000	0.033590
1967.083333	0.482898
1967.166667	0.889214
1967.250000	0.588413
1967.333333	0.105465
1967.416667	0.124904
1967.500000	0.451781
1967.583333	0.710888
1967.666667	0.568243
1967.750000	0.271980
1967.833333	-0.046596
1967.916667	-0.194722
1968.000000	-0.293764
1968.083333	0.096066
1968.166667	0.040390
1968.250000	0.214895
1968.333333	-0.043824
1968.416667	0.311945
1968.500000	-0.198661
1968.583333	0.297108
1968.666667	0.575170
1968.750000	0.346061
1968.833333	0.142314
1968.916667	0.391399
1969.000000	0.183048
1969.083333	-0.158912
1969.166667	-0.459035
1969.250000	-0.584691
1969.333333	-0.611992
1969.416667	0.336306
1969.500000	0.436713
1969.583333	1.029233
1969.666667	0.282263
1969.750000	0.500854
1969.833333	0.340666
1969.916667	-0.387102
1970.000000	-0.691737
1970.083333	-0.888450
1970.166667	-0.834628
1970.250000	-0.962644
1970.333333	-0.529542
1970.416667	0.138439
1970.500000	-0.271699
1970.583333	0.064512
1970.666667	-0.048935
1970.750000	-0.230936
1970.833333	-0.476300
1970.916667	-0.111132
1971.000000	-0.015202
1971.083333	0.483894
1971.166667	0.031312
1971.250000	-0.131412
1971.333333	0.203421
1971.416667	-0.383153
1971.500000	0.017451
1971.583333	0.214089
1971.666667	0.495322
1971.750000	0.462281
1971.833333	-0.063619
1971.916667	0.276637
1972.000000	0.252622
1972.083333	0.071757
1972.166667	0.200289
1972.250000	0.420294
1972.333333	-0.166898
1972.416667	-0.602826
1972.500000	-0.214626
1972.583333	-0.295730
1972.666667	-0.389334
1972.750000	-0.362223
1972.833333	0.032766
1972.916667	0.581029
1973.000000	0.435592
1973.083333	0.489960
1973.166667	0.731818
1973.250000	0.291315
1973.333333	0.117572
1973.416667	0.270047
1973.500000	1.113770
1973.583333	0.249530
1973.666667	0.347616
1973.750000	-0.235707
1973.833333	-0.202762
1973.916667	-0.546160
1974.000000	0.224120
1974.083333	0.637708
1974.166667	0.603939
1974.250000	0.842343
1974.333333	0.601564
1974.416667	0.266259
1974.500000	0.080163
1974.583333	-0.055480
1974.666667	-0.084582
1974.750000	-0.947713
1974.833333	-0.641908
1974.916667	0.072043
1975.000000	0.923510
1975.083333	1.039138
1975.166667	0.766780
1975.250000	0.421565
1975.333333	0.277633
1975.416667	-0.070432
1975.500000	0.331188
1975.583333	1.362281
1975.666667	0.565169
1975.750000	-0.098390
1975.833333	0.285149
1975.916667	0.048637
1976.000000	0.353961
1976.083333	-0.024315
1976.166667	0.005919
1976.250000	-0.086402
1976.333333	0.077166
1976.416667	0.437309
1976.500000	1.394234
1976.583333	1.054848
1976.666667	0.126814
1976.750000	0.049136
1976.833333	0.172807
1976.916667	-0.060130
1977.000000	-0.026832
1977.083333	-0.037051
1977.166667	0.436505
1977.250000	-0.054439
1977.333333	0.058579
1977.416667	-0.363049
1977.500000	-0.123829
1977.583333	-0.396821
1977.666667	-0.533677
1977.750000	-0.029223
1977.833333	0.220564
1977.916667	0.078671
1978.000000	0.091091
1978.083333	-0.290012
1978.166667	-0.467247
1978.250000	-0.282504
1978.333333	-0.232423
1978.416667	0.039745
1978.500000	-0.951684
1978.583333	-0.453156
1978.666667	-0.702730
1978.750000	-0.417834
1978.833333	0.306666
1978.916667	0.010501
1979.000000	-0.874726
1979.083333	-1.150230
1979.166667	-0.867955
1979.250000	-1.049662
1979.333333	-1.098749
1979.416667	-0.430373
1979.500000	-0.667554
1979.583333	-0.591421
1979.666667	-0.640235
1979.750000	-0.186734
1979.833333	-0.557404
1979.916667	-0.091450
1980.000000	-0.308807
1980.083333	-0.113956
1980.166667	-0.030628
1980.250000	0.001638
1980.333333	0.197473
1980.416667	0.426082
1980.500000	-0.409891
1980.583333	-0.008866
1980.666667	0.123163
1980.750000	-0.155590
1980.833333	-0.611839
1980.916667	-0.661701
1981.000000	-0.673816
1981.083333	-0.358454
1981.166667	-0.103155
1981.250000	0.017641
1981.333333	0.147848
1981.416667	0.063976
1981.500000	-0.244527
1981.583333	0.026315
1981.666667	0.235984
1981.750000	-0.596031
1981.833333	-0.129974
1981.916667	-0.317359
1982.000000	-0.419105
1982.083333	0.087750
1982.166667	0.472512
1982.250000	0.761812
1982.333333	0.604617
1982.416667	0.997149
1982.500000	1.229327
1982.583333	1.202053
1982.666667	0.498320
1982.750000	0.644871
1982.833333	0.910181
1982.916667	0.711067
1983.000000	0.759956
1983.083333	0.444486
1983.166667	0.574643
1983.250000	0.356700
1983.333333	0.236283
1983.416667	0.240000
1983.500000	0.774049
1983.583333	0.839512
1983.666667	0.379332
1983.750000	0.158836
1983.833333	0.173301
1983.916667	0.045322
1984.000000	0.225484
1984.083333	0.248474
1984.166667	-0.001229
1984.250000	0.178765
1984.333333	0.222562
1984.416667	-0.152872
1984.500000	0.013229
1984.583333	0.790759
1984.666667	0.297775
1984.750000	0.140371
1984.833333	0.776526
1984.916667	0.598281
1985.000000	-0.000621
1985.083333	-0.180191
1985.166667	-0.225077
1985.250000	-0.175063
1985.333333	-0.259693
1985.416667	0.135581
1985.500000	0.804072
1985.583333	0.015307
1985.666667	-0.180202
1985.750000	0.498153
1985.833333	0.048378
1985.916667	0.167766
1986.000000	0.142946
1986.083333	-0.466062
1986.166667	-0.458282
1986.250000	-0.541572
1986.333333	-0.152947
1986.416667	-0.244761
1986.500000	0.414545
1986.583333	-0.066285
1986.666667	-0.844755
1986.750000	-0.315059
1986.833333	0.186418
1986.916667	0.634236
1987.000000	-0.087647
1987.083333	-0.273759
1987.166667	-0.466135
1987.250000	-0.002162
1987.333333	-0.047149
1987.416667	-0.455198
1987.500000	0.142056
1987.583333	-0.293143
1987.666667	0.526892
1987.750000	0.359051
1987.833333	0.530289
1987.916667	0.365140
1988.000000	0.914687
1988.083333	0.979614
1988.166667	0.422041
1988.250000	0.426425
1988.333333	0.676869
1988.416667	0.753657
1988.500000	0.938603
1988.583333	0.415740
1988.666667	0.273115
1988.750000	-0.081071
1988.833333	-0.184691
1988.916667	0.026448
1989.000000	0.776399
1989.083333	1.122273
1989.166667	1.209441
1989.250000	1.156627
1989.333333	1.239590
1989.416667	1.297772
1989.500000	1.255177
1989.583333	0.597076
1989.666667	0.528120
1989.750000	0.574444
1989.833333	0.796634
1989.916667	0.632912
1990.000000	0.994540
1990.083333	1.397440
1990.166667	1.482689
1990.250000	1.472159
1990.333333	1.955606
1990.416667	1.085810
1990.500000	0.577063
1990.583333	1.196594
1990.666667	0.776991
1990.750000	0.423486
1990.833333	0.449752
1990.916667	0.287798
1991.000000	0.593265
1991.083333	0.400985
1991.166667	0.746973
1991.250000	0.699095
1991.333333	0.367405
1991.416667	-0.291337
1991.500000	0.544635
1991.583333	1.270724
1991.666667	1.385358
1991.750000	0.397151
1991.833333	0.062493
1991.916667	0.321330
1992.000000	0.580108
1992.083333	0.683263
1992.166667	1.052005
1992.250000	0.736289
1992.333333	1.241543
1992.416667	1.892206
1992.500000	1.430341
1992.583333	1.011022
1992.666667	0.383707
1992.750000	-0.017047
1992.833333	-0.152477
1992.916667	0.361867
1993.000000	0.525807
1993.083333	0.595619
1993.166667	0.392863
1993.250000	0.657538
1993.333333	1.236270
1993.416667	0.939016
1993.500000	-0.084644
1993.583333	-0.223269
1993.666667	-0.376595
1993.750000	-0.662675
1993.833333	-0.675885
1993.916667	-0.258805
1994.000000	-0.021447
1994.083333	0.088773
1994.166667	0.184431
1994.250000	0.275959
1994.333333	0.596451
1994.416667	-0.071396
1994.500000	1.181176
1994.583333	1.334548
1994.666667	0.180907
1994.750000	-0.306560
1994.833333	0.412558
1994.916667	1.033375
1995.000000	0.538224
1995.083333	0.908194
1995.166667	0.819164
1995.250000	0.619333
1995.333333	0.482295
1995.416667	0.350119
1995.500000	1.089199
1995.583333	1.847372
1995.666667	0.639175
1995.750000	0.824364
1995.833333	0.787551
1995.916667	0.413954
1996.000000	0.198798
1996.083333	-0.298416
1996.166667	-0.437300
1996.250000	-0.084409
1996.333333	-0.296364
1996.416667	0.035228
1996.500000	-0.483957
1996.583333	0.523453
1996.666667	0.336685
1996.750000	0.374581
1996.833333	0.717862
1996.916667	0.270703
1997.000000	-0.209507
1997.083333	0.576206
1997.166667	1.318961
1997.250000	1.240215
1997.333333	0.837811
1997.416667	1.022168
1997.500000	1.194069
1997.583333	2.271368
1997.666667	1.401148
1997.750000	0.878547
1997.833333	0.548129
1997.916667	0.774717
1998.000000	1.339161
1998.083333	1.178234
1998.166667	1.333188
1998.250000	0.774047
1998.333333	1.120523
1998.416667	0.470287
1998.500000	0.107412
1998.583333	0.260379
1998.666667	0.373817
1998.750000	0.155575
1998.833333	0.056407
1998.916667	0.132507
1999.000000	0.697772
1999.083333	0.522269
1999.166667	0.683606
1999.250000	0.978630
1999.333333	1.361071
1999.416667	1.091302
1999.500000	1.408770
1999.583333	1.301471
1999.666667	1.508797
1999.750000	0.740164
1999.833333	0.569240
1999.916667	0.347430
2000.000000	0.514659
2000.083333	0.893776
2000.166667	1.075760
2000.250000	0.816884
2000.333333	1.781599
2000.416667	1.059555
2000.500000	0.315240
2000.583333	0.629910
2000.666667	0.645660
2000.750000	0.608063
2000.833333	0.591711
2000.916667	1.330068
2001.000000	1.147738
2001.083333	1.247887
2001.166667	0.791353
2001.250000	0.747734
2001.333333	1.155746
2001.416667	0.817903
2001.500000	1.357149
2001.583333	1.281524
2001.666667	0.924874
2001.750000	1.166743
2001.833333	0.881890
2001.916667	0.423889
2002.000000	0.361329
2002.083333	1.355675
2002.166667	1.313517
2002.250000	1.514478
2002.333333	1.439248
2002.416667	1.656798
2002.500000	1.031274
2002.583333	1.502857
2002.666667	1.659013
2002.750000	0.557026
2002.833333	0.377930
2002.916667	0.498760
2003.000000	0.470546
2003.083333	0.374293
2003.166667	0.763823
2003.250000	0.966706
2003.333333	1.194032
2003.416667	1.717016
2003.500000	1.821933
2003.583333	2.267108
2003.666667	1.439417
2003.750000	0.336839
2003.833333	0.333340
2003.916667	0.760678
2004.000000	0.612629
2004.083333	0.689523
2004.166667	0.587371
2004.250000	1.161074
2004.333333	1.145886
2004.416667	1.186471
2004.500000	0.704621
2004.583333	1.678728
2004.666667	1.033878
2004.750000	0.513123
2004.833333	0.557615
2004.916667	0.877375
2005.000000	0.969116
2005.083333	0.515775
2005.166667	0.068246
2005.250000	0.835120
2005.333333	0.967017
2005.416667	1.068786
2005.500000	1.627232
2005.583333	0.726379
2005.666667	0.898694
2005.750000	1.114452
2005.833333	1.340917
2005.916667	0.830719
2006.000000	0.496271
2006.083333	0.372220
2006.166667	0.033595
2006.250000	0.436587
2006.333333	0.754869
2006.416667	1.108345
2006.500000	2.354610
2006.583333	1.764010
2006.666667	1.553125
2006.750000	1.762325
2006.833333	1.451104
2006.916667	1.828765
2007.000000	1.739744
2007.083333	1.139407
2007.166667	1.327324
2007.250000	1.738910
2007.333333	1.884539
2007.416667	1.763274
2007.500000	0.898288
2007.583333	0.622693
2007.666667	0.160010
2007.750000	0.590458
2007.833333	0.503103
2007.916667	0.900961
2008.000000	1.210169
2008.083333	1.494217
2008.166667	1.296754
2008.250000	1.159109
2008.333333	2.106747
2008.416667	1.755223
2008.500000	1.192829
2008.583333	0.841865
2008.666667	0.565102
2008.750000	0.322414
2008.833333	0.406225
2008.916667	0.536063
2009.000000	0.510230
2009.083333	0.467620
2009.166667	0.816639
2009.250000	1.202710
2009.333333	1.437913
2009.416667	1.212766
2009.500000	1.617278
2009.583333	1.423376
2009.666667	1.237056
2009.750000	0.746679
2009.833333	1.009633
2009.916667	1.051817
2010.000000	0.120344
2010.083333	-0.158829
2010.166667	-0.189404
2010.250000	0.475367
2010.333333	0.621773
2010.416667	0.695332
2010.500000	1.257906
2010.583333	0.592895
2010.666667	0.093369
2010.750000	0.031616
2010.833333	-0.063357
2010.916667	-0.870390
2011.000000	-0.514938
2011.083333	-0.003420
2011.166667	0.021351
2011.250000	1.055496
2011.333333	1.513227
2011.416667	1.036955
2011.500000	0.802829
2011.583333	0.411182
2011.666667	0.712020
2011.750000	0.766778
2011.833333	1.273592
2011.916667	1.286224
2012.000000	1.215401
2012.083333	0.792677
2012.166667	1.355105
2012.250000	1.258076
2012.333333	1.038918
2012.416667	0.773734
2012.500000	0.413464
2012.583333	0.993565
2012.666667	0.557346
2012.750000	0.271750
2012.833333	0.370807
2012.916667	0.499001
2013.000000	0.505441
2013.083333	0.278773
2013.166667	-0.096543
2013.250000	0.070209
2013.333333	0.514847
2013.416667	0.597859
2013.500000	1.106667
2013.583333	1.355768
2013.666667	1.079056
2013.750000	1.302751
2013.833333	1.124137
2013.916667	1.025626
2014.000000	1.220431
2014.083333	1.232542
2014.166667	1.515613
2014.250000	1.721843
2014.333333	1.805081
2014.416667	1.655828
2014.500000	1.918541
2014.583333	1.555220
2014.666667	1.420901
2014.750000	1.823268
2014.833333	2.030919
2014.916667	1.611954
2015.000000	1.314234
2015.083333	0.823439
2015.166667	1.069551
2015.250000	1.379454
2015.333333	1.204091
2015.416667	0.810681
2015.500000	0.993450
2015.583333	1.059567
2015.666667	1.105883
2015.750000	1.111490
2015.833333	1.651405
2015.916667	1.865996
2016.000000	1.548508
2016.083333	1.493941
2016.166667	1.193961
2016.250000	1.480019
2016.333333	1.515936
2016.416667	1.633124
2016.500000	1.324886
2016.583333	0.973591
2016.666667	1.755120
2016.750000	1.394516
2016.833333	0.961917
2016.916667	1.467195
2017.000000	1.285082
2017.083333	1.256465
2017.166667	1.662351
2017.250000	1.776541
2017.333333	1.622520
2017.416667	1.855076
2017.500000	1.260739
2017.583333	0.999795
2017.666667	0.872969
2017.750000	0.954272
2017.833333	0.973775
2017.916667	0.856645
2018.000000	0.887894
2018.083333	0.719003
2018.166667	0.113946
2018.250000	0.639421
2018.333333	1.695595
2018.416667	2.135643
2018.500000	2.164092
2018.583333	2.034774
2018.666667	1.156456
2018.750000	0.332300
2018.833333	0.581634
2018.916667	1.138057
2019.000000	1.262789
2019.083333	1.302475
2019.166667	1.755029
2019.250000	1.724856
2019.333333	1.356320
2019.416667	1.356178
2019.500000	1.345562
2019.583333	1.551488
2019.666667	1.026263
2019.750000	0.907058
2019.833333	0.871380
2019.916667	1.181669
2020.000000	1.381798
2020.083333	1.677746
2020.166667	1.545948
2020.250000	1.739001
2020.333333	1.520736
2020.416667	1.353378
2020.500000	0.922562
2020.583333	1.535139
2020.666667	1.326190
2020.750000	0.811345
2020.833333	1.354351
2020.916667	1.570082
2021.000000	1.032452
2021.083333	0.760665
2021.166667	1.121245
2021.250000	0.869711
2021.333333	0.677272
2021.416667	1.592296
2021.500000	1.804430
2021.583333	0.820762
2021.666667	1.165043
2021.750000	1.166034
2021.833333	1.363071
2021.916667	1.109170
2022.000000	1.445809
2022.083333	1.576322
2022.166667	1.591833
2022.250000	1.609100
2022.333333	2.089700
2022.416667	1.902710
2022.500000	1.711539
2022.583333	1.618883
2022.666667	1.708583
2022.750000	1.319616
2022.833333	1.983937
2022.916667	1.881213
2023.000000	1.850401
