1880.000000	-1.268443
1880.083333	-1.462400
1880.166667	-1.973109
1880.250000	-2.167107
1880.333333	-2.131530
1880.416667	-1.853434
1880.500000	-1.208981
1880.583333	-0.489481
1880.666667	-0.539796
1880.750000	-1.245038
1880.833333	-1.097815
1880.916667	-0.198380
1881.000000	-0.030708
1881.083333	-0.325472
1881.166667	-0.363737
1881.250000	-0.463393
1881.333333	-0.843936
1881.416667	-1.094279
1881.500000	-1.041676
1881.583333	-1.022364
1881.666667	-1.086955
1881.750000	-1.043375
1881.833333	-0.902402
1881.916667	-0.574919
1882.000000	-0.500842
1882.083333	-1.057027
1882.166667	-1.657270
1882.250000	-1.883367
1882.333333	-1.733676
1882.416667	-1.521651
1882.500000	-1.536920
1882.583333	-1.598608
1882.666667	-1.422496
1882.750000	-1.425623
1882.833333	-1.744309
1882.916667	-1.700513
1883.000000	-1.308770
1883.083333	-1.031162
1883.166667	-0.971004
1883.250000	-0.734171
1883.333333	-0.223511
1883.416667	-0.432232
1883.500000	-1.409916
1883.583333	-2.141460
1883.666667	-2.203187
1883.750000	-1.642561
1883.833333	-1.238484
1883.916667	-1.338987
1884.000000	-1.428597
1884.083333	-1.278087
1884.166667	-1.233076
1884.250000	-1.257000
1884.333333	-0.714447
1884.416667	0.177128
1884.500000	0.428542
1884.583333	0.040917
1884.666667	0.018310
1884.750000	0.435484
1884.833333	0.536191
1884.916667	0.451243
1885.000000	0.320722
1885.083333	0.087144
1885.166667	-0.190371
1885.250000	-0.612941
1885.333333	-1.097905
1885.416667	-1.360648
1885.500000	-1.026252
1885.583333	-0.465842
1885.666667	-0.385759
1885.750000	-0.805019
1885.833333	-1.191429
1885.916667	-1.301798
1886.000000	-1.331929
1886.083333	-1.348837
1886.166667	-1.170131
1886.250000	-0.765045
1886.333333	-0.631422
1886.416667	-0.850872
1886.500000	-0.776053
1886.583333	-0.676325
1886.666667	-0.680397
1886.750000	-0.614145
1886.833333	-0.474447
1886.916667	-0.142036
1887.000000	0.217281
1887.083333	0.526790
1887.166667	0.666407
1887.250000	0.790607
1887.333333	0.907685
1887.416667	0.921059
1887.500000	1.049874
1887.583333	1.442356
1887.666667	1.862051
1887.750000	1.790488
1887.833333	1.442068
1887.916667	1.297928
1888.000000	1.006860
1888.083333	0.375358
1888.166667	-0.271648
1888.250000	-0.477232
1888.333333	0.219228
1888.416667	1.474664
1888.500000	2.410655
1888.583333	2.555877
1888.666667	2.499261
1888.750000	2.082673
1888.833333	1.354510
1888.916667	0.837118
1889.000000	0.497001
1889.083333	0.846640
1889.166667	1.840581
1889.250000	2.283204
1889.333333	2.033960
1889.416667	1.856862
1889.500000	1.780239
1889.583333	1.634703
1889.666667	1.219424
1889.750000	0.282382
1889.833333	-0.552537
1889.916667	-0.691895
1890.000000	-0.121893
1890.083333	0.661117
1890.166667	0.978336
1890.250000	0.795337
1890.333333	0.489231
1890.416667	0.241173
1890.500000	0.336648
1890.583333	0.182010
1890.666667	-0.626209
1890.750000	-1.176470
1890.833333	-1.056680
1890.916667	-0.867274
1891.000000	-0.658563
1891.083333	-0.485569
1891.166667	-0.764455
1891.250000	-1.171849
1891.333333	-0.982111
1891.416667	-0.242821
1891.500000	-0.055916
1891.583333	0.103944
1891.666667	0.690165
1891.750000	0.881928
1891.833333	0.610376
1891.916667	0.454841
1892.000000	0.429763
1892.083333	0.252626
1892.166667	0.200703
1892.250000	0.607055
1892.333333	1.123314
1892.416667	0.920723
1892.500000	0.425728
1892.583333	0.114717
1892.666667	-0.284218
1892.750000	-0.396696
1892.833333	-0.233360
1892.916667	-0.453854
1893.000000	-0.434683
1893.083333	0.291296
1893.166667	0.763716
1893.250000	0.912793
1893.333333	1.213419
1893.416667	1.256985
1893.500000	0.859914
1893.583333	0.494087
1893.666667	0.459950
1893.750000	0.561080
1893.833333	0.393541
1893.916667	0.297102
1894.000000	0.696472
1894.083333	1.326208
1894.166667	1.804121
1894.250000	1.709116
1894.333333	0.867939
1894.416667	-0.170003
1894.500000	-1.127289
1894.583333	-1.681499
1894.666667	-1.465203
1894.750000	-1.208129
1894.833333	-1.554065
1894.916667	-1.788485
1895.000000	-1.534543
1895.083333	-1.532748
1895.166667	-1.761717
1895.250000	-1.733090
1895.333333	-1.361794
1895.416667	-1.280749
1895.500000	-1.871778
1895.583333	-2.742767
1895.666667	-2.653262
1895.750000	-1.708113
1895.833333	-1.480029
1895.916667	-1.495526
1896.000000	-1.218975
1896.083333	-1.304398
1896.166667	-1.583510
1896.250000	-1.702132
1896.333333	-2.092894
1896.416667	-2.476908
1896.500000	-2.182655
1896.583333	-1.864906
1896.666667	-1.898209
1896.750000	-1.905023
1896.833333	-1.698355
1896.916667	-1.535018
1897.000000	-1.617412
1897.083333	-1.624053
1897.166667	-1.641849
1897.250000	-1.700019
1897.333333	-1.629096
1897.416667	-0.931124
1897.500000	0.028557
1897.583333	-0.306908
1897.666667	-1.281998
1897.750000	-1.640753
1897.833333	-1.600338
1897.916667	-1.491501
1898.000000	-1.005915
1898.083333	-0.269938
1898.166667	0.096778
1898.250000	0.100607
1898.333333	-0.206462
1898.416667	-0.814083
1898.500000	-1.020713
1898.583333	-0.637684
1898.666667	0.000000
1898.750000	0.721595
1898.833333	1.255267
1898.916667	0.972690
1899.000000	0.263887
1899.083333	-0.198079
1899.166667	-0.520330
1899.250000	-0.445242
1899.333333	0.037096
1899.416667	0.580043
1899.500000	1.023950
1899.583333	1.288305
1899.666667	1.252942
1899.750000	1.094039
1899.833333	1.139990
1899.916667	1.070424
1900.000000	0.829010
1900.083333	0.579151
1900.166667	0.244421
1900.250000	-0.173618
1900.333333	-0.603902
1900.416667	-0.951725
1900.500000	-1.202155
1900.583333	-1.148386
1900.666667	-1.002139
1900.750000	-1.111740
1900.833333	-1.171188
1900.916667	-0.849130
1901.000000	-0.646775
1901.083333	-0.830788
1901.166667	-0.903983
1901.250000	-0.843648
1901.333333	-0.856416
1901.416667	-0.801507
1901.500000	-0.738856
1901.583333	-0.966688
1901.666667	-1.032647
1901.750000	-0.916690
1901.833333	-0.473193
1901.916667	0.222703
1902.000000	0.494417
1902.083333	0.165664
1902.166667	-0.314768
1902.250000	-0.659328
1902.333333	-0.823232
1902.416667	-0.920000
1902.500000	-0.885361
1902.583333	-0.672080
1902.666667	-0.288644
1902.750000	-0.093921
1902.833333	-0.168080
1902.916667	-0.306387
1903.000000	-0.373387
1903.083333	-0.146532
1903.166667	0.178082
1903.250000	-0.049323
1903.333333	-0.655719
1903.416667	-0.698880
1903.500000	-0.491056
1903.583333	-0.889180
1903.666667	-1.567483
1903.750000	-2.080555
1903.833333	-1.863848
1903.916667	-1.111163
1904.000000	-0.874076
1904.083333	-1.104579
1904.166667	-0.924357
1904.250000	-0.228957
1904.333333	0.414227
1904.416667	0.727688
1904.500000	0.725936
1904.583333	0.818997
1904.666667	1.217572
1904.750000	1.634720
1904.833333	1.744192
1904.916667	1.924100
1905.000000	2.316124
1905.083333	2.195736
1905.166667	1.793364
1905.250000	1.151424
1905.333333	0.568499
1905.416667	0.634207
1905.500000	0.735393
1905.583333	0.331256
1905.666667	0.134658
1905.750000	0.384237
1905.833333	0.553464
1905.916667	0.479960
1906.000000	0.035894
1906.083333	-0.644441
1906.166667	-0.857309
1906.250000	-0.530815
1906.333333	-0.344655
1906.416667	-0.687143
1906.500000	-1.088652
1906.583333	-1.345601
1906.666667	-1.365715
1906.750000	-1.202708
1906.833333	-1.115456
1906.916667	-1.211451
1907.000000	-1.245249
1907.083333	-1.029309
1907.166667	-0.946256
1907.250000	-0.927182
1907.333333	-0.478132
1907.416667	0.206589
1907.500000	0.587726
1907.583333	0.665957
1907.666667	0.493765
1907.750000	0.190548
1907.833333	0.225089
1907.916667	0.758531
1908.000000	1.492531
1908.083333	1.915069
1908.166667	2.169961
1908.250000	2.270642
1908.333333	1.777715
1908.416667	1.142513
1908.500000	0.901939
1908.583333	0.840954
1908.666667	0.671414
1908.750000	0.119953
1908.833333	-0.628692
1908.916667	-0.847838
1909.000000	-0.448648
1909.083333	0.239639
1909.166667	1.060529
1909.250000	1.626928
1909.333333	1.884298
1909.416667	2.278325
1909.500000	2.418107
1909.583333	2.366296
1909.666667	2.211700
1909.750000	1.739889
1909.833333	1.535744
1909.916667	1.838416
1910.000000	2.029838
1910.083333	1.863809
1910.166667	1.984986
1910.250000	2.411870
1910.333333	2.575919
1910.416667	2.564179
1910.500000	2.357591
1910.583333	2.050651
1910.666667	2.045311
1910.750000	2.185076
1910.833333	2.471966
1910.916667	2.781465
1911.000000	2.967963
1911.083333	2.968963
1911.166667	3.142333
1911.250000	3.259293
1911.333333	3.110557
1911.416667	2.538752
1911.500000	2.023288
1911.583333	1.488781
1911.666667	1.351459
1911.750000	1.765076
1911.833333	2.162293
1911.916667	2.183858
1912.000000	1.878204
1912.083333	1.682282
1912.166667	1.474441
1912.250000	1.301705
1912.333333	1.245189
1912.416667	1.210850
1912.500000	1.120200
1912.583333	0.908488
1912.666667	0.978036
1912.750000	1.376093
1912.833333	1.377320
1912.916667	1.109674
1913.000000	1.099637
1913.083333	1.241304
1913.166667	1.231438
1913.250000	1.141995
1913.333333	0.924734
1913.416667	0.647638
1913.500000	0.500249
1913.583333	0.029858
1913.666667	-0.342413
1913.750000	0.061129
1913.833333	0.160925
1913.916667	-0.430541
1914.000000	-0.865470
1914.083333	-0.835027
1914.166667	-0.829433
1914.250000	-1.192739
1914.333333	-1.445063
1914.416667	-1.043940
1914.500000	-0.113616
1914.583333	0.606704
1914.666667	0.920650
1914.750000	1.122876
1914.833333	1.390612
1914.916667	1.700035
1915.000000	1.517282
1915.083333	1.144113
1915.166667	0.963680
1915.250000	0.813537
1915.333333	0.528551
1915.416667	0.117512
1915.500000	-0.477899
1915.583333	-0.941778
1915.666667	-0.891397
1915.750000	-0.496813
1915.833333	-0.145528
1915.916667	0.327595
1916.000000	0.914653
1916.083333	0.772780
1916.166667	-0.093900
1916.250000	-0.361065
1916.333333	0.108535
1916.416667	0.154068
1916.500000	0.119919
1916.583333	0.739999
1916.666667	1.336936
1916.750000	1.186498
1916.833333	0.743252
1916.916667	0.825169
1917.000000	1.260839
1917.083333	1.751573
1917.166667	1.640004
1917.250000	0.675043
1917.333333	-0.079863
1917.416667	-0.072730
1917.500000	0.002698
1917.583333	-0.557390
1917.666667	-1.116312
1917.750000	-1.042662
1917.833333	-0.814345
1917.916667	-0.616517
1918.000000	-0.154020
1918.083333	0.153134
1918.166667	0.312065
1918.250000	0.441207
1918.333333	0.211207
1918.416667	-0.102956
1918.500000	-0.069509
1918.583333	0.225360
1918.666667	0.527149
1918.750000	0.432411
1918.833333	0.036248
1918.916667	-0.277401
1919.000000	-0.333292
1919.083333	-0.440000
1919.166667	-0.755545
1919.250000	-0.622143
1919.333333	0.013624
1919.416667	0.196198
1919.500000	0.024197
1919.583333	-0.306309
1919.666667	-0.878579
1919.750000	-0.935870
1919.833333	-0.169693
1919.916667	0.167808
1920.000000	-0.163788
1920.083333	-0.292558
1920.166667	-0.062019
1920.250000	-0.135672
1920.333333	-0.442337
1920.416667	-0.716565
1920.500000	-0.863512
1920.583333	-0.800695
1920.666667	-0.567610
1920.750000	-0.299710
1920.833333	0.144372
1920.916667	0.486815
1921.000000	0.300441
1921.083333	-0.295341
1921.166667	-0.846652
1921.250000	-1.236364
1921.333333	-1.760272
1921.416667	-1.997867
1921.500000	-1.905881
1921.583333	-1.790465
1921.666667	-1.684978
1921.750000	-1.445398
1921.833333	-0.790771
1921.916667	-0.004545
1922.000000	0.220374
1922.083333	0.136886
1922.166667	0.118433
1922.250000	0.138166
1922.333333	0.140081
1922.416667	0.098820
1922.500000	0.154162
1922.583333	0.444550
1922.666667	0.570061
1922.750000	0.441506
1922.833333	0.341523
1922.916667	0.446888
1923.000000	0.804398
1923.083333	1.055936
1923.166667	0.866799
1923.250000	0.481176
1923.333333	0.174977
1923.416667	-0.152739
1923.500000	-0.651275
1923.583333	-1.102048
1923.666667	-1.198418
1923.750000	-0.945069
1923.833333	-1.029380
1923.916667	-1.552486
1924.000000	-1.952072
1924.083333	-2.268802
1924.166667	-2.620885
1924.250000	-2.407320
1924.333333	-1.782501
1924.416667	-1.248180
1924.500000	-0.775071
1924.583333	-0.306833
1924.666667	-0.030360
1924.750000	0.325991
1924.833333	0.575112
1924.916667	0.256752
1925.000000	-0.230738
1925.083333	-0.386803
1925.166667	0.160855
1925.250000	0.564960
1925.333333	-0.154866
1925.416667	-1.227471
1925.500000	-1.389118
1925.583333	-1.019189
1925.666667	-0.716629
1925.750000	-0.634087
1925.833333	-0.490488
1925.916667	-0.492257
1926.000000	-0.794760
1926.083333	-1.075121
1926.166667	-1.213739
1926.250000	-1.188584
1926.333333	-0.959865
1926.416667	-0.692990
1926.500000	-0.536289
1926.583333	-0.510369
1926.666667	-0.697667
1926.750000	-0.965756
1926.833333	-0.704812
1926.916667	-0.193007
1927.000000	-0.085812
1927.083333	0.088559
1927.166667	0.292866
1927.250000	0.404836
1927.333333	0.404919
1927.416667	0.057702
1927.500000	-0.541967
1927.583333	-1.060667
1927.666667	-1.172089
1927.750000	-0.812305
1927.833333	-0.266637
1927.916667	0.250731
1928.000000	0.618034
1928.083333	0.493396
1928.166667	0.211428
1928.250000	0.105689
1928.333333	0.265497
1928.416667	0.555358
1928.500000	0.714090
1928.583333	0.713255
1928.666667	0.361817
1928.750000	0.026062
1928.833333	-0.019404
1928.916667	-0.347642
1929.000000	-0.941880
1929.083333	-1.050117
1929.166667	-0.736013
1929.250000	-0.464520
1929.333333	-0.082871
1929.416667	0.610988
1929.500000	0.891943
1929.583333	0.524833
1929.666667	0.022153
1929.750000	-0.100199
1929.833333	0.153031
1929.916667	0.125179
1930.000000	-0.210038
1930.083333	-0.232952
1930.166667	-0.186794
1930.250000	-0.650416
1930.333333	-1.124299
1930.416667	-1.026262
1930.500000	-0.986206
1930.583333	-1.283191
1930.666667	-1.052816
1930.750000	-0.271505
1930.833333	0.181368
1930.916667	0.346942
1931.000000	0.726097
1931.083333	1.138128
1931.166667	1.332794
1931.250000	1.188652
1931.333333	0.544621
1931.416667	0.444425
1931.500000	1.232262
1931.583333	2.089448
1931.666667	2.320005
1931.750000	1.815936
1931.833333	1.128453
1931.916667	0.983141
1932.000000	1.192414
1932.083333	1.142944
1932.166667	0.524475
1932.250000	-0.638182
1932.333333	-1.211139
1932.416667	-1.102156
1932.500000	-1.072174
1932.583333	-1.148882
1932.666667	-1.348144
1932.750000	-1.713195
1932.833333	-2.179183
1932.916667	-2.524353
1933.000000	-2.511363
1933.083333	-2.230451
1933.166667	-2.136532
1933.250000	-2.106995
1933.333333	-1.907455
1933.416667	-1.962123
1933.500000	-2.464561
1933.583333	-2.554375
1933.666667	-2.191757
1933.750000	-1.823929
1933.833333	-1.676421
1933.916667	-1.589939
1934.000000	-1.449954
1934.083333	-1.336727
1934.166667	-1.417722
1934.250000	-1.878129
1934.333333	-2.335448
1934.416667	-1.984628
1934.500000	-1.229794
1934.583333	-0.396188
1934.666667	-0.114802
1934.750000	-0.582596
1934.833333	-0.892821
1934.916667	-0.930882
1935.000000	-0.587920
1935.083333	0.085907
1935.166667	0.343365
1935.250000	0.195121
1935.333333	0.083678
1935.416667	0.178824
1935.500000	-0.006387
1935.583333	-0.589615
1935.666667	-0.655080
1935.750000	-0.258434
1935.833333	0.042940
1935.916667	-0.109570
1936.000000	-0.323878
1936.083333	-0.022634
1936.166667	0.207657
1936.250000	-0.183579
1936.333333	-0.738356
1936.416667	-0.922953
1936.500000	-0.278401
1936.583333	0.648657
1936.666667	0.522989
1936.750000	-0.387142
1936.833333	-0.498674
1936.916667	0.060824
1937.000000	0.344331
1937.083333	0.668372
1937.166667	1.044395
1937.250000	1.294259
1937.333333	1.228971
1937.416667	0.831614
1937.500000	0.604463
1937.583333	0.730364
1937.666667	0.815156
1937.750000	0.522103
1937.833333	-0.219559
1937.916667	-0.809584
1938.000000	-0.706754
1938.083333	-0.089498
1938.166667	0.628457
1938.250000	1.140415
1938.333333	1.198140
1938.416667	1.049284
1938.500000	0.836201
1938.583333	0.754832
1938.666667	0.906231
1938.750000	1.271521
1938.833333	1.774966
1938.916667	2.062344
1939.000000	1.689784
1939.083333	0.890020
1939.166667	0.631638
1939.250000	0.749623
1939.333333	0.563686
1939.416667	0.352963
1939.500000	0.581048
1939.583333	1.070694
1939.666667	1.543767
1939.750000	2.004680
1939.833333	2.020344
1939.916667	1.413052
1940.000000	1.095972
1940.083333	1.209051
1940.166667	1.349074
1940.250000	1.657494
1940.333333	1.956741
1940.416667	2.092563
1940.500000	1.716124
1940.583333	0.767660
1940.666667	0.116702
1940.750000	-0.102810
1940.833333	-0.248120
1940.916667	-0.137327
1941.000000	0.298625
1941.083333	0.406602
1941.166667	0.099644
1941.250000	-0.030492
1941.333333	0.105898
1941.416667	-0.200000
1941.500000	-0.728895
1941.583333	-0.658911
1941.666667	-0.432929
1941.750000	-0.668651
1941.833333	-1.071066
1941.916667	-0.968634
1942.000000	-0.412802
1942.083333	-0.019869
1942.166667	-0.073925
1942.250000	-0.454531
1942.333333	-0.725000
1942.416667	-0.253000
1942.500000	0.388169
1942.583333	0.630258
1942.666667	0.524124
1942.750000	0.120260
1942.833333	-0.105537
1942.916667	-0.051427
1943.000000	0.076750
1943.083333	-0.118879
1943.166667	-0.679166
1943.250000	-0.664865
1943.333333	-0.020220
1943.416667	0.395948
1943.500000	0.174488
1943.583333	-0.622862
1943.666667	-1.138948
1943.750000	-1.256091
1943.833333	-1.306271
1943.916667	-1.195864
1944.000000	-0.876597
1944.083333	-0.639103
1944.166667	-0.171476
1944.250000	0.732042
1944.333333	1.445084
1944.416667	1.319220
1944.500000	0.837169
1944.583333	0.727904
1944.666667	0.991763
1944.750000	1.494295
1944.833333	1.757576
1944.916667	1.742045
1945.000000	1.402108
1945.083333	0.757318
1945.166667	0.344511
1945.250000	0.480260
1945.333333	1.301972
1945.416667	2.403358
1945.500000	2.731578
1945.583333	2.478208
1945.666667	2.190315
1945.750000	2.156410
1945.833333	1.970836
1945.916667	1.575698
1946.000000	1.231081
1946.083333	1.051864
1946.166667	0.890840
1946.250000	0.716872
1946.333333	0.818828
1946.416667	1.151676
1946.500000	1.204065
1946.583333	0.766272
1946.666667	0.246809
1946.750000	0.000000
1946.833333	-0.106218
1946.916667	-0.263527
1947.000000	-0.212544
1947.083333	-0.038114
1947.166667	0.053605
1947.250000	0.068720
1947.333333	0.028189
1947.416667	-0.043423
1947.500000	-0.342324
1947.583333	-0.805575
1947.666667	-0.998735
1947.750000	-0.955095
1947.833333	-0.303033
1947.916667	0.635681
1948.000000	0.743542
1948.083333	0.757023
1948.166667	1.324434
1948.250000	1.415734
1948.333333	1.185380
1948.416667	1.235379
1948.500000	1.125005
1948.583333	0.755271
1948.666667	0.589845
1948.750000	0.457359
1948.833333	0.216377
1948.916667	0.185336
1949.000000	0.251758
1949.083333	0.441277
1949.166667	0.581471
1949.250000	0.310674
1949.333333	-0.059972
1949.416667	0.028148
1949.500000	0.466607
1949.583333	0.708893
1949.666667	0.433153
1949.750000	-0.004229
1949.833333	-0.178564
1949.916667	0.164734
1950.000000	0.565833
1950.083333	0.678174
1950.166667	0.891379
1950.250000	1.037117
1950.333333	1.135697
1950.416667	1.597438
1950.500000	2.210714
1950.583333	2.109782
1950.666667	1.376733
1950.750000	0.599554
1950.833333	-0.043263
1950.916667	-0.485434
1951.000000	-0.312743
1951.083333	0.045062
1951.166667	0.199648
1951.250000	0.274839
1951.333333	0.201954
1951.416667	0.214310
1951.500000	0.544395
1951.583333	0.675209
1951.666667	0.249906
1951.750000	-0.389377
1951.833333	-0.775092
1951.916667	-0.735617
1952.000000	-0.424668
1952.083333	-0.229385
1952.166667	-0.397731
1952.250000	-0.420395
1952.333333	-0.291034
1952.416667	-0.298425
1952.500000	-0.408815
1952.583333	-0.563797
1952.666667	-0.796223
1952.750000	-0.950851
1952.833333	-0.980748
1952.916667	-0.980836
1953.000000	-0.864269
1953.083333	-0.768401
1953.166667	-0.944276
1953.250000	-1.144255
1953.333333	-0.898024
1953.416667	-0.020223
1953.500000	0.703497
1953.583333	0.693337
1953.666667	0.098385
1953.750000	-0.755831
1953.833333	-1.169159
1953.916667	-1.418141
1954.000000	-1.806772
1954.083333	-2.048916
1954.166667	-2.068188
1954.250000	-1.805966
1954.333333	-1.367308
1954.416667	-0.841331
1954.500000	0.097519
1954.583333	0.907824
1954.666667	1.020431
1954.750000	0.953680
1954.833333	0.706928
1954.916667	0.165943
1955.000000	-0.069309
1955.083333	-0.220859
1955.166667	-0.338164
1955.250000	0.121274
1955.333333	0.363551
1955.416667	-0.140816
1955.500000	-0.761507
1955.583333	-0.855046
1955.666667	-0.875443
1955.750000	-1.291455
1955.833333	-1.889634
1955.916667	-2.388999
1956.000000	-2.524414
1956.083333	-2.672227
1956.166667	-2.773964
1956.250000	-2.804839
1956.333333	-2.682025
1956.416667	-2.086377
1956.500000	-1.597761
1956.583333	-1.358491
1956.666667	-1.056340
1956.750000	-1.002964
1956.833333	-1.190098
1956.916667	-1.464641
1957.000000	-1.618625
1957.083333	-1.580426
1957.166667	-1.834903
1957.250000	-2.279240
1957.333333	-2.476458
1957.416667	-2.415026
1957.500000	-2.041527
1957.583333	-1.480041
1957.666667	-0.965292
1957.750000	-0.534019
1957.833333	-0.592729
1957.916667	-0.858763
1958.000000	-1.103160
1958.083333	-1.164636
1958.166667	-1.190804
1958.250000	-1.431610
1958.333333	-1.424345
1958.416667	-1.398583
1958.500000	-1.659006
1958.583333	-1.854232
1958.666667	-1.910996
1958.750000	-2.383270
1958.833333	-2.748349
1958.916667	-2.751912
1959.000000	-2.449652
1959.083333	-1.643116
1959.166667	-1.188039
1959.250000	-1.078906
1959.333333	-1.389646
1959.416667	-1.798786
1959.500000	-1.605038
1959.583333	-1.177208
1959.666667	-0.991638
1959.750000	-1.152874
1959.833333	-1.364012
1959.916667	-1.426081
1960.000000	-1.651137
1960.083333	-1.958882
1960.166667	-1.966499
1960.250000	-1.982680
1960.333333	-2.390862
1960.416667	-2.626312
1960.500000	-2.822390
1960.583333	-3.380701
1960.666667	-3.057542
1960.750000	-2.335884
1960.833333	-1.659764
1960.916667	-1.440333
1961.000000	-1.353477
1961.083333	-1.377010
1961.166667	-1.866693
1961.250000	-2.039466
1961.333333	-1.503254
1961.416667	-1.139279
1961.500000	-1.027398
1961.583333	-0.960838
1961.666667	-1.008243
1961.750000	-1.076122
1961.833333	-1.338975
1961.916667	-1.518680
1962.000000	-1.091100
1962.083333	-0.494627
1962.166667	-0.460558
1962.250000	-0.528984
1962.333333	-0.390984
1962.416667	-0.231158
1962.500000	0.007195
1962.583333	0.431294
1962.666667	0.411690
1962.750000	-0.220478
1962.833333	-0.599797
1962.916667	-0.775807
1963.000000	-0.828130
1963.083333	-0.510751
1963.166667	-0.512244
1963.250000	-0.609592
1963.333333	-0.055977
1963.416667	0.520212
1963.500000	0.131891
1963.583333	-0.439629
1963.666667	0.053831
1963.750000	0.960155
1963.833333	1.280640
1963.916667	1.200637
1964.000000	0.870484
1964.083333	0.559240
1964.166667	0.298264
1964.250000	-0.036719
1964.333333	-0.397854
1964.416667	-0.851579
1964.500000	-0.714155
1964.583333	-0.107029
1964.666667	-0.129354
1964.750000	-0.420569
1964.833333	-0.293052
1964.916667	-0.440023
1965.000000	-1.009949
1965.083333	-1.260710
1965.166667	-1.302682
1965.250000	-1.518891
1965.333333	-1.780115
1965.416667	-1.685970
1965.500000	-1.482776
1965.583333	-1.260135
1965.666667	-1.230438
1965.750000	-1.352023
1965.833333	-1.223540
1965.916667	-0.876207
1966.000000	-0.524503
1966.083333	-0.288805
1966.166667	-0.486217
1966.250000	-0.679975
1966.333333	-0.356302
1966.416667	0.194810
1966.500000	0.805024
1966.583333	1.024975
1966.666667	0.583433
1966.750000	0.209536
1966.833333	0.199600
1966.916667	0.768985
1967.000000	1.762642
1967.083333	2.141108
1967.166667	1.963412
1967.250000	1.846834
1967.333333	2.062016
1967.416667	2.411382
1967.500000	2.551574
1967.583333	2.577219
1967.666667	2.443538
1967.750000	2.116633
1967.833333	2.176726
1967.916667	2.255650
1968.000000	1.798483
1968.083333	1.252553
1968.166667	0.896822
1968.250000	0.759334
1968.333333	0.593643
1968.416667	0.377850
1968.500000	0.362907
1968.583333	0.404252
1968.666667	0.549960
1968.750000	0.898636
1968.833333	1.153892
1968.916667	1.034809
1969.000000	0.178308
1969.083333	-0.845795
1969.166667	-1.027209
1969.250000	-0.483103
1969.333333	0.283804
1969.416667	0.576568
1969.500000	0.308608
1969.583333	-0.311313
1969.666667	-1.074387
1969.750000	-1.511668
1969.833333	-1.767504
1969.916667	-1.575887
1970.000000	-1.343312
1970.083333	-1.354389
1970.166667	-1.386266
1970.250000	-1.413671
1970.333333	-1.161565
1970.416667	-0.796516
1970.500000	-0.370803
1970.583333	-0.167569
1970.666667	-0.430126
1970.750000	-0.676203
1970.833333	-0.760000
1970.916667	-0.845746
1971.000000	-1.007331
1971.083333	-1.304168
1971.166667	-1.684470
1971.250000	-1.769264
1971.333333	-1.268486
1971.416667	-0.742611
1971.500000	-0.934497
1971.583333	-1.532467
1971.666667	-1.833954
1971.750000	-1.520445
1971.833333	-1.198799
1971.916667	-1.109854
1972.000000	-0.778617
1972.083333	-0.168474
1972.166667	-0.014461
1972.250000	-0.342900
1972.333333	-0.627055
1972.416667	-0.331542
1972.500000	0.042327
1972.583333	-0.009200
1972.666667	-0.298571
1972.750000	-0.389971
1972.833333	-0.149612
1972.916667	-0.418762
1973.000000	-0.983939
1973.083333	-1.040913
1973.166667	-1.152120
1973.250000	-1.475983
1973.333333	-1.310279
1973.416667	-0.686415
1973.500000	-0.175135
1973.583333	-0.139473
1973.666667	-0.207568
1973.750000	-0.059163
1973.833333	0.311958
1973.916667	0.742282
1974.000000	0.791476
1974.083333	0.597698
1974.166667	0.453184
1974.250000	0.207186
1974.333333	0.046705
1974.416667	0.165147
1974.500000	0.344505
1974.583333	0.354834
1974.666667	0.277977
1974.750000	0.217116
1974.833333	0.267632
1974.916667	0.270796
1975.000000	0.324192
1975.083333	0.302687
1975.166667	0.024107
1975.250000	-0.212145
1975.333333	-0.381122
1975.416667	-0.679387
1975.500000	-1.063466
1975.583333	-1.304534
1975.666667	-1.078871
1975.750000	-0.455914
1975.833333	-0.020078
1975.916667	-0.150540
1976.000000	-0.251252
1976.083333	-0.091283
1976.166667	-0.221468
1976.250000	-0.723098
1976.333333	-1.190202
1976.416667	-1.559967
1976.500000	-1.678967
1976.583333	-1.368768
1976.666667	-0.803279
1976.750000	-0.085490
1976.833333	0.278028
1976.916667	0.489653
1977.000000	0.765938
1977.083333	0.645700
1977.166667	0.371491
1977.250000	0.515685
1977.333333	0.942552
1977.416667	1.205260
1977.500000	0.961374
1977.583333	0.951236
1977.666667	1.301965
1977.750000	1.188761
1977.833333	0.555733
1977.916667	0.287839
1978.000000	0.517573
1978.083333	0.798428
1978.166667	1.009459
1978.250000	1.018127
1978.333333	0.911341
1978.416667	0.760583
1978.500000	0.570350
1978.583333	0.620078
1978.666667	0.956430
1978.750000	1.237061
1978.833333	1.376845
1978.916667	1.039744
1979.000000	0.340043
1979.083333	-0.016863
1979.166667	-0.084082
1979.250000	-0.127741
1979.333333	-0.124675
1979.416667	-0.333751
1979.500000	-0.601713
1979.583333	-0.342153
1979.666667	0.181509
1979.750000	0.437089
1979.833333	0.457274
1979.916667	0.297204
1980.000000	-0.112236
1980.083333	-0.323335
1980.166667	-0.135449
1980.250000	0.124361
1980.333333	-0.007999
1980.416667	-0.271783
1980.500000	-0.177727
1980.583333	0.341451
1980.666667	1.070311
1980.750000	1.208650
1980.833333	0.734679
1980.916667	0.618613
1981.000000	0.881872
1981.083333	1.265678
1981.166667	1.851781
1981.250000	2.211526
1981.333333	1.921298
1981.416667	1.427340
1981.500000	0.804496
1981.583333	0.356051
1981.666667	0.303723
1981.750000	0.075812
1981.833333	-0.411147
1981.916667	-0.462661
1982.000000	-0.054489
1982.083333	0.210368
1982.166667	0.220997
1982.250000	-0.067340
1982.333333	-0.819441
1982.416667	-1.250736
1982.500000	-1.237565
1982.583333	-1.248305
1982.666667	-1.383594
1982.750000	-1.441900
1982.833333	-1.303988
1982.916667	-1.099828
1983.000000	-0.922981
1983.083333	-0.982923
1983.166667	-0.785467
1983.250000	-0.161514
1983.333333	0.295843
1983.416667	0.532516
1983.500000	0.433428
1983.583333	0.394605
1983.666667	0.588370
1983.750000	0.643014
1983.833333	0.659874
1983.916667	0.452531
1984.000000	-0.046057
1984.083333	-0.060892
1984.166667	0.532327
1984.250000	1.089297
1984.333333	1.425866
1984.416667	1.790641
1984.500000	1.987491
1984.583333	1.846343
1984.666667	1.661803
1984.750000	1.555389
1984.833333	1.510538
1984.916667	1.448886
1985.000000	1.563835
1985.083333	1.544383
1985.166667	1.079961
1985.250000	0.639190
1985.333333	0.343449
1985.416667	0.376283
1985.500000	0.970823
1985.583333	1.645378
1985.666667	1.668293
1985.750000	1.321515
1985.833333	1.225330
1985.916667	1.590801
1986.000000	2.047081
1986.083333	1.871981
1986.166667	1.432544
1986.250000	1.071189
1986.333333	0.472747
1986.416667	-0.262793
1986.500000	-0.525544
1986.583333	-0.468667
1986.666667	-0.659692
1986.750000	-1.031114
1986.833333	-1.325332
1986.916667	-1.410599
1987.000000	-1.647739
1987.083333	-2.363456
1987.166667	-2.839362
1987.250000	-3.403397
1987.333333	-3.239523
1987.416667	-2.502547
1987.500000	-1.917752
1987.583333	-2.469021
1987.666667	-2.926411
1987.750000	-2.727106
1987.833333	-2.081115
1987.916667	-1.648553
1988.000000	-1.468673
1988.083333	-1.443789
1988.166667	-1.419857
1988.250000	-1.209050
1988.333333	-1.190561
1988.416667	-1.377612
1988.500000	-1.414593
1988.583333	-1.335256
1988.666667	-1.083590
1988.750000	-0.781903
1988.833333	-0.736599
1988.916667	-0.561334
1989.000000	-0.260112
1989.083333	-0.429834
1989.166667	-0.789111
1989.250000	-0.823942
1989.333333	-0.423103
1989.416667	-0.012375
1989.500000	0.208691
1989.583333	0.526954
1989.666667	1.035496
1989.750000	1.464509
1989.833333	1.542115
1989.916667	1.401692
1990.000000	1.196384
1990.083333	0.893823
1990.166667	0.480904
1990.250000	0.185597
1990.333333	0.304241
1990.416667	0.289971
1990.500000	0.038085
1990.583333	0.569816
1990.666667	1.836302
1990.750000	2.476977
1990.833333	2.133289
1990.916667	1.535138
1991.000000	1.143686
1991.083333	0.954446
1991.166667	0.833117
1991.250000	0.682729
1991.333333	0.168797
1991.416667	-0.399809
1991.500000	-0.479475
1991.583333	-0.401241
1991.666667	-0.423382
1991.750000	0.088036
1991.833333	0.690334
1991.916667	0.509601
1992.000000	0.257418
1992.083333	0.419927
1992.166667	0.571613
1992.250000	0.852831
1992.333333	1.305780
1992.416667	1.664175
1992.500000	1.671191
1992.583333	1.552609
1992.666667	1.731440
1992.750000	2.096158
1992.833333	2.337954
1992.916667	2.231669
1993.000000	1.872863
1993.083333	1.335331
1993.166667	1.139033
1993.250000	1.154075
1993.333333	0.962246
1993.416667	0.614796
1993.500000	0.064003
1993.583333	-0.806141
1993.666667	-1.006572
1993.750000	-0.173999
1993.833333	0.464089
1993.916667	0.380246
1994.000000	-0.066521
1994.083333	-0.499801
1994.166667	-0.625149
1994.250000	-0.397128
1994.333333	-0.231747
1994.416667	-0.137466
1994.500000	0.123388
1994.583333	0.660383
1994.666667	1.324102
1994.750000	1.736708
1994.833333	1.787182
1994.916667	1.744301
1995.000000	1.335625
1995.083333	0.812694
1995.166667	0.619217
1995.250000	0.563085
1995.333333	0.308724
1995.416667	-0.261800
1995.500000	-0.738249
1995.583333	-0.539309
1995.666667	0.000000
1995.750000	0.397431
1995.833333	0.841958
1995.916667	1.451591
1996.000000	1.879388
1996.083333	1.873141
1996.166667	1.882292
1996.250000	2.076380
1996.333333	1.898961
1996.416667	1.848552
1996.500000	2.215613
1996.583333	2.518033
1996.666667	3.171807
1996.750000	3.540387
1996.833333	3.319184
1996.916667	3.271236
1997.000000	2.957907
1997.083333	2.774565
1997.166667	2.899940
1997.250000	2.792895
1997.333333	2.481256
1997.416667	1.838077
1997.500000	1.195976
1997.583333	0.773218
1997.666667	0.773923
1997.750000	1.577595
1997.833333	2.350812
1997.916667	2.295781
1998.000000	1.626710
1998.083333	0.794452
1998.166667	0.372594
1998.250000	0.250912
1998.333333	0.025504
1998.416667	-0.466496
1998.500000	-0.738861
1998.583333	-0.484658
1998.666667	-0.297380
1998.750000	-0.484525
1998.833333	-0.734586
1998.916667	-0.975000
1999.000000	-1.233106
1999.083333	-1.399082
1999.166667	-1.058939
1999.250000	-0.253671
1999.333333	0.400126
1999.416667	0.436496
1999.500000	0.098403
1999.583333	0.092242
1999.666667	-0.017096
1999.750000	-0.481909
1999.833333	-0.306456
1999.916667	0.576608
2000.000000	1.093238
2000.083333	0.959969
2000.166667	1.210985
2000.250000	2.082545
2000.333333	2.490515
2000.416667	2.479015
2000.500000	2.486074
2000.583333	2.189126
2000.666667	1.152020
2000.750000	0.414911
2000.833333	0.695933
2000.916667	1.000469
2001.000000	0.735382
2001.083333	0.429308
2001.166667	0.286059
2001.250000	0.554963
2001.333333	1.141438
2001.416667	1.125820
2001.500000	0.664672
2001.583333	0.857314
2001.666667	1.245048
2001.750000	1.547381
2001.833333	1.798095
2001.916667	1.880457
2002.000000	1.436818
2002.083333	0.448503
2002.166667	-0.235598
2002.250000	-0.301933
2002.333333	-0.199918
2002.416667	-0.127073
2002.500000	-0.234058
2002.583333	-0.761728
2002.666667	-1.047443
2002.750000	-0.593378
2002.833333	-0.008186
2002.916667	-0.075058
2003.000000	-0.199637
2003.083333	-0.296672
2003.166667	-0.228430
2003.250000	0.029451
2003.333333	-0.221436
2003.416667	-0.406743
2003.500000	0.206399
2003.583333	0.894067
2003.666667	1.266218
2003.750000	1.455938
2003.833333	1.226382
2003.916667	0.682492
2004.000000	0.270156
2004.083333	0.149909
2004.166667	-0.029859
2004.250000	-0.385346
2004.333333	-0.749604
2004.416667	-0.657300
2004.500000	-0.146141
2004.583333	0.190815
2004.666667	0.429549
2004.750000	0.511210
2004.833333	0.433629
2004.916667	0.544092
2005.000000	0.826266
2005.083333	1.053328
2005.166667	1.054222
2005.250000	1.041454
2005.333333	0.993056
2005.416667	0.580972
2005.500000	0.190490
2005.583333	0.314547
2005.666667	0.739154
2005.750000	0.959417
2005.833333	0.819407
2005.916667	0.795961
2006.000000	0.885069
2006.083333	0.844746
2006.166667	0.967583
2006.250000	0.977039
2006.333333	0.669772
2006.416667	0.486696
2006.500000	0.795576
2006.583333	1.495632
2006.666667	2.194622
2006.750000	2.297022
2006.833333	1.939540
2006.916667	1.713557
2007.000000	1.500846
2007.083333	1.633749
2007.166667	1.688650
2007.250000	1.322074
2007.333333	1.332853
2007.416667	1.599055
2007.500000	1.760060
2007.583333	2.128891
2007.666667	2.316477
2007.750000	1.904848
2007.833333	1.416160
2007.916667	1.382516
2008.000000	1.548349
2008.083333	1.221720
2008.166667	0.717511
2008.250000	0.500138
2008.333333	0.720566
2008.416667	0.997316
2008.500000	1.071775
2008.583333	0.857285
2008.666667	0.298223
2008.750000	-0.043868
2008.833333	0.092895
2008.916667	0.294107
2009.000000	0.395658
2009.083333	0.372085
2009.166667	0.460778
2009.250000	0.824382
2009.333333	1.314698
2009.416667	1.880499
2009.500000	2.356028
2009.583333	2.067039
2009.666667	1.276619
2009.750000	0.792014
2009.833333	0.982028
2009.916667	1.381133
2010.000000	1.416764
2010.083333	1.467179
2010.166667	1.743117
2010.250000	1.625938
2010.333333	1.171810
2010.416667	1.142539
2010.500000	1.214172
2010.583333	1.170326
2010.666667	1.204287
2010.750000	1.070776
2010.833333	0.548628
2010.916667	0.276583
2011.000000	0.481851
2011.083333	0.445651
2011.166667	-0.028399
2011.250000	-0.604579
2011.333333	-0.868131
2011.416667	-0.966022
2011.500000	-1.107763
2011.583333	-1.046910
2011.666667	-1.035002
2011.750000	-1.347708
2011.833333	-1.521143
2011.916667	-1.278813
2012.000000	-0.881977
2012.083333	-0.481278
2012.166667	-0.154570
2012.250000	-0.129081
2012.333333	-0.113355
2012.416667	-0.192559
2012.500000	-0.434493
2012.583333	-0.365959
2012.666667	-0.142368
2012.750000	-0.029245
2012.833333	-0.312275
2012.916667	-0.958733
2013.000000	-1.127231
2013.083333	-0.939483
2013.166667	-0.869531
2013.250000	-0.825815
2013.333333	-0.615445
2013.416667	0.013690
2013.500000	0.646383
2013.583333	0.682864
2013.666667	0.415675
2013.750000	0.330845
2013.833333	0.014955
2013.916667	-0.606509
2014.000000	-0.963395
2014.083333	-1.168249
2014.166667	-1.098722
2014.250000	-0.860814
2014.333333	-0.987161
2014.416667	-1.263746
2014.500000	-1.460535
2014.583333	-1.617975
2014.666667	-1.374747
2014.750000	-1.297768
2014.833333	-1.671371
2014.916667	-1.822252
2015.000000	-2.010214
2015.083333	-2.657724
2015.166667	-2.904829
2015.250000	-2.783052
2015.333333	-2.452898
2015.416667	-1.816977
2015.500000	-1.278433
2015.583333	-0.467019
2015.666667	-0.152987
2015.750000	-0.763463
2015.833333	-0.918310
2015.916667	-0.288512
2016.000000	0.170211
2016.083333	0.242833
2016.166667	0.210330
2016.250000	0.064240
2016.333333	-0.428436
2016.416667	-0.757293
2016.500000	-0.428898
2016.583333	-0.101031
2016.666667	-0.314719
2016.750000	-0.502050
2016.833333	-0.318145
2016.916667	-0.201171
2017.000000	-0.087872
2017.083333	0.208557
2017.166667	0.304594
2017.250000	0.323173
2017.333333	0.481828
2017.416667	0.319386
2017.500000	0.352685
2017.583333	0.642460
2017.666667	0.315884
2017.750000	-0.188453
2017.833333	-0.187647
2017.916667	0.277691
2018.000000	0.650318
2018.083333	0.822384
2018.166667	0.652315
2018.250000	0.089949
2018.333333	0.089708
2018.416667	0.727691
2018.500000	0.847584
2018.583333	0.387853
2018.666667	0.030403
2018.750000	0.086542
2018.833333	0.388673
2018.916667	0.343974
2019.000000	0.189514
2019.083333	0.265600
2019.166667	0.018082
2019.250000	-0.522870
2019.333333	-0.527168
2019.416667	0.179983
2019.500000	0.643600
2019.583333	0.401838
2019.666667	0.177293
2019.750000	0.226833
2019.833333	0.292460
2019.916667	0.180626
2020.000000	0.092720
2020.083333	0.185570
2020.166667	0.351925
2020.250000	0.821226
2020.333333	1.138563
2020.416667	1.108245
2020.500000	1.114785
2020.583333	0.791368
2020.666667	0.347315
2020.750000	-0.049386
2020.833333	-0.754523
2020.916667	-0.794373
2021.000000	-0.107944
2021.083333	0.244391
2021.166667	0.551729
2021.250000	0.729928
2021.333333	0.500920
2021.416667	-0.232305
2021.500000	-1.185047
2021.583333	-1.438126
2021.666667	-1.028708
2021.750000	-0.688610
2021.833333	-0.954131
2021.916667	-1.315124
2022.000000	-1.311524
2022.083333	-1.312678
