1950.000000	0.120800
1950.083333	0.290959
1950.166667	-0.001055
1950.250000	0.177791
1950.333333	0.397151
1950.416667	0.999360
1950.500000	1.623196
1950.583333	1.315807
1950.666667	1.086257
1950.750000	0.794642
1950.833333	0.806154
1950.916667	0.778592
1951.000000	0.494872
1951.083333	0.414201
1951.166667	0.481329
1951.250000	0.232766
1951.333333	0.651944
1951.416667	1.189104
1951.500000	0.463291
1951.583333	0.637654
1951.666667	0.527842
1951.750000	-0.052178
1951.833333	-0.026940
1951.916667	0.087186
1952.000000	0.252391
1952.083333	0.320583
1952.166667	-0.173900
1952.250000	-0.006047
1952.333333	-0.031595
1952.416667	0.185573
1952.500000	0.700048
1952.583333	0.613911
1952.666667	0.805034
1952.750000	0.878639
1952.833333	0.552653
1952.916667	0.443868
1953.000000	0.427252
1953.083333	-0.189404
1953.166667	0.065437
1953.250000	-0.014957
1953.333333	-0.277181
1953.416667	-0.388960
1953.500000	-0.325859
1953.583333	-0.382366
1953.666667	0.385972
1953.750000	0.501496
1953.833333	0.120308
1953.916667	0.015601
1954.000000	0.548750
1954.083333	0.346044
1954.166667	0.401645
1954.250000	0.467508
1954.333333	0.230847
1954.416667	-0.502834
1954.500000	-0.806175
1954.583333	-0.246422
1954.666667	0.296345
1954.750000	-0.411660
1954.833333	-0.607146
1954.916667	-0.056580
1955.000000	-0.052262
1955.083333	0.067160
1955.166667	0.303950
1955.250000	0.638679
1955.333333	0.557226
1955.416667	0.951162
1955.500000	1.450447
1955.583333	0.985819
1955.666667	0.586883
1955.750000	1.166210
1955.833333	0.875103
1955.916667	0.857407
1956.000000	1.115929
1956.083333	0.887748
1956.166667	1.085189
1956.250000	0.942943
1956.333333	1.059919
1956.416667	0.730456
1956.500000	0.492377
1956.583333	0.179997
1956.666667	0.498621
1956.750000	1.023467
1956.833333	1.177789
1956.916667	0.375765
1957.000000	0.340167
1957.083333	0.177867
1957.166667	-0.230375
1957.250000	-0.032019
1957.333333	-0.374702
1957.416667	-0.749687
1957.500000	-0.324989
1957.583333	0.192680
1957.666667	-0.377568
1957.750000	-0.378599
1957.833333	-0.253029
1957.916667	0.075968
1958.000000	0.240905
1958.083333	0.130360
1958.166667	-0.078118
1958.250000	-0.009968
1958.333333	-0.483198
1958.416667	0.079564
1958.500000	0.239285
1958.583333	-0.283120
1958.666667	-0.329704
1958.750000	-0.025824
1958.833333	0.334118
1958.916667	-0.248803
1959.000000	-0.178156
1959.083333	0.024069
1959.166667	-0.171948
1959.250000	0.142592
1959.333333	0.375046
1959.416667	-0.184768
1959.500000	-0.137804
1959.583333	-0.453581
1959.666667	-0.629928
1959.750000	-0.554052
1959.833333	-0.564914
1959.916667	-0.090874
1960.000000	-0.110879
1960.083333	-0.149421
1960.166667	-0.197487
1960.250000	-0.046230
1960.333333	-0.228961
1960.416667	-0.551891
1960.500000	0.003602
1960.583333	0.001371
1960.666667	0.538914
1960.750000	0.015176
1960.833333	0.026751
1960.916667	0.010520
1961.000000	-0.190737
1961.083333	-0.436471
1961.166667	-0.277107
1961.250000	-0.015401
1961.333333	0.443225
1961.416667	0.516809
1961.500000	1.045797
1961.583333	0.784696
1961.666667	0.994357
1961.750000	0.590966
1961.833333	0.313138
1961.916667	0.031583
1962.000000	-0.062829
1962.083333	-0.105583
1962.166667	-0.035700
1962.250000	0.277567
1962.333333	0.298951
1962.416667	0.589520
1962.500000	0.391036
1962.583333	-0.348053
1962.666667	-0.224741
1962.750000	0.050128
1962.833333	-0.063439
1962.916667	-0.029292
1963.000000	-0.159992
1963.083333	-0.323573
1963.166667	-0.282901
1963.250000	-0.174744
1963.333333	-0.233990
1963.416667	-0.167450
1963.500000	0.278214
1963.583333	0.373812
1963.666667	-0.533033
1963.750000	-0.464228
1963.833333	0.046810
1963.916667	0.304648
1964.000000	-0.098745
1964.083333	-0.132583
1964.166667	-0.257477
1964.250000	0.159934
1964.333333	0.485437
1964.416667	-0.174408
1964.500000	-0.904588
1964.583333	-0.601212
1964.666667	-0.711234
1964.750000	-0.539912
1964.833333	-0.312628
1964.916667	-0.316241
1965.000000	-0.090022
1965.083333	-0.269260
1965.166667	-0.775209
1965.250000	-0.949035
1965.333333	-0.763174
1965.416667	-0.486405
1965.500000	-0.891386
1965.583333	-0.703266
1965.666667	-0.480862
1965.750000	-0.298683
1965.833333	-0.581053
1965.916667	-0.425039
1966.000000	-0.429675
1966.083333	-0.451427
1966.166667	0.103983
1966.250000	-0.419079
1966.333333	-0.455037
1966.416667	-0.665557
1966.500000	-0.715941
1966.583333	-0.084918
1966.666667	0.119818
1966.750000	0.577097
1966.833333	0.494461
1966.916667	0.149664
1967.000000	0.003158
1967.083333	0.000728
1967.166667	0.116618
1967.250000	0.174426
1967.333333	0.528745
1967.416667	0.679231
1967.500000	0.750969
1967.583333	0.787619
1967.666667	0.493042
1967.750000	0.269642
1967.833333	-0.196553
1967.916667	0.076592
1968.000000	-0.003569
1968.083333	-0.032045
1968.166667	0.126566
1968.250000	0.423722
1968.333333	0.454419
1968.416667	0.450778
1968.500000	0.115743
1968.583333	0.132458
1968.666667	-0.413868
1968.750000	0.013120
1968.833333	0.375968
1968.916667	0.689499
1969.000000	0.690447
1969.083333	0.865789
1969.166667	0.573389
1969.250000	0.311656
1969.333333	0.195557
1969.416667	-0.115079
1969.500000	0.028717
1969.583333	-0.308104
1969.666667	-0.341129
1969.750000	-0.849573
1969.833333	-0.177940
1969.916667	-0.326512
1970.000000	-0.310850
1970.083333	-0.236103
1970.166667	-0.442573
1970.250000	-0.710381
1970.333333	0.064372
1970.416667	-0.552375
1970.500000	-0.519614
1970.583333	-0.045461
1970.666667	-0.026903
1970.750000	0.167309
1970.833333	0.017299
1970.916667	-0.578438
1971.000000	-0.326123
1971.083333	-0.204159
1971.166667	-0.301406
1971.250000	-0.176717
1971.333333	-0.291745
1971.416667	0.053197
1971.500000	-0.182823
1971.583333	-0.453143
1971.666667	-1.236485
1971.750000	-0.516469
1971.833333	-0.145085
1971.916667	-0.074517
1972.000000	0.352457
1972.083333	0.180723
1972.166667	0.074897
1972.250000	0.236011
1972.333333	0.401356
1972.416667	0.605735
1972.500000	0.439512
1972.583333	0.100452
1972.666667	-0.118267
1972.750000	-0.214998
1972.833333	-0.460039
1972.916667	0.118012
1973.000000	0.212396
1973.083333	0.486665
1973.166667	-0.025742
1973.250000	0.490903
1973.333333	0.429182
1973.416667	0.198326
1973.500000	0.331060
1973.583333	0.403010
1973.666667	0.243418
1973.750000	0.418174
1973.833333	0.129566
1973.916667	-0.028145
1974.000000	-0.137474
1974.083333	-0.171050
1974.166667	-0.217301
1974.250000	-0.197871
1974.333333	-0.456341
1974.416667	0.053593
1974.500000	-0.444624
1974.583333	0.028400
1974.666667	0.318793
1974.750000	0.138556
1974.833333	-0.210531
1974.916667	-0.368402
1975.000000	-0.110119
1975.083333	-0.145515
1975.166667	-0.137351
1975.250000	0.025110
1975.333333	-0.154564
1975.416667	0.087397
1975.500000	0.028535
1975.583333	0.526876
1975.666667	0.318669
1975.750000	-0.091069
1975.833333	-0.002485
1975.916667	0.058347
1976.000000	-0.191396
1976.083333	-0.422849
1976.166667	-0.150398
1976.250000	-0.250301
1976.333333	-0.668085
1976.416667	-0.400388
1976.500000	-1.116932
1976.583333	-1.181494
1976.666667	-0.910862
1976.750000	-0.680534
1976.833333	-0.640624
1976.916667	-0.450108
1977.000000	-0.485481
1977.083333	-0.442986
1977.166667	-0.337663
1977.250000	-0.011354
1977.333333	-0.410861
1977.416667	-0.201641
1977.500000	0.172596
1977.583333	0.158770
1977.666667	0.452407
1977.750000	0.350005
1977.833333	0.370853
1977.916667	0.379297
1978.000000	0.117633
1978.083333	-0.188387
1978.166667	-0.324518
1978.250000	-0.537489
1978.333333	-0.523843
1978.416667	0.058851
1978.500000	1.324400
1978.583333	1.099030
1978.666667	0.200781
1978.750000	-0.055746
1978.833333	-0.477122
1978.916667	-0.192043
1979.000000	0.131004
1979.083333	0.120862
1979.166667	0.156477
1979.250000	-0.360972
1979.333333	-0.793840
1979.416667	-0.342035
1979.500000	-0.653143
1979.583333	-0.139704
1979.666667	-0.190025
1979.750000	0.178792
1979.833333	0.379776
1979.916667	0.635389
1980.000000	0.639676
1980.083333	0.182643
1980.166667	0.114908
1980.250000	0.001821
1980.333333	-0.135819
1980.416667	0.346813
1980.500000	0.018449
1980.583333	-0.652226
1980.666667	-0.272316
1980.750000	-0.327965
1980.833333	-0.228520
1980.916667	-0.140196
1981.000000	-0.356401
1981.083333	-0.395770
1981.166667	-0.443341
1981.250000	-0.607734
1981.333333	-0.403077
1981.416667	-0.953824
1981.500000	-0.380248
1981.583333	-0.157146
1981.666667	-0.444494
1981.750000	-0.946441
1981.833333	-0.702452
1981.916667	-0.555010
1982.000000	-0.003487
1982.083333	-0.117369
1982.166667	-0.104625
1982.250000	-0.096201
1982.333333	0.223930
1982.416667	0.508129
1982.500000	-0.153610
1982.583333	-0.335917
1982.666667	-0.219080
1982.750000	0.122780
1982.833333	0.125402
1982.916667	0.161945
1983.000000	0.456958
1983.083333	0.276624
1983.166667	-0.036531
1983.250000	0.239036
1983.333333	0.050771
1983.416667	-0.681958
1983.500000	-1.400481
1983.583333	-0.796232
1983.666667	-0.655904
1983.750000	-0.917663
1983.833333	-0.908011
1983.916667	-0.917700
1984.000000	-0.388913
1984.083333	-0.488024
1984.166667	-0.571541
1984.250000	-0.680133
1984.333333	-0.501386
1984.416667	0.492793
1984.500000	1.022194
1984.583333	0.673464
1984.666667	-0.206374
1984.750000	-0.342174
1984.833333	-0.981482
1984.916667	-0.787320
1985.000000	-0.639197
1985.083333	-0.597868
1985.166667	-0.364451
1985.250000	-0.132167
1985.333333	-0.199778
1985.416667	-0.243704
1985.500000	-0.630915
1985.583333	-0.425261
1985.666667	-0.421714
1985.750000	-0.439213
1985.833333	-0.398594
1985.916667	-0.566723
1986.000000	-0.184717
1986.083333	-0.343159
1986.166667	-0.404336
1986.250000	-0.509280
1986.333333	-0.276794
1986.416667	-0.347410
1986.500000	-0.794430
1986.583333	-0.337046
1986.666667	0.191629
1986.750000	-0.422008
1986.833333	-0.768483
1986.916667	-0.815258
1987.000000	-0.379275
1987.083333	-0.356174
1987.166667	-0.390275
1987.250000	-0.291397
1987.333333	-0.169772
1987.416667	-0.002691
1987.500000	-0.532656
1987.583333	-0.918609
1987.666667	-0.653578
1987.750000	-0.016754
1987.833333	-0.167014
1987.916667	-0.275160
1988.000000	0.417826
1988.083333	0.304222
1988.166667	0.096804
1988.250000	0.090959
1988.333333	-0.107966
1988.416667	-0.081381
1988.500000	-0.112567
1988.583333	-0.254405
1988.666667	0.382144
1988.750000	0.324563
1988.833333	-0.656609
1988.916667	-0.435389
1989.000000	0.082718
1989.083333	0.224655
1989.166667	0.432347
1989.250000	0.205674
1989.333333	-0.347550
1989.416667	-0.207552
1989.500000	-0.217398
1989.583333	0.307881
1989.666667	0.626227
1989.750000	0.486437
1989.833333	0.051552
1989.916667	-0.064497
1990.000000	0.144075
1990.083333	0.524733
1990.166667	0.826352
1990.250000	0.438877
1990.333333	0.306777
1990.416667	0.233122
1990.500000	0.373908
1990.583333	0.306863
1990.666667	0.673548
1990.750000	0.930492
1990.833333	1.095656
1990.916667	1.291325
1991.000000	1.106972
1991.083333	0.836413
1991.166667	0.655480
1991.250000	0.899111
1991.333333	0.740624
1991.416667	1.082668
1991.500000	0.322662
1991.583333	-0.469611
1991.666667	-0.439835
1991.750000	0.323255
1991.833333	0.168399
1991.916667	0.246181
1992.000000	0.669707
1992.083333	0.452008
1992.166667	0.477153
1992.250000	0.263284
1992.333333	-0.211474
1992.416667	-0.003914
1992.500000	-0.281446
1992.583333	-1.045148
1992.666667	-0.728214
1992.750000	-0.550868
1992.833333	-0.421252
1992.916667	-0.055971
1993.000000	0.260659
1993.083333	0.210633
1993.166667	0.333498
1993.250000	-0.045383
1993.333333	-0.483006
1993.416667	-0.585049
1993.500000	-0.893160
1993.583333	-1.473619
1993.666667	-0.646700
1993.750000	-0.524623
1993.833333	-0.243890
1993.916667	0.084872
1994.000000	0.199592
1994.083333	0.356251
1994.166667	0.255838
1994.250000	0.043438
1994.333333	-0.226738
1994.416667	0.171290
1994.500000	0.387802
1994.583333	0.946518
1994.666667	1.042897
1994.750000	1.045056
1994.833333	0.998608
1994.916667	0.500354
1995.000000	0.721557
1995.083333	0.587700
1995.166667	0.587670
1995.250000	0.080076
1995.333333	-0.043818
1995.416667	0.014565
1995.500000	0.268109
1995.583333	0.384573
1995.666667	-0.071139
1995.750000	0.262785
1995.833333	0.396524
1995.916667	0.042470
1996.000000	-0.042838
1996.083333	-0.037238
1996.166667	0.119959
1996.250000	-0.149871
1996.333333	-0.681379
1996.416667	-0.350894
1996.500000	-0.404618
1996.583333	-0.074884
1996.666667	-0.067073
1996.750000	-0.083993
1996.833333	-0.233388
1996.916667	0.012778
1997.000000	0.431721
1997.083333	0.446974
1997.166667	0.141700
1997.250000	0.055180
1997.333333	-0.203305
1997.416667	-0.444967
1997.500000	-0.098415
1997.583333	-0.572670
1997.666667	-0.233167
1997.750000	-0.116488
1997.833333	0.302782
1997.916667	0.640146
1998.000000	0.510659
1998.083333	0.367248
1998.166667	0.402217
1998.250000	0.578692
1998.333333	0.797055
1998.416667	0.643247
1998.500000	0.907164
1998.583333	0.553079
1998.666667	1.060613
1998.750000	1.030275
1998.833333	0.775726
1998.916667	0.478314
1999.000000	0.531739
1999.083333	0.583447
1999.166667	0.720310
1999.250000	0.589589
1999.333333	0.431258
1999.416667	1.007879
1999.500000	1.068896
1999.583333	1.085030
1999.666667	1.530072
1999.750000	1.476385
1999.833333	1.077356
1999.916667	0.724737
2000.000000	1.106434
2000.083333	0.717834
2000.166667	0.317107
2000.250000	0.256041
2000.333333	0.606106
2000.416667	1.050515
2000.500000	1.502252
2000.583333	1.245176
2000.666667	1.437871
2000.750000	1.247421
2000.833333	0.572579
2000.916667	0.088241
2001.000000	0.207882
2001.083333	0.417795
2001.166667	0.380054
2001.250000	0.383845
2001.333333	0.318891
2001.416667	0.529737
2001.500000	0.905230
2001.583333	0.094120
2001.666667	0.552446
2001.750000	0.533748
2001.833333	0.607627
2001.916667	0.261922
2002.000000	0.341110
2002.083333	0.704486
2002.166667	0.800277
2002.250000	0.791409
2002.333333	0.870498
2002.416667	0.780943
2002.500000	0.308633
2002.583333	-0.330440
2002.666667	-0.095132
2002.750000	0.444424
2002.833333	-0.043013
2002.916667	-0.172536
2003.000000	0.373925
2003.083333	0.302209
2003.166667	0.020508
2003.250000	0.052158
2003.333333	-0.054249
2003.416667	0.453206
2003.500000	0.107736
2003.583333	-0.046132
2003.666667	0.362958
2003.750000	0.230189
2003.833333	0.381212
2003.916667	0.553582
2004.000000	0.432411
2004.083333	0.336558
2004.166667	0.088334
2004.250000	0.128386
2004.333333	0.092936
2004.416667	1.073412
2004.500000	0.724763
2004.583333	0.222062
2004.666667	-0.169510
2004.750000	0.691247
2004.833333	0.685931
2004.916667	0.426027
2005.000000	0.592672
2005.083333	0.366911
2005.166667	0.358692
2005.250000	0.219891
2005.333333	-0.117451
2005.416667	0.351328
2005.500000	0.314361
2005.583333	0.602247
2005.666667	0.831803
2005.750000	1.170504
2005.833333	1.112868
2005.916667	0.125159
2006.000000	-0.073433
2006.083333	-0.047055
2006.166667	0.463358
2006.250000	-0.261885
2006.333333	-0.238693
2006.416667	-0.092133
2006.500000	0.072478
2006.583333	0.572281
2006.666667	0.795280
2006.750000	0.263642
2006.833333	0.476410
2006.916667	0.399106
2007.000000	0.712862
2007.083333	0.631841
2007.166667	0.477033
2007.250000	0.251151
2007.333333	0.152303
2007.416667	0.405759
2007.500000	-0.246471
2007.583333	-0.031100
2007.666667	0.867512
2007.750000	0.568150
2007.833333	0.544820
2007.916667	0.204829
2008.000000	0.513484
2008.083333	0.087350
2008.166667	0.335110
2008.250000	0.403262
2008.333333	0.593464
2008.416667	0.626837
2008.500000	0.988819
2008.583333	0.921814
2008.666667	1.413876
2008.750000	1.152432
2008.833333	0.683301
2008.916667	0.622592
2009.000000	0.710931
2009.083333	0.848544
2009.166667	0.885201
2009.250000	0.741203
2009.333333	0.540638
2009.416667	0.424918
2009.500000	0.411110
2009.583333	0.228927
2009.666667	-0.129661
2009.750000	0.402202
2009.833333	0.767498
2009.916667	0.792922
2010.000000	0.651211
2010.083333	0.547448
2010.166667	0.992114
2010.250000	0.551891
2010.333333	-0.033079
2010.416667	0.750237
2010.500000	1.107164
2010.583333	1.157128
2010.666667	1.463365
2010.750000	1.037082
2010.833333	0.816682
2010.916667	1.159463
2011.000000	0.757088
2011.083333	0.677315
2011.166667	0.533262
2011.250000	0.068658
2011.333333	-0.309726
2011.416667	0.087301
2011.500000	0.593915
2011.583333	0.422298
2011.666667	1.145084
2011.750000	0.934582
2011.833333	0.989431
2011.916667	0.316571
2012.000000	0.203221
2012.083333	-0.109927
2012.166667	0.099202
2012.250000	-0.188013
2012.333333	0.564809
2012.416667	0.074036
2012.500000	0.583341
2012.583333	1.102833
2012.666667	1.942442
2012.750000	1.174475
2012.833333	0.567188
2012.916667	0.208755
2013.000000	0.089497
2013.083333	0.007840
2013.166667	0.391983
2013.250000	0.289567
2013.333333	-0.209684
2013.416667	0.622012
2013.500000	1.226593
2013.583333	1.070513
2013.666667	0.946686
2013.750000	0.730792
2013.833333	0.459079
2013.916667	0.689329
2014.000000	0.418106
2014.083333	0.348215
2014.166667	0.140412
2014.250000	-0.214328
2014.333333	-0.360479
2014.416667	0.298254
2014.500000	0.787653
2014.583333	0.910265
2014.666667	0.518627
2014.750000	-0.014733
2014.833333	0.149676
2014.916667	-0.023013
2015.000000	0.069634
2015.083333	0.172403
2015.166667	0.336349
2015.250000	0.345793
2015.333333	0.484042
2015.416667	0.293644
2015.500000	0.146170
2015.583333	0.182694
2015.666667	-0.279159
2015.750000	0.034456
2015.833333	0.220112
2015.916667	0.540432
2016.000000	0.783391
2016.083333	1.025309
2016.166667	0.877111
2016.250000	0.595311
2016.333333	0.591710
2016.416667	0.482637
2016.500000	0.259041
2016.583333	0.845278
2016.666667	1.288880
2016.750000	0.813174
2016.833333	-0.158610
2016.916667	0.042902
2017.000000	0.404623
2017.083333	0.487854
2017.166667	0.351096
2017.250000	0.136074
2017.333333	0.349256
2017.416667	0.531071
2017.500000	0.798033
2017.583333	0.625797
2017.666667	0.277992
2017.750000	0.328393
2017.833333	0.338514
2017.916667	0.238280
2018.000000	0.676001
2018.083333	0.611924
2018.166667	0.818966
2018.250000	0.977927
2018.333333	1.015808
2018.416667	0.909420
2018.500000	0.733809
2018.583333	0.450740
2018.666667	0.606211
2018.750000	1.418462
2018.833333	1.507112
2018.916667	0.944378
2019.000000	0.675868
2019.083333	0.743451
2019.166667	1.131472
2019.250000	0.472893
2019.333333	0.743514
2019.416667	0.947630
2019.500000	0.720256
2019.583333	0.843143
2019.666667	0.825883
2019.750000	1.305081
2019.833333	1.127364
2019.916667	0.781497
2020.000000	1.279719
2020.083333	1.356829
2020.166667	1.324602
2020.250000	1.013109
2020.333333	0.586174
2020.416667	0.860311
2020.500000	1.065205
2020.583333	0.701217
2020.666667	1.472707
2020.750000	1.823689
2020.833333	1.329843
2020.916667	1.128388
2021.000000	0.996058
2021.083333	0.675343
2021.166667	0.938684
2021.250000	0.937044
2021.333333	0.609463
2021.416667	0.992646
2021.500000	1.914695
2021.583333	1.252629
2021.666667	0.889448
2021.750000	1.173105
2021.833333	1.857959
2021.916667	1.278546
2022.000000	0.754139
2022.083333	0.762014
2022.166667	0.644498
2022.250000	0.983006
2022.333333	1.048023
2022.416667	1.117486
2022.500000	2.207794
2022.583333	1.647022
2022.666667	2.050847
2022.750000	2.136927
2022.833333	1.477746
2022.916667	1.170438
2023.000000	0.945011
