1900	-0.39
1900.083333	0.07
1900.166667	-0.1
1900.25	-0.13
1900.333333	0.13
1900.416667	0.33
1900.5	0.08
1900.583333	-0.16
1900.666667	-0.43
1900.75	-0.29
1900.833333	-0.02
1900.916667	-0.08
1901	0.15
1901.083333	0.15
1901.166667	0.21
1901.25	0.23
1901.333333	-0.22
1901.416667	-0.61
1901.5	-0.5
1901.583333	-0.65
1901.666667	-0.62
1901.75	-0.34
1901.833333	-0.35
1901.916667	-0.37
1902	-0.27
1902.083333	-0.06
1902.166667	0.04
1902.25	-0.11
1902.333333	-0.34
1902.416667	-0.1
1902.5	0.21
1902.583333	0.36
1902.666667	0.51
1902.75	0.6
1902.833333	0.49
1902.916667	-0.01
1903	-0.03
1903.083333	-0.12
1903.166667	-0.28
1903.25	-0.07
1903.333333	-0.03
1903.416667	-0.1
1903.5	-0.32
1903.583333	0.01
1903.666667	-0.49
1903.75	-1.03
1903.833333	-0.69
1903.916667	-0.23
1904	0.33
1904.083333	0.69
1904.166667	0.57
1904.25	0.17
1904.333333	-0.17
1904.416667	-0.35
1904.5	-0.08
1904.583333	-0.03
1904.666667	-0.16
1904.75	0.17
1904.833333	0.13
1904.916667	-0.07
1905	0.29
1905.083333	0.35
1905.166667	-0.11
1905.25	-0.32
1905.333333	-0.43
1905.416667	-0.3
1905.5	-0.19
1905.583333	-0.06
1905.666667	-0.32
1905.75	-0.44
1905.833333	-0.33
1905.916667	-0.52
1906	-0.18
1906.083333	0.01
1906.166667	-0.17
1906.25	-0.16
1906.333333	-0.18
1906.416667	-0.38
1906.5	-0.85
1906.583333	-1.26
1906.666667	-1.66
1906.75	-1.29
1906.833333	-1.01
1906.916667	-0.38
1907	-0.29
1907.083333	-0.31
1907.166667	-0.15
1907.25	0.02
1907.333333	-0.16
1907.416667	-0.5
1907.5	-0.48
1907.583333	-1.01
1907.666667	-0.58
1907.75	-0.08
1907.833333	-0.12
1907.916667	0.21
1908	0.21
1908.083333	-0.23
1908.166667	-0.26
1908.25	-0.31
1908.333333	-0.14
1908.416667	0
1908.5	-0.34
1908.583333	-0.34
1908.666667	-0.38
1908.75	-0.39
1908.833333	0
1908.916667	-0.19
1909	-0.13
1909.083333	0.01
1909.166667	-0.24
1909.25	-0.61
1909.333333	-0.67
1909.416667	-1.05
1909.5	-0.86
1909.583333	-1.09
1909.666667	-0.96
1909.75	-0.8
1909.833333	-0.45
1909.916667	-0.19
1910	-0.21
1910.083333	0.07
1910.166667	-0.16
1910.25	-0.22
1910.333333	-0.51
1910.416667	-0.68
1910.5	-0.69
1910.583333	-0.74
1910.666667	-1.14
1910.75	-1.31
1910.833333	-0.73
1910.916667	-0.21
1911	0.04
1911.083333	-0.25
1911.166667	-0.88
1911.25	-0.52
1911.333333	-0.46
1911.416667	-0.81
1911.5	-0.69
1911.583333	-0.63
1911.666667	-0.49
1911.75	-0.62
1911.833333	-0.43
1911.916667	-0.25
1912	-0.04
1912.083333	-0.01
1912.166667	0.07
1912.25	-0.07
1912.333333	-0.28
1912.416667	-0.03
1912.5	-0.39
1912.583333	-0.72
1912.666667	-0.55
1912.75	-0.49
1912.833333	-0.47
1912.916667	-0.47
1913	0.1
1913.083333	0.2
1913.166667	0.22
1913.25	0.19
1913.333333	0.28
1913.416667	0.24
1913.5	0.06
1913.583333	-0.06
1913.666667	-0.39
1913.75	-0.13
1913.833333	-0.07
1913.916667	-0.01
1914	-0.06
1914.083333	0.03
1914.166667	-0.1
1914.25	0
1914.333333	0.05
1914.416667	0.3
1914.5	0.13
1914.583333	-0.07
1914.666667	-0.13
1914.75	-0.38
1914.833333	-0.56
1914.916667	-0.56
1915	-0.31
1915.083333	-0.69
1915.166667	-0.41
1915.25	-0.12
1915.333333	-0.39
1915.416667	-0.2
1915.5	-0.45
1915.583333	-0.03
1915.666667	0.04
1915.75	-0.13
1915.833333	0.09
1915.916667	0.46
1916	0.57
1916.083333	0.25
1916.166667	0.21
1916.25	0.23
1916.333333	0.03
1916.416667	-0.42
1916.5	-0.34
1916.583333	-0.89
1916.666667	-1
1916.75	-1.14
1916.833333	-0.97
1916.916667	-0.67
1917	-0.04
1917.083333	0.18
1917.166667	0.28
1917.25	-0.77
1917.333333	-0.63
1917.416667	-1.18
1917.5	-0.93
1917.583333	-0.3
1917.666667	-0.48
1917.75	-1.31
1917.833333	-1.36
1917.916667	-1.07
1918	-0.04
1918.083333	0.38
1918.166667	0.51
1918.25	-0.28
1918.333333	-1.21
1918.416667	-0.41
1918.5	-0.63
1918.583333	-0.07
1918.666667	-0.01
1918.75	0.04
1918.833333	0.01
1918.916667	0.26
1919	0.15
1919.083333	-0.09
1919.166667	0.05
1919.25	0.14
1919.333333	-0.29
1919.416667	-0.43
1919.5	-0.29
1919.583333	-0.37
1919.666667	-0.49
1919.75	-0.22
1919.833333	-0.08
1919.916667	-0.18
1920	0.64
1920.083333	0.62
1920.166667	0.78
1920.25	0.44
1920.333333	-0.36
1920.416667	-0.43
1920.5	-0.59
1920.583333	-0.69
1920.666667	-0.91
1920.75	-0.61
1920.833333	-0.46
1920.916667	-0.27
1921	-0.22
1921.083333	0.11
1921.166667	0.51
1921.25	-0.02
1921.333333	-0.16
1921.416667	-0.23
1921.5	-0.26
1921.583333	-0.87
1921.666667	-0.69
1921.75	-0.69
1921.833333	-0.53
1921.916667	-0.6
1922	-0.33
1922.083333	-0.01
1922.166667	0.26
1922.25	-0.06
1922.333333	-0.27
1922.416667	-0.21
1922.5	-0.22
1922.583333	-0.18
1922.666667	-0.17
1922.75	-0.19
1922.833333	-0.14
1922.916667	0.24
1923	0.45
1923.083333	0.03
1923.166667	-0.01
1923.25	0.01
1923.333333	-0.14
1923.416667	-0.04
1923.5	-0.19
1923.583333	0.19
1923.666667	0.46
1923.75	0.61
1923.833333	0.52
1923.916667	-0.06
1924	-0.12
1924.083333	-0.13
1924.166667	-0.13
1924.25	-0.13
1924.333333	-0.46
1924.416667	-0.24
1924.5	0.04
1924.583333	0.03
1924.666667	-0.12
1924.75	0.22
1924.833333	-0.07
1924.916667	0.06
1925	-0.25
1925.083333	0.28
1925.166667	0.2
1925.25	0.39
1925.333333	-0.22
1925.416667	0.13
1925.5	0.2
1925.583333	0.29
1925.666667	0.55
1925.75	0.52
1925.833333	0.26
1925.916667	0.14
1926	0.23
1926.083333	-0.1
1926.166667	0.21
1926.25	0.45
1926.333333	0.15
1926.416667	0.43
1926.5	0.16
1926.583333	0.2
1926.666667	0.04
1926.75	0.06
1926.833333	0.01
1926.916667	0.12
1927	0.07
1927.083333	0.03
1927.166667	-0.16
1927.25	0.18
1927.333333	-0.2
1927.416667	-0.05
1927.5	-0.41
1927.583333	-0.65
1927.666667	-0.76
1927.75	-0.54
1927.833333	0.05
1927.916667	0.23
1928	0.23
1928.083333	0.13
1928.166667	-0.14
1928.25	0.06
1928.333333	-0.21
1928.416667	-0.37
1928.5	-0.56
1928.583333	-0.49
1928.666667	-0.78
1928.75	-0.51
1928.833333	-0.29
1928.916667	-0.43
1929	-0.1
1929.083333	0.04
1929.166667	0.27
1929.25	0.03
1929.333333	-0.38
1929.416667	-0.24
1929.5	0.2
1929.583333	-0.01
1929.666667	0.06
1929.75	-0.13
1929.833333	0.02
1929.916667	0.2
1930	-0.01
1930.083333	0.06
1930.166667	-0.11
1930.25	0.12
1930.333333	-0.27
1930.416667	-0.27
1930.5	-0.29
1930.583333	-0.41
1930.666667	-0.74
1930.75	-0.3
1930.833333	-0.01
1930.916667	-0.16
1931	-0.43
1931.083333	-0.36
1931.166667	-0.49
1931.25	0.01
1931.333333	0.25
1931.416667	-0.12
1931.5	-0.1
1931.583333	-0.26
1931.666667	-0.42
1931.75	-0.36
1931.833333	-0.19
1931.916667	-0.37
1932	-0.4
1932.083333	-0.32
1932.166667	0
1932.25	0.26
1932.333333	0.15
1932.416667	0.04
1932.5	-0.21
1932.583333	-0.26
1932.666667	-0.35
1932.75	-0.82
1932.833333	-0.2
1932.916667	0.07
1933	-0.06
1933.083333	0.22
1933.166667	0.45
1933.25	0.41
1933.333333	-0.07
1933.416667	-0.3
1933.5	-0.2
1933.583333	-0.51
1933.666667	-1.23
1933.75	-1.12
1933.833333	-0.37
1933.916667	-0.75
1934	-1.03
1934.083333	-0.15
1934.166667	0.25
1934.25	0.24
1934.333333	-0.05
1934.416667	0
1934.5	0.11
1934.583333	0.44
1934.666667	-0.17
1934.75	-0.34
1934.833333	-0.09
1934.916667	-0.18
1935	0.02
1935.083333	0.22
1935.166667	0.38
1935.25	0.02
1935.333333	0.55
1935.416667	0.4
1935.5	0.47
1935.583333	0.29
1935.666667	0.21
1935.75	0.01
1935.833333	0.48
1935.916667	0.52
1936	0.46
1936.083333	0.03
1936.166667	0.18
1936.25	0.27
1936.333333	0.19
1936.416667	0.38
1936.5	0.23
1936.583333	0.03
1936.666667	-0.35
1936.75	-0.19
1936.833333	0.08
1936.916667	-0.04
1937	0.16
1937.083333	-0.04
1937.166667	0.12
1937.25	-0.09
1937.333333	0.19
1937.416667	-0.09
1937.5	-0.23
1937.583333	0
1937.666667	0.04
1937.75	-0.14
1937.833333	-0.07
1937.916667	0.01
1938	-0.02
1938.083333	-0.1
1938.166667	-0.02
1938.25	-0.14
1938.333333	0.11
1938.416667	-0.15
1938.5	-0.45
1938.583333	-0.51
1938.666667	-0.5
1938.75	-0.71
1938.833333	-0.17
1938.916667	-0.33
1939	0.02
1939.083333	0.22
1939.166667	0.27
1939.25	-0.12
1939.333333	-0.04
1939.416667	0.06
1939.5	0.09
1939.583333	-0.38
1939.666667	-0.49
1939.75	-0.29
1939.833333	-0.32
1939.916667	0.07
1940	0.39
1940.083333	0.72
1940.166667	-0.67
1940.25	-0.75
1940.333333	-0.43
1940.416667	0.1
1940.5	0.05
1940.583333	-0.31
1940.666667	0.03
1940.75	-0.04
1940.833333	-0.18
1940.916667	0.03
1941	-0.41
1941.083333	-0.17
1941.166667	0.67
1941.25	0.49
1941.333333	0.86
1941.416667	0.26
1941.5	0.15
1941.583333	-0.19
1941.666667	-0.67
1941.75	-0.7
1941.833333	-0.4
1941.916667	-0.03
1942	-0.25
1942.083333	-0.16
1942.166667	-0.19
1942.25	-0.35
1942.333333	-0.29
1942.416667	-0.47
1942.5	-0.83
1942.583333	-0.69
1942.666667	-0.67
1942.75	-0.4
1942.833333	0.54
1942.916667	0.27
1943	0.28
1943.083333	0.2
1943.166667	0.05
1943.25	0.18
1943.333333	0.12
1943.416667	0.34
1943.5	0.55
1943.583333	0.48
1943.666667	-0.83
1943.75	-1.11
1943.833333	-0.77
1943.916667	-0.37
1944	-0.35
1944.083333	-0.28
1944.166667	0.04
1944.25	0.48
1944.333333	0.96
1944.416667	-0.01
1944.5	-0.01
1944.583333	0.16
1944.666667	-0.01
1944.75	-0.95
1944.833333	-0.77
1944.916667	-0.15
1945	-0.07
1945.083333	-0.26
1945.166667	0.01
1945.25	-0.28
1945.333333	-0.1
1945.416667	1
1945.5	1.24
1945.583333	0.73
1945.666667	-0.02
1945.75	-0.64
1945.833333	-0.33
1945.916667	-0.41
1946	0.64
1946.083333	0.64
1946.166667	0.43
1946.25	0.31
1946.333333	0.28
1946.416667	0.31
1946.5	0.47
1946.583333	0.8
1946.666667	0.61
1946.75	0.31
1946.833333	0.63
1946.916667	-0.05
1947	0.11
1947.083333	0.42
1947.166667	0.55
1947.25	0.75
1947.333333	0.79
1947.416667	0.37
1947.5	-0.04
1947.583333	-0.35
1947.666667	-0.71
1947.75	-0.45
1947.833333	0.16
1947.916667	0.4
1948	-0.01
1948.083333	0.19
1948.166667	0.2
1948.25	0.2
1948.333333	0.13
1948.416667	0.23
1948.5	0.11
1948.583333	-0.15
1948.666667	-0.29
1948.75	-0.1
1948.833333	-0.02
1948.916667	-0.41
1949	-0.13
1949.083333	0.38
1949.166667	0.08
1949.25	0.19
1949.333333	-0.15
1949.416667	0.18
1949.5	0.21
1949.583333	0.26
1949.666667	0.31
1949.75	0.25
1949.833333	-0.02
1949.916667	-0.18
1950	0.06
1950.083333	-0.45
1950.166667	-0.24
1950.25	-0.06
1950.333333	-0.03
1950.416667	-0.15
1950.5	-0.07
1950.583333	-0.16
1950.666667	-0.54
1950.75	-0.52
1950.833333	-0.25
1950.916667	0.01
1951	0.03
1951.083333	0.36
1951.166667	0.24
1951.25	-0.09
1951.333333	0.15
1951.416667	-0.11
1951.5	-0.15
1951.583333	-0.17
1951.666667	-0.02
1951.75	-0.29
1951.833333	0.23
1951.916667	0.23
1952	0.14
1952.083333	0.23
1952.166667	0.14
1952.25	0.52
1952.333333	0.27
1952.416667	-0.18
1952.5	-0.35
1952.583333	-0.45
1952.666667	-0.53
1952.75	-0.6
1952.833333	0.04
1952.916667	0.16
1953	0.47
1953.083333	0.48
1953.166667	0.32
1953.25	-0.11
1953.333333	0.5
1953.416667	0.03
1953.5	-0.15
1953.583333	0.02
1953.666667	0.05
1953.75	-0.17
1953.833333	0.09
1953.916667	0.09
1954	-0.22
1954.083333	0.11
1954.166667	0.28
1954.25	0.33
1954.333333	0.1
1954.416667	-0.15
1954.5	-0.49
1954.583333	-0.54
1954.666667	-0.76
1954.75	-0.86
1954.833333	-0.16
1954.916667	-0.3
1955	-0.38
1955.083333	-0.42
1955.166667	0
1955.25	0.04
1955.333333	-0.52
1955.416667	-0.49
1955.5	-0.27
1955.583333	-0.07
1955.666667	-0.57
1955.75	-0.73
1955.833333	0.09
1955.916667	0.05
1956	0.31
1956.083333	0.36
1956.166667	-0.14
1956.25	-0.3
1956.333333	-0.52
1956.416667	-0.61
1956.5	-0.6
1956.583333	-0.22
1956.666667	-0.84
1956.75	-0.89
1956.833333	-0.65
1956.916667	-0.21
1957	-0.63
1957.083333	-0.14
1957.166667	-0.02
1957.25	-0.02
1957.333333	0.12
1957.416667	-0.3
1957.5	-0.2
1957.583333	-0.09
1957.666667	-0.05
1957.75	-0.21
1957.833333	-0.52
1957.916667	-0.37
1958	-0.42
1958.083333	-0.25
1958.166667	0.01
1958.25	-0.17
1958.333333	-0.56
1958.416667	-0.94
1958.5	-0.81
1958.583333	-0.58
1958.666667	-0.96
1958.75	-0.92
1958.833333	-0.51
1958.916667	0.06
1959	0.46
1959.083333	0.1
1959.166667	-0.25
1959.25	-0.25
1959.333333	-0.62
1959.416667	-0.69
1959.5	-0.59
1959.583333	-0.48
1959.666667	-0.49
1959.75	-0.64
1959.833333	-0.31
1959.916667	-0.17
1960	-0.21
1960.083333	0.07
1960.166667	-0.15
1960.25	-0.58
1960.333333	-0.93
1960.416667	-0.69
1960.5	-0.55
1960.583333	-0.69
1960.666667	-0.9
1960.75	-1.09
1960.833333	-1.06
1960.916667	-0.66
1961	-0.18
1961.083333	0.17
1961.166667	0.2
1961.25	-0.17
1961.333333	-0.28
1961.416667	0.2
1961.5	0.8
1961.583333	1.05
1961.666667	1.32
1961.75	0.94
1961.833333	0.71
1961.916667	0.6
1962	0.83
1962.083333	0.7
1962.166667	0.26
1962.25	0.17
1962.333333	-0.14
1962.416667	-0.27
1962.5	-0.32
1962.583333	-0.1
1962.666667	-0.09
1962.75	-0.15
1962.833333	0.09
1962.916667	0.2
1963	0.18
1963.083333	0.56
1963.166667	0.35
1963.25	0
1963.333333	-0.67
1963.416667	-0.23
1963.5	0.21
1963.583333	0.77
1963.666667	0.66
1963.75	0.66
1963.833333	0.55
1963.916667	0.22
1964	-0.14
1964.083333	-0.36
1964.166667	0.06
1964.25	0.45
1964.333333	-0.25
1964.416667	-0.18
1964.5	-0.33
1964.583333	-0.44
1964.666667	-0.84
1964.75	-0.55
1964.833333	0.39
1964.916667	0.12
1965	0.08
1965.083333	-0.16
1965.166667	0.2
1965.25	0.18
1965.333333	-0.12
1965.416667	-0.26
1965.5	-0.17
1965.583333	0.11
1965.666667	-0.08
1965.75	0.29
1965.833333	0.17
1965.916667	-0.18
1966	0.09
1966.083333	0.08
1966.166667	-0.01
1966.25	0
1966.333333	-0.31
1966.416667	0.06
1966.5	0.08
1966.583333	0.47
1966.666667	0.08
1966.75	-0.25
1966.833333	-0.34
1966.916667	0
1967	-0.09
1967.083333	-0.13
1967.166667	0.46
1967.25	0.29
1967.333333	0.12
1967.416667	0.47
1967.5	0.66
1967.583333	0.61
1967.666667	0.65
1967.75	0.55
1967.833333	0.49
1967.916667	0.21
1968	0.12
1968.083333	0.49
1968.166667	-0.02
1968.25	0.15
1968.333333	0.11
1968.416667	0.03
1968.5	0.03
1968.583333	-0.1
1968.666667	-0.58
1968.75	-0.25
1968.833333	-0.03
1968.916667	0.04
1969	0.12
1969.083333	0.04
1969.166667	0.07
1969.25	-0.15
1969.333333	-0.14
1969.416667	-0.47
1969.5	-0.35
1969.583333	-0.31
1969.666667	-0.21
1969.75	0.33
1969.833333	0.07
1969.916667	0.07
1970	0.43
1970.083333	0.27
1970.166667	0.23
1970.25	0.26
1970.333333	0.37
1970.416667	-0.34
1970.5	-0.23
1970.583333	0.07
1970.666667	-0.34
1970.75	-0.6
1970.833333	-0.32
1970.916667	-0.13
1971	0.19
1971.083333	0.16
1971.166667	0.51
1971.25	0.69
1971.333333	0.22
1971.416667	0.02
1971.5	-0.14
1971.583333	-0.49
1971.666667	-0.41
1971.75	-0.73
1971.833333	0.01
1971.916667	0.28
1972	0.5
1972.083333	-0.09
1972.166667	0.09
1972.25	0.1
1972.333333	0.36
1972.416667	0.88
1972.5	0.64
1972.583333	0.56
1972.666667	0.78
1972.75	0.82
1972.833333	0.9
1972.916667	0.61
1973	0.54
1973.083333	-0.02
1973.166667	0.22
1973.25	0.19
1973.333333	0.17
1973.416667	-0.11
1973.5	-0.06
1973.583333	-0.45
1973.666667	-0.45
1973.75	-0.29
1973.833333	-0.1
1973.916667	-0.05
1974	0.31
1974.083333	0.43
1974.166667	0.55
1974.25	0.26
1974.333333	0.04
1974.416667	0.33
1974.5	-0.09
1974.583333	-0.18
1974.666667	-0.58
1974.75	-0.33
1974.833333	-0.41
1974.916667	-0.16
1975	-0.49
1975.083333	0.1
1975.166667	-0.2
1975.25	0.34
1975.333333	0.1
1975.416667	0.35
1975.5	0.37
1975.583333	-0.4
1975.666667	-0.99
1975.75	-1.14
1975.833333	-0.56
1975.916667	-0.03
1976	-0.07
1976.083333	0.12
1976.166667	0.1
1976.25	-0.02
1976.333333	0
1976.416667	0.46
1976.5	0.84
1976.583333	0.3
1976.666667	-0.13
1976.75	-0.34
1976.833333	-0.22
1976.916667	0.27
1977	0.21
1977.083333	0.07
1977.166667	0.17
1977.25	0.03
1977.333333	-0.28
1977.416667	0.01
1977.5	0.06
1977.583333	0.11
1977.666667	-0.02
1977.75	0.61
1977.833333	0.26
1977.916667	0.37
1978	-0.58
1978.083333	-0.32
1978.166667	-0.16
1978.25	-0.03
1978.333333	-0.11
1978.416667	0.26
1978.5	0.15
1978.583333	-0.01
1978.666667	0.24
1978.75	0.19
1978.833333	-0.2
1978.916667	-0.22
1979	0.25
1979.083333	-0.1
1979.166667	-0.2
1979.25	0.13
1979.333333	0.13
1979.416667	0.47
1979.5	0.1
1979.583333	-0.22
1979.666667	-0.42
1979.75	-0.39
1979.833333	-0.56
1979.916667	-0.21
1980	0.1
1980.083333	0.23
1980.166667	-0.17
1980.25	0.35
1980.333333	0.37
1980.416667	-0.4
1980.5	-0.22
1980.583333	0.15
1980.666667	-0.5
1980.75	-0.45
1980.833333	-0.24
1980.916667	0.1
1981	0.13
1981.083333	0.32
1981.166667	-0.1
1981.25	0.53
1981.333333	0.14
1981.416667	-0.16
1981.5	-0.39
1981.583333	-0.49
1981.666667	-0.65
1981.75	-0.53
1981.833333	-0.31
1981.916667	-0.22
1982	0.08
1982.083333	0.3
1982.166667	0.38
1982.25	0.43
1982.333333	0.46
1982.416667	0.33
1982.5	0.42
1982.583333	0.43
1982.666667	0.18
1982.75	0.85
1982.833333	0.27
1982.916667	-0.18
1983	-0.25
1983.083333	-0.49
1983.166667	-0.9
1983.25	-0.81
1983.333333	-0.2
1983.416667	0.32
1983.5	0.79
1983.583333	0.39
1983.666667	0.22
1983.75	-0.11
1983.833333	0.06
1983.916667	-0.1
1984	-0.03
1984.083333	0
1984.166667	0.01
1984.25	0.46
1984.333333	-0.41
1984.416667	-0.35
1984.5	-0.44
1984.583333	-0.26
1984.666667	-0.35
1984.75	-0.32
1984.833333	-0.4
1984.916667	-0.19
1985	0.04
1985.083333	-0.04
1985.166667	-0.08
1985.25	-0.14
1985.333333	0.03
1985.416667	-0.43
1985.5	0.09
1985.583333	-0.02
1985.666667	0
1985.75	-0.24
1985.833333	0.49
1985.916667	0.22
1986	0.11
1986.083333	0.2
1986.166667	0.52
1986.25	0.31
1986.333333	0.17
1986.416667	0.13
1986.5	-0.17
1986.583333	0.28
1986.666667	0.55
1986.75	0.07
1986.833333	0.65
1986.916667	-0.01
1987	0.03
1987.083333	-0.21
1987.166667	-0.24
1987.25	-0.48
1987.333333	0.04
1987.416667	-0.01
1987.5	-0.22
1987.583333	0.21
1987.666667	0.25
1987.75	0.24
1987.833333	0.01
1987.916667	0
1988	0.25
1988.083333	-0.11
1988.166667	0.04
1988.25	0.2
1988.333333	-0.62
1988.416667	-0.15
1988.5	-0.01
1988.583333	-0.09
1988.666667	-0.52
1988.75	-0.62
1988.833333	-0.38
1988.916667	0.02
1989	-0.42
1989.083333	0.21
1989.166667	-0.14
1989.25	-0.09
1989.333333	-0.38
1989.416667	-0.61
1989.5	0.02
1989.583333	-0.59
1989.666667	-0.48
1989.75	-0.76
1989.833333	-0.37
1989.916667	-0.29
1990	0.42
1990.083333	-0.08
1990.166667	0
1990.25	-0.21
1990.333333	-0.61
1990.416667	-0.45
1990.5	0.05
1990.583333	-0.33
1990.666667	-0.48
1990.75	-1.1
1990.833333	-0.67
1990.916667	-0.33
1991	0.07
1991.083333	0.1
1991.166667	-0.05
1991.25	0.75
1991.333333	0.88
1991.416667	0.46
1991.5	0.3
1991.583333	-0.09
1991.666667	0.25
1991.75	0.18
1991.833333	0.29
1991.916667	0.32
1992	-0.39
1992.083333	-0.64
1992.166667	-0.59
1992.25	-0.29
1992.333333	-0.38
1992.416667	-0.82
1992.5	-0.53
1992.583333	-0.98
1992.666667	-0.68
1992.75	-0.56
1992.833333	-0.12
1992.916667	-0.26
1993	0
1993.083333	-0.04
1993.166667	-0.37
1993.25	-0.18
1993.333333	0.23
1993.416667	0.21
1993.5	0.47
1993.583333	-0.13
1993.666667	-0.37
1993.75	-0.32
1993.833333	-0.21
1993.916667	-0.17
1994	0.18
1994.083333	-0.06
1994.166667	-0.21
1994.25	0.28
1994.333333	0.72
1994.416667	0.42
1994.5	0.7
1994.583333	1.09
1994.666667	0.93
1994.75	1.39
1994.833333	0.19
1994.916667	0.02
1995	-0.04
1995.083333	0.51
1995.166667	0.29
1995.25	0.29
1995.333333	-0.02
1995.416667	-0.05
1995.5	-0.53
1995.583333	-0.56
1995.666667	-0.27
1995.75	-0.42
1995.833333	-0.69
1995.916667	0.03
1996	0.36
1996.083333	0.2
1996.166667	-0.23
1996.25	-0.84
1996.333333	-0.45
1996.416667	-0.73
1996.5	-0.55
1996.583333	-0.92
1996.666667	-0.8
1996.75	-1.07
1996.833333	-0.73
1996.916667	-0.29
1997	-0.02
1997.083333	0.3
1997.166667	0.09
1997.25	0.07
1997.333333	-0.04
1997.416667	0.15
1997.5	0.53
1997.583333	0.35
1997.666667	0.73
1997.75	0.97
1997.833333	1.52
1997.916667	1.05
1998	0.76
1998.083333	0.15
1998.166667	-0.14
1998.25	0.06
1998.333333	-0.02
1998.416667	-0.16
1998.5	-0.8
1998.583333	-0.71
1998.666667	-0.55
1998.75	-0.74
1998.833333	-0.86
1998.916667	-0.43
1999	-0.46
1999.083333	-0.13
1999.166667	0.11
1999.25	-0.15
1999.333333	-0.26
1999.416667	-0.03
1999.5	0.21
1999.583333	0.19
1999.666667	0.08
1999.75	-0.5
1999.833333	-0.18
1999.916667	-0.03
2000	-0.02
2000.083333	0.48
2000.166667	0.71
2000.25	0.16
2000.333333	0.32
2000.416667	0.01
2000.5	0.11
2000.583333	-0.11
2000.666667	-0.03
2000.75	-0.21
2000.833333	0.01
2000.916667	0.14
2001	0.11
2001.083333	0.4
2001.166667	0.4
2001.25	-0.02
2001.333333	-0.35
2001.416667	-0.06
2001.5	-0.71
2001.583333	-0.38
2001.666667	-0.58
2001.75	-0.66
2001.833333	-0.21
2001.916667	-0.02
2002	-0.31
2002.083333	0.17
2002.166667	-0.4
2002.25	-0.42
2002.333333	-0.54
2002.416667	-0.23
2002.5	-0.25
2002.583333	-0.39
2002.666667	0.51
2002.75	0.51
2002.833333	0.23
2002.916667	-0.21
2003	-0.35
2003.083333	0.2
2003.166667	0.26
2003.25	0.09
2003.333333	0.25
2003.416667	0.36
2003.5	0.3
2003.583333	0.39
2003.666667	-0.08
2003.75	-0.18
2003.833333	-0.29
2003.916667	0.07
2004	-0.02
2004.083333	0.03
2004.166667	0.14
2004.25	-0.01
2004.333333	-0.57
2004.416667	-0.47
2004.5	-0.3
2004.583333	0.04
2004.666667	0.09
2004.75	0.02
2004.833333	-0.06
2004.916667	-0.1
2005	-0.27
2005.083333	-0.77
2005.166667	-0.68
2005.25	0.14
2005.333333	0.11
2005.416667	-0.14
2005.5	-0.49
2005.583333	-0.43
2005.666667	-0.7
2005.75	-0.68
2005.833333	-0.63
2005.916667	-0.43
2006	-0.07
2006.083333	-0.66
2006.166667	-0.23
2006.25	-0.07
2006.333333	-0.21
2006.416667	-0.27
2006.5	0.18
2006.583333	0.29
2006.666667	0.67
2006.75	0.9
2006.833333	0.86
2006.916667	0.45
2007	0.25
2007.083333	-0.14
2007.166667	0.18
2007.25	0.14
2007.333333	0.4
2007.416667	0.34
2007.5	0.34
2007.583333	0.35
2007.666667	0.35
2007.75	0.03
2007.833333	-0.17
2007.916667	-0.25
2008	0.01
2008.083333	0.03
2008.166667	0.06
2008.25	-0.34
2008.333333	0.14
2008.416667	0.46
2008.5	0.75
2008.583333	0.4
2008.666667	0.03
2008.75	0.03
2008.833333	-0.15
2008.916667	-0.24
2009	-0.11
2009.083333	0.31
2009.166667	0.4
2009.25	-0.03
2009.333333	-0.11
2009.416667	0.04
2009.5	-0.49
2009.583333	-0.28
2009.666667	-0.15
2009.75	-0.09
2009.833333	-0.24
2009.916667	0.15
2010	0.43
2010.083333	0.18
2010.166667	0.34
2010.25	0.44
2010.333333	-0.19
2010.416667	-0.12
2010.5	-0.15
2010.583333	-0.31
2010.666667	-1.11
2010.75	-1.03
2010.833333	-0.96
2010.916667	-0.38
2011	-0.05
2011.083333	-0.03
2011.166667	0.17
2011.25	-0.01
2011.333333	-0.09
2011.416667	0.07
2011.5	-0.01
2011.583333	0.04
2011.666667	0.36
2011.75	0.47
2011.833333	0.04
2011.916667	0.12
2012	0.12
2012.083333	-0.07
2012.166667	0.18
2012.25	-0.43
2012.333333	-0.68
2012.416667	-0.01
2012.5	0.49
2012.583333	0.8
2012.666667	0.51
2012.75	0.28
2012.833333	0.05
2012.916667	0.11
2013	0.06
2013.083333	-0.09
2013.166667	-0.03
2013.25	-0.13
2013.333333	-0.6
2013.416667	-0.47
2013.5	-0.32
2013.583333	-0.19
2013.666667	-0.31
2013.75	-0.2
2013.833333	-0.05
2013.916667	-0.23
2014	-0.15
2014.083333	-0.08
2014.166667	-0.43
2014.25	-0.17
2014.333333	-0.06
2014.416667	-0.21
2014.5	-0.37
2014.583333	-0.54
2014.666667	-0.5
2014.75	-0.01
2014.833333	0.11
2014.916667	-0.17
2015	-0.35
2015.083333	-0.27
2015.166667	-0.06
2015.25	0.16
2015.333333	0.18
2015.416667	0.3
2015.5	0.45
2015.583333	0.54
2015.666667	0.7
2015.75	0.52
2015.833333	0.43
2015.916667	0.08
2016	-0.19
2016.083333	-0.38
2016.166667	-0.19
2016.25	-0.2
2016.333333	-0.49
2016.416667	-0.71
2016.5	-1.07
2016.583333	-0.55
2016.666667	-0.9
2016.75	-0.82
2016.833333	-0.44
2016.916667	-0.25
2017	0.01
2017.083333	0.13
2017.166667	0.32
2017.25	0.42
2017.333333	0.55
2017.416667	0.34
2017.5	0.46
2017.583333	0.68
2017.666667	0.22
2017.75	0.2
2017.833333	0.16
2017.916667	-0.13
2018	0.09
2018.083333	0.46
2018.166667	0.05
2018.25	0.07
2018.333333	0.1
2018.416667	0.01
2018.5	0.27
2018.583333	0.31
2018.666667	0.62
2018.75	0.33
2018.833333	0.47
2018.916667	0.38
2019	0.16
2019.083333	-0.05
2019.166667	0.03
2019.25	0.28
2019.333333	0.79
2019.416667	0.85
2019.5	0.77
2019.583333	1.39
2019.666667	1.33
2019.75	1.68
2019.833333	1.63
2019.916667	0.51
2020	0.17
2020.083333	-0.23
2020.166667	-0.12
2020.25	-0.07
2020.333333	0.38
2020.416667	0.48
2020.5	0.25
2020.583333	-0.29
2020.666667	-0.33
2020.75	-0.03
2020.833333	0.01
2020.916667	0.15
2021	0.17
2021.083333	0.16
2021.166667	0.11
2021.25	0.2
2021.333333	-0.38
2021.416667	-0.49
2021.5	-0.38
2021.583333	-0.32
2021.666667	-0.08
2021.75	-0.56
2021.833333	-0.35
2021.916667	-0.21
2022	-0.24
2022.083333	-0.35
2022.166667	-0.17
2022.25	-0.38
2022.333333	-0.54
2022.416667	-0.74
2022.5	-1.11
2022.583333	-1.1
2022.666667	-0.91
2022.75	-0.88
2022.833333	-0.48
2022.916667	-0.04
2023	0.1
2023.083333	0.35
2023.166667	0.23
2023.25	0.36
2023.333333	-0.01
2023.416667	0.03
2023.5	0.17
2023.583333	0.72
2023.666667	1.09
2023.75	1.43
2023.833333	1.39
2023.916667	1.05
2024	0.69
2024.083333	0.31
2024.166667	0.43
2024.25	0.3
2024.333333	0.12
2024.416667	-0.07
2024.5	-0.33
2024.583333	0.28
2024.666667	0.1
2024.75	-0.4
2024.833333	-0.47
2024.916667	-0.47
2025	-0.37
2025.083333	-0.01
2025.166667	0.14
2025.25	0.27
2025.333333	0.19
2025.416667	-0.22
2025.5	-0.27
2025.583333	-0.5
2025.666667	-0.74
2025.75	-1.05
2025.833333	-0.78
2025.916667	-0.44
2026	0.02
2026.083333	0.25
2026.166667	0.23
2026.25	0.29
2026.333333	-0.35
2026.416667	-0.53
2026.5	-0.11
2026.583333	0.17
