1880.000000	0.310674
1880.083333	-0.062019
1880.166667	-0.637684
1880.250000	-0.991638
1880.333333	-1.233076
1880.416667	-1.245038
1880.500000	-1.202708
1880.583333	-1.354389
1880.666667	-1.361794
1880.750000	-1.198418
1880.833333	-1.304534
1880.916667	-1.598608
1881.000000	-1.445063
1881.083333	-0.892821
1881.166667	-0.776053
1881.250000	-1.152120
1881.333333	-1.389118
1881.416667	-1.338975
1881.500000	-1.348144
1881.583333	-1.445398
1881.666667	-1.503254
1881.750000	-1.278813
1881.833333	-0.849130
1881.916667	-0.716565
1882.000000	-0.768401
1882.083333	-0.941880
1882.166667	-1.111163
1882.250000	-1.188039
1882.333333	-1.097905
1882.416667	-0.924357
1882.500000	-0.563797
1882.583333	-0.232305
1882.666667	-0.389971
1882.750000	-0.796516
1882.833333	-0.846652
1882.916667	-0.484525
1883.000000	-0.085490
1883.083333	-0.170003
1883.166667	-0.381122
1883.250000	-0.406743
1883.333333	-0.679387
1883.416667	-0.941778
1883.500000	-1.029380
1883.583333	-0.946256
1883.666667	-0.658911
1883.750000	-0.474447
1883.833333	-0.755545
1883.916667	-1.008243
1884.000000	-0.765045
1884.083333	-0.140816
1884.166667	0.199648
1884.250000	0.120260
1884.333333	0.211207
1884.416667	0.444425
1884.500000	0.394605
1884.583333	0.278028
1884.666667	0.914653
1884.750000	1.884298
1884.833333	2.076380
1884.916667	1.863809
1885.000000	1.713557
1885.083333	1.467179
1885.166667	1.252942
1885.250000	1.495632
1885.333333	1.921298
1885.416667	1.494295
1885.500000	0.619217
1885.583333	0.647638
1885.666667	1.041454
1885.750000	0.696472
1885.833333	0.177293
1885.916667	0.225089
1886.000000	0.433153
1886.083333	0.363551
1886.166667	0.460778
1886.250000	1.000469
1886.333333	1.838077
1886.416667	2.176726
1886.500000	2.366296
1886.583333	2.731578
1886.666667	2.781465
1886.750000	2.490515
1886.833333	2.156410
1886.916667	1.739889
1887.000000	1.390612
1887.083333	1.114785
1887.166667	0.628457
1887.250000	0.340043
1887.333333	0.123388
1887.416667	-0.142368
1887.500000	-0.223511
1887.583333	-0.491056
1887.666667	-1.164636
1887.750000	-1.521143
1887.833333	-1.358491
1887.916667	-1.107763
1888.000000	-1.109854
1888.083333	-1.191429
1888.166667	-1.083590
1888.250000	-0.955095
1888.333333	-1.063466
1888.416667	-1.060667
1888.500000	-0.500842
1888.583333	-0.135449
1888.666667	-0.154570
1888.750000	-0.113616
1888.833333	0.265497
1888.916667	0.690334
1889.000000	0.597698
1889.083333	0.035894
1889.166667	-0.485569
1889.250000	-0.603902
1889.333333	-0.231747
1889.416667	0.028189
1889.500000	0.445651
1889.583333	1.070311
1889.666667	1.210850
1889.750000	0.901939
1889.833333	1.125005
1889.916667	1.862051
1890.000000	1.939540
1890.083333	1.448886
1890.166667	1.123314
1890.250000	0.954446
1890.333333	1.024975
1890.416667	1.492531
1890.500000	1.425866
1890.583333	0.634207
1890.666667	-0.073925
1890.750000	-0.069509
1890.833333	0.493765
1890.916667	1.151424
1891.000000	2.092563
1891.083333	3.171807
1891.166667	3.540387
1891.250000	3.259293
1891.333333	2.564179
1891.416667	2.486074
1891.500000	2.190315
1891.583333	1.256985
1891.666667	0.791368
1891.750000	0.942552
1891.833333	1.200637
1891.916667	0.967583
1892.000000	0.524124
1892.083333	0.251758
1892.166667	0.207657
1892.250000	-0.091283
1892.333333	-0.814083
1892.416667	-1.209050
1892.500000	-1.304168
1892.583333	-1.377010
1892.666667	-1.071066
1892.750000	-0.306908
1892.833333	0.289971
1892.916667	0.298264
1893.000000	0.013624
1893.083333	-0.030492
1893.166667	0.108535
1893.250000	0.415675
1893.333333	0.755271
1893.416667	0.548628
1893.500000	0.089708
1893.583333	-0.347642
1893.666667	-0.828130
1893.750000	-0.622862
1893.833333	-0.253000
1893.916667	-0.342413
1894.000000	-0.477899
1894.083333	-0.638182
1894.166667	-0.396188
1894.250000	0.395948
1894.333333	0.924734
1894.416667	0.896822
1894.500000	0.907685
1894.583333	1.552609
1894.666667	2.169961
1894.750000	1.838416
1894.833333	1.054222
1894.916667	1.060529
1895.000000	1.924100
1895.083333	2.555877
1895.166667	2.278325
1895.250000	1.376845
1895.333333	1.209051
1895.416667	1.288305
1895.500000	0.792014
1895.583333	0.441277
1895.666667	0.494417
1895.750000	0.639190
1895.833333	0.866799
1895.916667	1.139033
1896.000000	1.301972
1896.083333	1.402108
1896.166667	1.138563
1896.250000	0.431294
1896.333333	0.022153
1896.416667	0.160925
1896.500000	0.244421
1896.583333	0.167808
1896.666667	0.380246
1896.750000	0.795576
1896.833333	1.442356
1896.916667	2.128891
1897.000000	2.357591
1897.083333	2.476977
1897.166667	2.320005
1897.250000	1.915069
1897.333333	1.335625
1897.416667	0.847584
1897.500000	0.581471
1897.583333	0.618034
1897.666667	0.650318
1897.750000	0.295843
1897.833333	-0.479475
1897.916667	-1.124299
1898.000000	-1.399082
1898.083333	-1.306271
1898.166667	-0.960838
1898.250000	-0.659692
1898.333333	-0.291034
1898.416667	-0.019404
1898.500000	0.046705
1898.583333	0.195121
1898.666667	0.362907
1898.750000	0.304241
1898.833333	0.038085
1898.916667	0.026062
1899.000000	0.544621
1899.083333	1.280640
1899.166667	1.743117
1899.250000	1.555389
1899.333333	1.049284
1899.416667	0.767660
1899.500000	0.661117
1899.583333	0.554963
1899.666667	0.682729
1899.750000	1.208650
1899.833333	1.790641
1899.916667	2.255650
1900.000000	2.109782
1900.083333	0.982028
1900.166667	-0.200000
1900.250000	-0.983939
1900.333333	-1.268443
1900.416667	-1.283191
1900.500000	-1.315124
1900.583333	-1.410599
1900.666667	-1.554065
1900.750000	-1.475983
1900.833333	-1.409916
1900.916667	-1.760272
1901.000000	-2.335448
1901.083333	-2.727106
1901.166667	-2.804839
1901.250000	-2.657724
1901.333333	-2.383270
1901.416667	-2.179183
1901.500000	-2.449652
1901.583333	-2.502547
1901.666667	-2.167107
1901.750000	-1.889634
1901.833333	-1.708113
1901.916667	-1.640753
1902.000000	-1.168249
1902.083333	-0.323335
1902.166667	0.222703
1902.250000	0.549960
1902.333333	0.589845
1902.416667	0.320722
1902.500000	-0.298571
1902.583333	-1.148882
1902.666667	-1.536920
1902.750000	-1.618625
1902.833333	-1.702132
1902.916667	-1.676421
1903.000000	-1.424345
1903.083333	-1.417722
1903.166667	-1.597761
1903.250000	-1.671371
1903.333333	-2.092894
1903.416667	-2.839362
1903.500000	-2.783052
1903.583333	-2.068188
1903.666667	-1.480041
1903.750000	-1.278087
1903.833333	-1.368768
1903.916667	-1.617975
1904.000000	-1.589939
1904.083333	-1.443789
1904.166667	-1.460535
1904.250000	-1.552486
1904.333333	-1.464641
1904.416667	-1.684978
1904.500000	-2.081115
1904.583333	-2.039466
1904.666667	-1.643116
1904.750000	-1.617412
1904.833333	-1.834903
1904.916667	-2.230451
1905.000000	-2.672227
1905.083333	-2.904829
1905.166667	-2.773964
1905.250000	-2.620885
1905.333333	-2.407320
1905.416667	-2.390862
1905.500000	-2.626312
1905.583333	-2.682025
1905.666667	-2.464561
1905.750000	-1.883367
1905.833333	-1.365715
1905.916667	-1.127289
1906.000000	-0.775092
1906.083333	-0.465842
1906.166667	-0.716629
1906.250000	-1.116312
1906.333333	-1.345601
1906.416667	-1.304398
1906.500000	-1.256091
1906.583333	-1.297768
1906.666667	-0.858763
1906.750000	-0.152987
1906.833333	0.061129
1906.916667	-0.169693
1907.000000	-0.333292
1907.083333	-0.231158
1907.166667	-0.168474
1907.250000	-0.089498
1907.333333	-0.248120
1907.416667	-0.763463
1907.500000	-1.022364
1907.583333	-0.655719
1907.666667	-0.101031
1907.750000	0.085907
1907.833333	0.435484
1907.916667	0.821226
1908.000000	0.983141
1908.083333	1.235379
1908.166667	1.474441
1908.250000	1.848552
1908.333333	2.082673
1908.416667	2.133289
1908.500000	2.047081
1908.583333	1.793364
1908.666667	2.116633
1908.750000	3.110557
1908.833333	3.319184
1908.916667	2.410655
1909.000000	1.049874
1909.083333	0.354834
1909.166667	0.201954
1909.250000	0.294107
1909.333333	0.713255
1909.416667	1.070424
1909.500000	1.442068
1909.583333	1.736708
1909.666667	1.376093
1909.750000	0.859914
1909.833333	0.978336
1909.916667	1.744301
1910.000000	1.970836
1910.083333	1.332794
1910.166667	0.743542
1910.250000	0.511210
1910.333333	0.124361
1910.416667	-0.142036
1910.500000	-0.043423
1910.583333	-0.198380
1910.666667	-0.823232
1910.750000	-0.843648
1910.833333	0.209536
1910.916667	1.226382
1911.000000	1.108245
1911.083333	0.486815
1911.166667	0.144372
1911.250000	-0.342324
1911.333333	-0.626209
1911.416667	-0.365959
1911.500000	-0.592729
1911.583333	-0.902402
1911.666667	-0.734171
1911.750000	-0.790771
1911.833333	-1.280749
1911.916667	-1.651137
1912.000000	-1.822252
1912.083333	-1.833954
1912.166667	-1.678967
1912.250000	-1.567483
1912.333333	-1.624053
1912.416667	-1.468673
1912.500000	-1.019189
1912.583333	-0.342900
1912.666667	-0.113355
1912.750000	-0.228430
1912.833333	-0.093921
1912.916667	0.302687
1913.000000	0.457359
1913.083333	0.181368
1913.166667	-0.007999
1913.250000	0.297204
1913.333333	0.826266
1913.416667	0.818997
1913.500000	0.500249
1913.583333	0.563085
1913.666667	0.730364
1913.750000	0.727904
1913.833333	0.671414
1913.916667	0.610376
1914.000000	0.500920
1914.083333	0.401838
1914.166667	0.153031
1914.250000	-0.483103
1914.333333	-1.032647
1914.416667	-1.031162
1914.500000	-0.982111
1914.583333	-1.058939
1914.666667	-1.104579
1914.750000	-0.934497
1914.833333	-0.445242
1914.916667	-0.149612
1915.000000	-0.232952
1915.083333	-0.432232
1915.166667	-0.604579
1915.250000	-0.868131
1915.333333	-1.192739
1915.416667	-1.229794
1915.500000	-1.050117
1915.583333	-0.885361
1915.666667	-0.843936
1915.750000	-0.980836
1915.833333	-1.103160
1915.916667	-0.875443
1916.000000	-0.448648
1916.083333	0.024197
1916.166667	0.570061
1916.250000	0.818828
1916.333333	0.742282
1916.416667	0.457274
1916.500000	0.250731
1916.583333	0.481851
1916.666667	1.120200
1916.750000	1.488781
1916.833333	1.294259
1916.916667	0.763716
1917.000000	0.344505
1917.083333	0.178308
1917.166667	0.117512
1917.250000	0.206399
1917.333333	0.532327
1917.416667	0.894067
1917.500000	1.455938
1917.583333	1.762642
1917.666667	1.051864
1917.750000	-0.178564
1917.833333	-1.040913
1917.916667	-1.086955
1918.000000	-0.627055
1918.083333	0.064240
1918.166667	0.532516
1918.250000	0.448503
1918.333333	0.178824
1918.416667	-0.230738
1918.500000	-0.687143
1918.583333	-0.825815
1918.666667	-1.002139
1918.750000	-1.302682
1918.833333	-1.518680
1918.916667	-1.218975
1919.000000	-0.738856
1919.083333	-1.115456
1919.166667	-1.641849
1919.250000	-1.389646
1919.333333	-0.881977
1919.416667	-0.460558
1919.500000	-0.168080
1919.583333	-0.075058
1919.666667	0.180626
1919.750000	0.972690
1919.833333	1.544383
1919.916667	1.634703
1920.000000	1.633749
1920.083333	1.382516
1920.166667	1.349074
1920.250000	1.836302
1920.333333	2.316477
1920.416667	2.774565
1920.500000	2.792895
1920.583333	2.538752
1920.666667	2.577219
1920.750000	2.967963
1920.833333	2.575919
1920.916667	2.270642
1921.000000	2.096158
1921.083333	2.004680
1921.166667	1.851781
1921.250000	1.245048
1921.333333	0.754832
1921.416667	0.643600
1921.500000	0.898636
1921.583333	1.204065
1921.666667	1.128453
1921.750000	1.139990
1921.833333	1.205260
1921.916667	0.959969
1922.000000	0.593643
1922.083333	0.433629
1922.166667	0.522989
1922.250000	0.480904
1922.333333	0.361817
1922.416667	0.444550
1922.500000	0.425728
1922.583333	0.277977
1922.666667	0.125179
1922.750000	-0.060892
1922.833333	-0.385759
1922.916667	-0.625149
1923.000000	-0.631422
1923.083333	-0.754523
1923.166667	-1.026262
1923.250000	-0.697667
1923.333333	0.220997
1923.416667	0.576568
1923.500000	0.464089
1923.583333	0.759334
1923.666667	1.188761
1923.750000	1.125820
1923.833333	0.870484
1923.916667	0.970823
1924.000000	1.009459
1924.083333	0.666407
1924.166667	0.257418
1924.250000	0.045062
1924.333333	0.007195
1924.416667	-0.004229
1924.500000	-0.118879
1924.583333	-0.029859
1924.666667	0.798428
1924.750000	1.904848
1924.833333	2.443538
1924.916667	2.195736
1925.000000	1.716124
1925.083333	1.095972
1925.166667	0.441506
1925.250000	0.614796
1925.333333	1.517282
1925.416667	2.316124
1925.500000	2.957907
1925.583333	2.968963
1925.666667	2.481256
1925.750000	2.411382
1925.833333	2.499261
1925.916667	3.142333
1926.000000	3.271236
1926.083333	2.356028
1926.166667	1.634720
1926.250000	1.322074
1926.333333	1.140415
1926.416667	1.474664
1926.500000	2.045311
1926.583333	2.185076
1926.666667	2.050651
1926.750000	1.987491
1926.833333	1.846343
1926.916667	1.336936
1927.000000	1.071189
1927.083333	1.135697
1927.166667	1.377320
1927.250000	1.815936
1927.333333	1.661803
1927.416667	1.109674
1927.500000	1.245189
1927.583333	1.742045
1927.666667	1.510538
1927.750000	1.138128
1927.833333	0.815156
1927.916667	0.587726
1928.000000	0.837118
1928.083333	1.185380
1928.166667	1.314698
1928.250000	1.436818
1928.333333	1.198140
1928.416667	0.977039
1928.500000	1.324434
1928.583333	1.760060
1928.666667	1.535138
1928.750000	0.891943
1928.833333	0.411690
1928.916667	0.252626
1929.000000	0.076750
1929.083333	-0.029245
1929.166667	0.164734
1929.250000	0.287839
1929.333333	0.331256
1929.416667	0.372085
1929.500000	0.432411
1929.583333	0.720566
1929.666667	0.739999
1929.750000	0.375358
1929.833333	0.352685
1929.916667	0.664672
1930.000000	0.822384
1930.083333	0.690165
1930.166667	0.185570
1930.250000	-0.251252
1930.333333	-0.260112
1930.416667	0.036248
1930.500000	0.454841
1930.583333	0.528551
1930.666667	0.242833
1930.750000	0.208691
1930.833333	0.119953
1930.916667	-0.306456
1931.000000	-0.361065
1931.083333	-0.028399
1931.166667	0.098385
1931.250000	0.154068
1931.333333	0.524475
1931.416667	0.773218
1931.500000	0.489231
1931.583333	0.025504
1931.666667	-0.012375
1931.750000	0.397431
1931.833333	0.646383
1931.916667	0.343365
1932.000000	0.040917
1932.083333	-0.049386
1932.166667	-0.055977
1932.250000	-0.079863
1932.333333	-0.423103
1932.416667	-0.829433
1932.500000	-0.918310
1932.583333	-0.876597
1932.666667	-0.968634
1932.750000	-0.847838
1932.833333	-0.738249
1932.916667	-0.857309
1933.000000	-0.698880
1933.083333	-0.485434
1933.166667	-0.478132
1933.250000	-0.557390
1933.333333	-0.963395
1933.416667	-1.347708
1933.500000	-1.532748
1933.583333	-1.482776
1933.666667	-1.325332
1933.750000	-1.152874
1933.833333	-0.878579
1933.916667	-0.463393
1934.000000	-0.242821
1934.083333	-0.163788
1934.166667	-0.171476
1934.250000	-0.102956
1934.333333	-0.212145
1934.416667	-0.615445
1934.500000	-0.271783
1934.583333	0.276583
1934.666667	0.341523
1934.750000	-0.085812
1934.833333	-0.930882
1934.916667	-1.076122
1935.000000	-0.430126
1935.083333	-0.100199
1935.166667	-0.199918
1935.250000	-0.486217
1935.333333	-0.688610
1935.416667	-0.314719
1935.500000	0.064003
1935.583333	-0.233360
1935.666667	-0.775807
1935.750000	-0.738861
1935.833333	-0.397731
1935.916667	-0.187647
1936.000000	-0.051427
1936.083333	0.140081
1936.166667	0.196198
1936.250000	-0.093900
1936.333333	-0.609592
1936.416667	-0.582596
1936.500000	-0.066521
1936.583333	0.274839
1936.666667	0.524833
1936.750000	1.006860
1936.833333	1.625938
1936.916667	1.432544
1937.000000	0.911341
1937.083333	0.961374
1937.166667	1.188652
1937.250000	1.153892
1937.333333	1.192414
1937.416667	1.535744
1937.500000	1.731440
1937.583333	1.142539
1937.666667	0.568499
1937.750000	0.743252
1937.833333	0.906231
1937.916667	0.292460
1938.000000	-0.668651
1938.083333	-1.072174
1938.166667	-0.725000
1938.250000	-0.114802
1938.333333	0.241173
1938.416667	0.372594
1938.500000	0.433428
1938.583333	0.393541
1938.666667	-0.020078
1938.750000	-0.736599
1938.833333	-1.236364
1938.916667	-0.998735
1939.000000	-0.412802
1939.083333	-0.129081
1939.166667	0.168797
1939.250000	0.631638
1939.333333	0.804496
1939.416667	0.580043
1939.500000	0.181509
1939.583333	-0.253671
1939.666667	-0.390984
1939.750000	-0.019869
1939.833333	0.708893
1939.916667	1.231081
1940.000000	1.186498
1940.083333	0.891379
1940.166667	0.794452
1940.250000	0.836201
1940.333333	0.881928
1940.416667	0.857285
1940.500000	0.773923
1940.583333	1.152020
1940.666667	1.856862
1940.750000	1.688650
1940.833333	0.857314
1940.916667	0.388673
1941.000000	0.315884
1941.083333	0.210368
1941.166667	0.119919
1941.250000	0.311958
1941.333333	0.610988
1941.416667	0.404919
1941.500000	-0.306387
1941.583333	-1.027209
1941.666667	-1.308770
1941.750000	-1.211139
1941.833333	-0.931124
1941.916667	-0.876207
1942.000000	-1.078906
1942.083333	-1.094279
1942.166667	-0.723098
1942.250000	-0.210038
1942.333333	0.292866
1942.416667	0.298223
1942.500000	-0.527168
1942.583333	-1.213739
1942.666667	-1.102156
1942.750000	-0.803279
1942.833333	-0.606509
1942.916667	-0.539309
1943.000000	-0.775071
1943.083333	-0.761507
1943.166667	-0.510751
1943.250000	-0.676325
1943.333333	-0.867274
1943.416667	-0.499801
1943.500000	0.208557
1943.583333	0.837169
1943.666667	0.881872
1943.750000	0.377850
1943.833333	0.277691
1943.916667	0.494087
1944.000000	0.371491
1944.083333	0.165943
1944.166667	-0.017096
1944.250000	-0.258434
1944.333333	-0.278401
1944.416667	-0.167569
1944.500000	-0.137327
1944.583333	-0.293052
1944.666667	-0.920000
1944.750000	-1.659006
1944.833333	-1.823929
1944.916667	-1.360648
1945.000000	-0.874076
1945.083333	-0.865470
1945.166667	-1.237565
1945.250000	-1.278433
1945.333333	-1.075121
1945.416667	-0.944276
1945.500000	-0.325472
1945.583333	0.246809
1945.666667	0.497001
1945.750000	1.171810
1945.833333	1.846834
1945.916667	1.548349
1946.000000	1.195976
1946.083333	1.099637
1946.166667	0.840954
1946.250000	0.829010
1946.333333	1.144113
1946.416667	1.271521
1946.500000	1.154075
1946.583333	1.018127
1946.666667	1.332853
1946.750000	1.787182
1946.833333	1.645378
1946.916667	1.232262
1947.000000	0.997316
1947.083333	1.276619
1947.166667	1.804121
1947.250000	2.062016
1947.333333	2.211700
1947.416667	2.411870
1947.500000	2.194622
1947.583333	1.882292
1947.666667	1.597438
1947.750000	1.221720
1947.833333	0.908488
1947.916667	0.509601
1948.000000	0.098403
1948.083333	-0.067340
1948.166667	0.219228
1948.250000	0.813537
1948.333333	1.416160
1948.416667	2.082545
1948.500000	2.518033
1948.583333	2.478208
1948.666667	2.231669
1948.750000	2.350812
1948.833333	2.551574
1948.916667	2.297022
1949.000000	1.984986
1949.083333	1.880499
1949.166667	1.798095
1949.250000	1.231438
1949.333333	0.561080
1949.416667	0.344331
1949.500000	0.481176
1949.583333	0.520212
1949.666667	0.190490
1949.750000	-0.442337
1949.833333	-0.860814
1949.916667	-0.536289
1950.000000	-0.173999
1950.083333	-0.127073
1950.166667	0.053605
1950.250000	0.014955
1950.333333	-0.105537
1950.416667	-0.087872
1950.500000	-0.312275
1950.583333	-0.490488
1950.666667	-0.107029
1950.750000	0.472747
1950.833333	0.735393
1950.916667	0.921059
1951.000000	0.920650
1951.083333	0.579151
1951.166667	0.303723
1951.250000	0.300441
1951.333333	0.217281
1951.416667	-0.186794
1951.500000	-0.612941
1951.583333	-0.764455
1951.666667	-1.029309
1951.750000	-1.172089
1951.833333	-0.805019
1951.916667	-0.161514
1952.000000	0.428542
1952.083333	0.912793
1952.166667	1.034809
1952.250000	0.841958
1952.333333	0.812694
1952.416667	0.766272
1952.500000	0.459950
1952.583333	0.244391
1952.666667	0.384237
1952.750000	0.400126
1952.833333	0.013690
1952.916667	-0.331542
1953.000000	-0.401241
1953.083333	-0.344655
1953.166667	-0.201171
1953.250000	0.351925
1953.333333	1.324102
1953.416667	2.023288
1953.500000	1.765076
1953.583333	1.053328
1953.666667	0.500138
1953.750000	0.220374
1953.833333	0.250912
1953.916667	0.642460
1954.000000	1.335331
1954.083333	2.029838
1954.166667	1.700035
1954.250000	0.920723
1954.333333	0.732042
1954.416667	0.570350
1954.500000	0.319386
1954.583333	0.571613
1954.666667	0.804398
1954.750000	0.726097
1954.833333	0.727691
1954.916667	0.635681
1955.000000	0.190815
1955.083333	-0.429834
1955.166667	-0.736013
1955.250000	-0.411147
1955.333333	0.121274
1955.416667	0.575112
1955.500000	0.553464
1955.583333	-0.038114
1955.666667	-0.373387
1955.750000	-0.389377
1955.833333	-0.664865
1955.916667	-0.639103
1956.000000	-0.183579
1956.083333	-0.121893
1956.166667	-0.190371
1956.250000	0.138166
1956.333333	0.581048
1956.416667	0.555358
1956.500000	-0.135672
1956.583333	-0.587920
1956.666667	-0.455914
1956.750000	-0.658563
1956.833333	-1.169159
1956.916667	-1.414593
1957.000000	-1.263746
1957.083333	-1.009949
1957.166667	-0.959865
1957.250000	-1.028708
1957.333333	-1.138948
1957.416667	-1.031114
1957.500000	-0.806141
1957.583333	-0.809584
1957.666667	-0.869531
1957.750000	-1.005915
1957.833333	-1.198799
1957.916667	-1.449954
1958.000000	-1.769264
1958.083333	-1.853434
1958.166667	-1.767504
1958.250000	-1.806772
1958.333333	-1.871778
1958.416667	-1.782501
1958.500000	-1.744309
1958.583333	-2.080555
1958.666667	-2.363456
1958.750000	-2.191757
1958.833333	-2.086377
1958.916667	-1.866693
1959.000000	-1.605038
1959.083333	-1.518891
1959.166667	-1.521651
1959.250000	-1.161565
1959.333333	-0.539796
1959.416667	-0.102810
1959.500000	0.341451
1959.583333	0.660383
1959.666667	0.739154
1959.750000	0.522103
1959.833333	0.249906
1959.916667	0.239639
1960.000000	0.092242
1960.083333	-0.212544
1960.166667	-0.525544
1960.250000	-1.088652
1960.333333	-1.629096
1960.416667	-1.648553
1960.500000	-1.413671
1960.583333	-1.398583
1960.666667	-1.367308
1960.750000	-1.099828
1960.833333	-0.789111
1960.916667	-0.301933
1961.000000	-0.020223
1961.083333	-0.288512
1961.166667	-0.735617
1961.250000	-1.007331
1961.333333	-1.250736
1961.416667	-1.190202
1961.500000	-1.006572
1961.583333	-1.311524
1961.666667	-1.700019
1961.750000	-1.659764
1961.833333	-1.343312
1961.916667	-1.190561
1962.000000	-1.353477
1962.083333	-1.491501
1962.166667	-1.418141
1962.250000	-1.441900
1962.333333	-1.386266
1962.416667	-1.046910
1962.500000	-0.794760
1962.583333	-0.966022
1962.666667	-1.042662
1962.750000	-0.757293
1962.833333	-0.616517
1962.916667	-0.593378
1963.000000	-0.221436
1963.083333	-0.030708
1963.166667	-0.177727
1963.250000	-0.069309
1963.333333	0.308724
1963.416667	0.604463
1963.500000	0.668372
1963.583333	0.446888
1963.666667	-0.234058
1963.750000	-1.052816
1963.833333	-1.364012
1963.916667	-1.600338
1964.000000	-1.864906
1964.083333	-1.958882
1964.166667	-1.917752
1964.250000	-1.733676
1964.333333	-1.422496
1964.416667	-1.238484
1964.500000	-1.260135
1964.583333	-1.534543
1964.666667	-1.788485
1964.750000	-1.854232
1964.833333	-1.973109
1964.916667	-1.898209
1965.000000	-1.713195
1965.083333	-1.383594
1965.166667	-0.855046
1965.250000	-0.812305
1965.333333	-1.462400
1965.416667	-1.962123
1965.500000	-1.907455
1965.583333	-1.761717
1965.666667	-1.312678
1965.750000	-0.644441
1965.833333	-0.323878
1965.916667	-0.704812
1966.000000	-0.814345
1966.083333	-0.489481
1966.166667	-0.530815
1966.250000	-0.819441
1966.333333	-1.078871
1966.416667	-1.425623
1966.500000	-1.520445
1966.583333	-1.580426
1966.666667	-1.684470
1966.750000	-1.733090
1966.833333	-1.790465
1966.916667	-1.685970
1967.000000	-1.171188
1967.083333	-0.396696
1967.166667	0.265600
1967.250000	0.565833
1967.333333	0.599554
1967.416667	0.758531
1967.500000	0.706928
1967.583333	0.131891
1967.666667	-0.966688
1967.750000	-1.997867
1967.833333	-2.335884
1967.916667	-2.048916
1968.000000	-1.863848
1968.083333	-1.657270
1968.166667	-1.348837
1968.250000	-1.208129
1968.333333	-1.310279
1968.416667	-1.431610
1968.500000	-1.480029
1968.583333	-1.780115
1968.666667	-2.136532
1968.750000	-2.469021
1968.833333	-2.653262
1968.916667	-2.452898
1969.000000	-1.952072
1969.083333	-1.426081
1969.166667	-1.303988
1969.250000	-1.419857
1969.333333	-1.440333
1969.416667	-1.248180
1969.500000	-0.781903
1969.583333	-0.288805
1969.666667	-0.306309
1969.750000	-0.863512
1969.833333	-0.975000
1969.916667	-0.574919
1970.000000	-0.464520
1970.083333	-0.567610
1970.166667	-0.494627
1970.250000	-0.628692
1970.333333	-0.589615
1970.416667	0.002698
1970.500000	0.526790
1970.583333	0.527149
1970.666667	0.018310
1970.750000	-0.468667
1970.833333	-0.481278
1970.916667	-0.420569
1971.000000	-0.453854
1971.083333	-0.408815
1971.166667	-0.440023
1971.250000	-0.706754
1971.333333	-0.755831
1971.416667	-0.512244
1971.500000	-0.418762
1971.583333	-0.220859
1971.666667	0.352963
1971.750000	0.825169
1971.833333	0.907824
1971.916667	1.035496
1972.000000	1.037117
1972.083333	0.620078
1972.166667	0.388169
1972.250000	0.717511
1972.333333	0.760583
1972.416667	0.211428
1972.500000	-0.146532
1972.583333	-0.173618
1972.666667	0.103944
1972.750000	0.643014
1972.833333	0.618613
1972.916667	0.042327
1973.000000	-0.601713
1973.083333	-1.291455
1973.166667	-1.438126
1973.250000	-1.035002
1973.333333	-0.835027
1973.416667	-1.176470
1973.500000	-1.681499
1973.583333	-1.905881
1973.666667	-2.010214
1973.750000	-1.905023
1973.833333	-1.816977
1973.916667	-2.041527
1974.000000	-2.415026
1974.083333	-2.742767
1974.166667	-2.748349
1974.250000	-2.106995
1974.333333	-1.245249
1974.416667	-1.057027
1974.500000	-1.583510
1974.583333	-1.984628
1974.666667	-1.805966
1974.750000	-1.465203
1974.833333	-1.511668
1974.916667	-1.642561
1975.000000	-1.700513
1975.083333	-1.910996
1975.166667	-2.182655
1975.250000	-1.966499
1975.333333	-1.020713
1975.416667	-0.266637
1975.500000	-0.651275
1975.583333	-1.148386
1975.666667	-1.047443
1975.750000	-0.646775
1975.833333	-0.106218
1975.916667	0.190548
1976.000000	0.225360
1976.083333	0.607055
1976.166667	1.590801
1976.250000	2.337954
1976.333333	2.211526
1976.416667	1.563835
1976.500000	1.225330
1976.583333	1.204287
1976.666667	0.991763
1976.750000	0.844746
1976.833333	0.768985
1976.916667	0.256752
1977.000000	-0.430541
1977.083333	-0.760000
1977.166667	-0.534019
1977.250000	-0.462661
1977.333333	-0.971004
1977.416667	-1.352023
1977.500000	-1.227471
1977.583333	-0.986206
1977.666667	-0.945069
1977.750000	-1.056680
1977.833333	-0.845746
1977.916667	-0.299710
1978.000000	-0.363737
1978.083333	-0.856416
1978.166667	-1.027398
1978.250000	-0.794373
1978.333333	-0.292558
1978.416667	0.114717
1978.500000	0.314547
1978.583333	0.297102
1978.666667	0.216377
1978.750000	0.376283
1978.833333	0.286059
1978.916667	-0.127741
1979.000000	-0.385346
1979.083333	-0.338164
1979.166667	-0.271505
1979.250000	-0.107944
1979.333333	0.217116
1979.416667	0.551729
1979.500000	0.675209
1979.583333	0.489653
1979.666667	0.174488
1979.750000	0.149909
1979.833333	0.325991
1979.916667	0.387853
1980.000000	0.517573
1980.083333	0.890840
1980.166667	1.265678
1980.250000	1.464509
1980.333333	1.500846
1980.416667	1.255267
1980.500000	0.729928
1980.583333	0.118433
1980.666667	-0.124675
1980.750000	-0.146141
1980.833333	-0.261800
1980.916667	-0.219559
1981.000000	-0.193007
1981.083333	-0.263527
1981.166667	0.075812
1981.250000	0.576608
1981.333333	0.749623
1981.416667	0.682492
1981.500000	0.588370
1981.583333	0.414911
1981.666667	0.270796
1981.750000	0.493396
1981.833333	0.669772
1981.916667	0.324192
1982.000000	-0.150540
1982.083333	-0.303033
1982.166667	-0.220478
1982.250000	-0.059163
1982.333333	0.092720
1982.416667	0.099644
1982.500000	-0.036719
1982.583333	-0.082871
1982.666667	0.000000
1982.750000	0.105689
1982.833333	0.395658
1982.916667	0.486696
1983.000000	0.327595
1983.083333	0.665957
1983.166667	1.213419
1983.250000	1.664175
1983.333333	1.898961
1983.416667	1.757576
1983.500000	1.416764
1983.583333	1.547381
1983.666667	1.774966
1983.750000	1.709116
1983.833333	1.427340
1983.916667	1.196384
1984.000000	1.070694
1984.083333	0.953680
1984.166667	0.956430
1984.250000	1.252553
1984.333333	1.023950
1984.416667	0.153134
1984.500000	-0.428898
1984.583333	-0.496813
1984.666667	-0.207568
1984.750000	-0.154866
1984.833333	-0.679166
1984.916667	-1.177208
1985.000000	-1.188584
1985.083333	-0.561334
1985.166667	-0.129354
1985.250000	-0.522870
1985.333333	-0.714447
1985.416667	-0.235598
1985.500000	0.179983
1985.583333	0.336648
1985.666667	-0.009200
1985.750000	-0.761728
1985.833333	-1.127231
1985.916667	-1.144255
1986.000000	-1.260710
1986.083333	-1.257000
1986.166667	-0.916690
1986.250000	-0.796223
1986.333333	-1.026252
1986.416667	-1.185047
1986.500000	-1.223540
1986.583333	-0.801507
1986.666667	-0.084082
1986.750000	0.028557
1986.833333	-0.284218
1986.916667	-0.634087
1987.000000	-0.728895
1987.083333	-0.434683
1987.166667	-0.454531
1987.250000	-0.922981
1987.333333	-1.190804
1987.416667	-1.002964
1987.500000	-0.473193
1987.583333	-0.030360
1987.666667	0.097519
1987.750000	0.165664
1987.833333	0.564960
1987.916667	1.141438
1988.000000	0.951236
1988.083333	0.165147
1988.166667	-0.541967
1988.250000	-1.171849
1988.333333	-1.428597
1988.416667	-1.268486
1988.500000	-0.691895
1988.583333	0.182010
1988.666667	1.094039
1988.750000	1.872863
1988.833333	2.295781
1988.916667	2.403358
1989.000000	1.956741
1989.083333	0.963680
1989.166667	0.283804
1989.250000	0.226833
1989.333333	0.536191
1989.416667	0.757023
1989.500000	0.716872
1989.583333	0.993056
1989.666667	1.880457
1989.750000	2.215613
1989.833333	1.751573
1989.916667	1.214172
1990.000000	0.734679
1990.083333	0.100607
1990.166667	-0.439629
1990.250000	-0.520330
1990.333333	-0.552537
1990.416667	-0.614145
1990.500000	-0.139473
1990.583333	0.645700
1990.666667	1.143686
1990.750000	1.079961
1990.833333	1.020431
1990.916667	1.089297
1991.000000	0.867939
1991.083333	0.630258
1991.166667	0.312065
1991.250000	0.092895
1991.333333	-0.229385
1991.416667	-0.954131
1991.500000	-1.336727
1991.583333	-0.939483
1991.666667	-0.055916
1991.750000	0.356051
1991.833333	0.330845
1991.916667	0.404836
1992.000000	0.404252
1992.083333	0.185336
1992.166667	0.087144
1992.250000	0.347315
1992.333333	0.727688
1992.416667	0.735382
1992.500000	0.346942
1992.583333	0.000000
1992.666667	-0.206462
1992.750000	-0.152739
1992.833333	-0.043263
1992.916667	-0.137466
1993.000000	-0.510369
1993.083333	-0.898024
1993.166667	-0.823942
1993.250000	-0.599797
1993.333333	-0.312743
1993.416667	-0.043868
1993.500000	0.088036
1993.583333	0.466607
1993.666667	1.321515
1993.750000	2.089448
1993.833333	2.067039
1993.916667	1.451591
1994.000000	1.381133
1994.083333	2.283204
1994.166667	2.899940
1994.250000	2.189126
1994.333333	1.689784
1994.416667	1.780239
1994.500000	1.640004
1994.583333	1.241304
1994.666667	1.142513
1994.750000	1.301965
1994.833333	1.413052
1994.916667	1.744192
1995.000000	1.798483
1995.083333	1.266218
1995.166667	0.682864
1995.250000	0.452531
1995.333333	0.563686
1995.416667	0.795337
1995.500000	1.219424
1995.583333	1.657494
1995.666667	1.401692
1995.750000	0.819407
1995.833333	0.068720
1995.916667	-0.845795
1996.000000	-1.233106
1996.083333	-1.098722
1996.166667	-1.043940
1996.250000	-1.230438
1996.333333	-1.495526
1996.416667	-1.698355
1996.500000	-1.575887
1996.583333	-1.248305
1996.666667	-0.965292
1996.750000	-0.502050
1996.833333	0.178082
1996.916667	0.675043
1997.000000	0.291296
1997.083333	-0.434493
1997.166667	-0.841331
1997.250000	-1.091100
1997.333333	-1.074387
1997.416667	-0.734586
1997.500000	-0.492257
1997.583333	-0.477232
1997.666667	-0.295341
1997.750000	-0.298425
1997.833333	-0.692990
1997.916667	-0.903983
1998.000000	-0.749604
1998.083333	-0.277401
1998.166667	0.267632
1998.250000	0.451243
1998.333333	0.105898
1998.416667	-0.154020
1998.500000	0.018082
1998.583333	0.429549
1998.666667	1.044395
1998.750000	1.575698
1998.833333	1.626710
1998.916667	1.577595
1999.000000	1.878204
1999.083333	1.963412
1999.166667	1.873141
1999.250000	2.020344
1999.333333	2.033960
1999.416667	1.790488
1999.500000	1.319220
1999.583333	0.833117
1999.666667	0.725936
1999.750000	0.795961
1999.833333	0.648657
1999.916667	0.270156
2000.000000	0.136886
2000.083333	0.429308
2000.166667	0.757318
2000.250000	1.217572
2000.333333	1.668293
2000.416667	1.445084
2000.500000	0.885069
2000.583333	0.805024
2000.666667	0.960155
2000.750000	0.890020
2000.833333	1.228971
2000.916667	1.840581
2001.000000	1.354510
2001.083333	0.580972
2001.166667	1.070776
2001.250000	2.162293
2001.333333	2.418107
2001.416667	2.062344
2001.500000	1.542115
2001.583333	0.852831
2001.666667	0.436496
2001.750000	0.515685
2001.833333	0.695933
2001.916667	0.714090
2002.000000	0.569816
2002.083333	0.453184
2002.166667	0.544092
2002.250000	0.526954
2002.333333	0.263887
2002.416667	-0.049323
2002.500000	-0.333751
2002.583333	-0.370803
2002.666667	-0.466496
2002.750000	-0.851579
2002.833333	-0.659328
2002.916667	-0.072730
2003.000000	-0.318145
2003.083333	-1.043375
2003.166667	-1.139279
2003.250000	-0.714155
2003.333333	-0.262793
2003.416667	-0.199637
2003.500000	-0.397128
2003.583333	-0.467019
2003.666667	-0.271648
2003.750000	-0.192559
2003.833333	-0.655080
2003.916667	-1.056340
2004.000000	-1.111740
2004.083333	-1.041676
2004.166667	-0.800695
2004.250000	-0.423382
2004.333333	-0.356302
2004.416667	-0.785467
2004.500000	-1.335256
2004.583333	-1.559967
2004.666667	-1.331929
2004.750000	-0.672080
2004.833333	0.344511
2004.916667	1.142944
2005.000000	1.141995
2005.083333	0.414227
2005.166667	-0.228957
2005.250000	-0.311313
2005.333333	0.170211
2005.416667	0.323173
2005.500000	0.042940
2005.583333	0.028148
2005.666667	0.437089
2005.750000	1.039744
2005.833333	1.260839
2005.916667	1.210985
2006.000000	1.071775
2006.083333	0.678174
2006.166667	0.298625
2006.250000	0.029451
2006.333333	-0.109570
2006.416667	-0.020220
2006.500000	0.185597
2006.583333	0.282382
2006.666667	0.189514
2006.750000	0.086542
2006.833333	0.174977
2006.916667	0.096778
2007.000000	-0.288644
2007.083333	-0.484658
2007.166667	-0.420395
2007.250000	-0.306833
2007.333333	-0.399809
2007.416667	-0.481909
2007.500000	-0.778617
2007.583333	-1.190098
2007.666667	-0.965756
2007.750000	-0.742611
2007.833333	-0.980748
2007.916667	-0.958733
2008.000000	-0.622143
2008.083333	-0.397854
2008.166667	-0.676203
2008.250000	-1.097815
2008.333333	-1.208981
2008.416667	-0.935870
2008.500000	-0.432929
2008.583333	0.088559
2008.666667	0.441207
2008.750000	0.406602
2008.833333	0.194810
2008.916667	0.037096
2009.000000	-0.014461
2009.083333	-0.004545
2009.166667	0.177128
2009.250000	0.030403
2009.333333	-0.524503
2009.416667	-0.951725
2009.500000	-0.927182
2009.583333	-0.805575
2009.666667	-0.922953
2009.750000	-0.738356
2009.833333	-0.006387
2009.916667	0.544395
2010.000000	0.790607
2010.083333	0.559240
2010.166667	-0.387142
2010.250000	-1.211451
2010.333333	-1.377612
2010.416667	-1.281998
2010.500000	-0.987161
2010.583333	-0.889180
2010.666667	-1.102048
2010.750000	-1.338987
2010.833333	-1.535018
2010.916667	-1.647739
2011.000000	-1.170131
2011.083333	-0.297380
2011.166667	0.029858
2011.250000	-0.112236
2011.333333	-0.175135
2011.416667	0.154162
2011.500000	1.055936
2011.583333	1.376733
2011.666667	0.652315
2011.750000	0.480260
2011.833333	0.846640
2011.916667	1.122876
2012.000000	1.599055
2012.083333	1.871981
2012.166667	1.326208
2012.250000	0.693337
2012.333333	0.606704
2012.416667	0.583433
2012.500000	0.765938
2012.583333	1.305780
2012.666667	1.297928
2012.750000	1.170326
2012.833333	1.671191
2012.916667	2.183858
2013.000000	2.479015
2013.083333	2.471966
2013.166667	1.879388
2013.250000	1.151676
2013.333333	0.772780
2013.416667	0.824382
2013.500000	0.893823
2013.583333	0.791476
2013.666667	0.555733
2013.750000	0.057702
2013.833333	-0.650416
2013.916667	-0.686415
2014.000000	0.024107
2014.083333	0.721595
2014.166667	1.093238
2014.250000	0.659874
2014.333333	-0.046057
2014.416667	-0.145528
2014.500000	-0.054489
2014.583333	-0.016863
2014.666667	0.210330
2014.750000	0.308608
2014.833333	0.206589
2014.916667	0.199600
2015.000000	0.214310
2015.083333	0.160855
2015.166667	0.134658
2015.250000	0.207186
2015.333333	0.429763
2015.416667	0.959417
2015.500000	1.777715
2015.583333	2.210714
2015.666667	2.141108
2015.750000	1.682282
2015.833333	1.301705
2015.916667	1.543767
2016.000000	1.626928
2016.083333	1.415734
2016.166667	1.351459
2016.250000	0.831614
2016.333333	0.304594
2016.416667	0.479960
2016.500000	0.962246
2016.583333	1.237061
2016.666667	0.978036
2016.750000	0.703497
2016.833333	0.481828
2016.916667	0.200703
2017.000000	0.083678
2017.083333	-0.314768
2017.166667	-0.657300
2017.250000	-0.188453
2017.333333	0.000000
2017.416667	-0.269938
2017.500000	-0.221468
2017.583333	-0.022634
2017.666667	-0.008186
2017.750000	0.089949
2017.833333	0.098820
2017.916667	-0.059972
2018.000000	-0.342153
2018.083333	-0.679975
2018.166667	-0.428436
2018.250000	0.060824
2018.333333	0.053831
2018.416667	-0.198079
2018.500000	-0.296672
2018.583333	-0.440000
2018.666667	-0.950851
2018.750000	-1.374747
2018.833333	-1.301798
2018.916667	-1.202155
2019.000000	-1.532467
2019.083333	-1.878129
2019.166667	-1.982680
2019.250000	-2.141460
2019.333333	-2.388999
2019.416667	-2.279240
2019.500000	-2.476458
2019.583333	-2.822390
2019.666667	-2.926411
2019.750000	-3.239523
2019.833333	-3.380701
2019.916667	-3.403397
2020.000000	-3.057542
2020.083333	-2.554375
2020.166667	-2.524414
2020.250000	-2.511363
2020.333333	-2.268802
2020.416667	-2.131530
2020.500000	-2.203187
2020.583333	-2.476908
2020.666667	-2.751912
2020.750000	-2.524353
2020.833333	-1.798786
2020.916667	-1.195864
2021.000000	-0.891397
2021.083333	-0.850872
2021.166667	-0.982923
2021.250000	-0.830788
2021.333333	-0.528984
2021.416667	-0.424668
2021.500000	-0.386803
2021.583333	-0.498674
2021.666667	-0.864269
2021.750000	-0.680397
2021.833333	0.116702
2021.916667	0.419927
2022.000000	0.343449
2022.083333	0.343974
