1880.000000	0.406971
1880.083333	0.406524
1880.166667	0.406074
1880.250000	0.405622
1880.333333	0.405168
1880.416667	0.404711
1880.500000	0.404253
1880.583333	0.403793
1880.666667	0.381643
1880.750000	0.381234
1880.833333	0.380829
1880.916667	0.380428
1881.000000	0.380030
1881.083333	0.379636
1881.166667	0.379246
1881.250000	0.378860
1881.333333	0.378478
1881.416667	0.378100
1881.500000	0.377726
1881.583333	0.377357
1881.666667	0.371086
1881.750000	0.370390
1881.833333	0.369693
1881.916667	0.368996
1882.000000	0.368299
1882.083333	0.367601
1882.166667	0.366904
1882.250000	0.366206
1882.333333	0.365509
1882.416667	0.364811
1882.500000	0.364115
1882.583333	0.363418
1882.666667	0.344467
1882.750000	0.343795
1882.833333	0.343126
1882.916667	0.342462
1883.000000	0.341803
1883.083333	0.341148
1883.166667	0.340498
1883.250000	0.339852
1883.333333	0.339211
1883.416667	0.338575
1883.500000	0.337945
1883.583333	0.337319
1883.666667	0.309657
1883.750000	0.309670
1883.833333	0.309692
1883.916667	0.309723
1884.000000	0.309762
1884.083333	0.309810
1884.166667	0.309866
1884.250000	0.309931
1884.333333	0.310005
1884.416667	0.310087
1884.500000	0.310177
1884.583333	0.310276
1884.666667	0.313302
1884.750000	0.313057
1884.833333	0.312820
1884.916667	0.312592
1885.000000	0.312372
1885.083333	0.312161
1885.166667	0.311958
1885.250000	0.311764
1885.333333	0.311578
1885.416667	0.311400
1885.500000	0.311232
1885.583333	0.311071
1885.666667	0.383543
1885.750000	0.382873
1885.833333	0.382201
1885.916667	0.381527
1886.000000	0.380851
1886.083333	0.380173
1886.166667	0.379492
1886.250000	0.378810
1886.333333	0.378126
1886.416667	0.377441
1886.500000	0.376754
1886.583333	0.376065
1886.666667	0.376889
1886.750000	0.376529
1886.833333	0.376174
1886.916667	0.375824
1887.000000	0.375478
1887.083333	0.375137
1887.166667	0.374801
1887.250000	0.374469
1887.333333	0.374142
1887.416667	0.373821
1887.500000	0.373504
1887.583333	0.373193
1887.666667	0.395827
1887.750000	0.395153
1887.833333	0.394474
1887.916667	0.393791
1888.000000	0.393104
1888.083333	0.392413
1888.166667	0.391717
1888.250000	0.391018
1888.333333	0.390316
1888.416667	0.389609
1888.500000	0.388900
1888.583333	0.388187
1888.666667	0.408664
1888.750000	0.408175
1888.833333	0.407679
1888.916667	0.407175
1889.000000	0.406663
1889.083333	0.406143
1889.166667	0.405615
1889.250000	0.405079
1889.333333	0.404535
1889.416667	0.403983
1889.500000	0.403423
1889.583333	0.402855
1889.666667	0.350777
1889.750000	0.350071
1889.833333	0.349368
1889.916667	0.348668
1890.000000	0.347972
1890.083333	0.347279
1890.166667	0.346591
1890.250000	0.345906
1890.333333	0.345225
1890.416667	0.344547
1890.500000	0.343875
1890.583333	0.343206
1890.666667	0.424737
1890.750000	0.424742
1890.833333	0.424746
1890.916667	0.424750
1891.000000	0.424754
1891.083333	0.424757
1891.166667	0.424760
1891.250000	0.424763
1891.333333	0.424765
1891.416667	0.424766
1891.500000	0.424768
1891.583333	0.424769
1891.666667	0.359969
1891.750000	0.361171
1891.833333	0.362364
1891.916667	0.363548
1892.000000	0.364723
1892.083333	0.365888
1892.166667	0.367043
1892.250000	0.368190
1892.333333	0.369326
1892.416667	0.370452
1892.500000	0.371569
1892.583333	0.372676
1892.666667	0.311670
1892.750000	0.311488
1892.833333	0.311315
1892.916667	0.311150
1893.000000	0.310994
1893.083333	0.310846
1893.166667	0.310707
1893.250000	0.310577
1893.333333	0.310455
1893.416667	0.310341
1893.500000	0.310237
1893.583333	0.310141
1893.666667	0.368561
1893.750000	0.368354
1893.833333	0.368154
1893.916667	0.367959
1894.000000	0.367771
1894.083333	0.367588
1894.166667	0.367412
1894.250000	0.367242
1894.333333	0.367079
1894.416667	0.366921
1894.500000	0.366770
1894.583333	0.366625
1894.666667	0.055274
1894.750000	0.057621
1894.833333	0.059965
1894.916667	0.062306
1895.000000	0.064643
1895.083333	0.066976
1895.166667	0.069305
1895.250000	0.071631
1895.333333	0.073952
1895.416667	0.076269
1895.500000	0.078581
1895.583333	0.080889
1895.666667	0.351037
1895.750000	0.351123
1895.833333	0.351202
1895.916667	0.351273
1896.000000	0.351336
1896.083333	0.351392
1896.166667	0.351440
1896.250000	0.351481
1896.333333	0.351514
1896.416667	0.351539
1896.500000	0.351557
1896.583333	0.351567
1896.666667	0.424756
1896.750000	0.424759
1896.833333	0.424762
1896.916667	0.424764
1897.000000	0.424766
1897.083333	0.424767
1897.166667	0.424768
1897.250000	0.424769
1897.333333	0.424769
1897.416667	0.424769
1897.500000	0.424768
1897.583333	0.424767
1897.666667	0.424093
1897.750000	0.424054
1897.833333	0.424013
1897.916667	0.423971
1898.000000	0.423927
1898.083333	0.423881
1898.166667	0.423833
1898.250000	0.423783
1898.333333	0.423731
1898.416667	0.423677
1898.500000	0.423621
1898.583333	0.423563
1898.666667	0.350575
1898.750000	0.350695
1898.833333	0.350807
1898.916667	0.350911
1899.000000	0.351008
1899.083333	0.351097
1899.166667	0.351178
1899.250000	0.351251
1899.333333	0.351317
1899.416667	0.351375
1899.500000	0.351426
1899.583333	0.351469
1899.666667	-0.131847
1899.750000	-0.131697
1899.833333	-0.131533
1899.916667	-0.131357
1900.000000	-0.131168
1900.083333	-0.130966
1900.166667	-0.130752
1900.250000	-0.130525
1900.333333	-0.130285
1900.416667	-0.130032
1900.500000	-0.129766
1900.583333	-0.129488
1900.666667	0.424755
1900.750000	0.424752
1900.833333	0.424748
1900.916667	0.424743
1901.000000	0.424738
1901.083333	0.424733
1901.166667	0.424727
1901.250000	0.424721
1901.333333	0.424714
1901.416667	0.424707
1901.500000	0.424699
1901.583333	0.424690
1901.666667	-0.052037
1901.750000	-0.050614
1901.833333	-0.049179
1901.916667	-0.047733
1902.000000	-0.046276
1902.083333	-0.044807
1902.166667	-0.043327
1902.250000	-0.041836
1902.333333	-0.040333
1902.416667	-0.038820
1902.500000	-0.037296
1902.583333	-0.035760
1902.666667	-0.038891
1902.750000	-0.040307
1902.833333	-0.041715
1902.916667	-0.043113
1903.000000	-0.044503
1903.083333	-0.045884
1903.166667	-0.047256
1903.250000	-0.048619
1903.333333	-0.049973
1903.416667	-0.051317
1903.500000	-0.052652
1903.583333	-0.053978
1903.666667	-0.011898
1903.750000	-0.013458
1903.833333	-0.015011
1903.916667	-0.016557
1904.000000	-0.018096
1904.083333	-0.019627
1904.166667	-0.021150
1904.250000	-0.022666
1904.333333	-0.024173
1904.416667	-0.025673
1904.500000	-0.027165
1904.583333	-0.028649
1904.666667	-0.008889
1904.750000	-0.010464
1904.833333	-0.012030
1904.916667	-0.013590
1905.000000	-0.015143
1905.083333	-0.016688
1905.166667	-0.018226
1905.250000	-0.019756
1905.333333	-0.021279
1905.416667	-0.022794
1905.500000	-0.024301
1905.583333	-0.025800
1905.666667	-0.328229
1905.750000	-0.328131
1905.833333	-0.328024
1905.916667	-0.327909
1906.000000	-0.327784
1906.083333	-0.327651
1906.166667	-0.327509
1906.250000	-0.327358
1906.333333	-0.327199
1906.416667	-0.327030
1906.500000	-0.326852
1906.583333	-0.326666
1906.666667	0.289305
1906.750000	0.290428
1906.833333	0.291538
1906.916667	0.292637
1907.000000	0.293724
1907.083333	0.294799
1907.166667	0.295863
1907.250000	0.296916
1907.333333	0.297957
1907.416667	0.298986
1907.500000	0.300004
1907.583333	0.301010
1907.666667	-0.132014
1907.750000	-0.131879
1907.833333	-0.131731
1907.916667	-0.131570
1908.000000	-0.131397
1908.083333	-0.131211
1908.166667	-0.131012
1908.250000	-0.130800
1908.333333	-0.130576
1908.416667	-0.130339
1908.500000	-0.130089
1908.583333	-0.129826
1908.666667	0.011569
1908.750000	0.009914
1908.833333	0.008265
1908.916667	0.006622
1909.000000	0.004984
1909.083333	0.003353
1909.166667	0.001728
1909.250000	0.000110
1909.333333	-0.001502
1909.416667	-0.003108
1909.500000	-0.004707
1909.583333	-0.006299
1909.666667	-0.169617
1909.750000	-0.171027
1909.833333	-0.172443
1909.916667	-0.173863
1910.000000	-0.175288
1910.083333	-0.176719
1910.166667	-0.178153
1910.250000	-0.179593
1910.333333	-0.181037
1910.416667	-0.182485
1910.500000	-0.183937
1910.583333	-0.185394
1910.666667	0.010459
1910.750000	0.012397
1910.833333	0.014327
1910.916667	0.016247
1911.000000	0.018158
1911.083333	0.020060
1911.166667	0.021952
1911.250000	0.023834
1911.333333	0.025707
1911.416667	0.027570
1911.500000	0.029423
1911.583333	0.031266
1911.666667	0.304578
1911.750000	0.305532
1911.833333	0.306474
1911.916667	0.307406
1912.000000	0.308326
1912.083333	0.309235
1912.166667	0.310133
1912.250000	0.311020
1912.333333	0.311897
1912.416667	0.312762
1912.500000	0.313616
1912.583333	0.314460
1912.666667	-0.212919
1912.750000	-0.211289
1912.833333	-0.209648
1912.916667	-0.207995
1913.000000	-0.206330
1913.083333	-0.204654
1913.166667	-0.202966
1913.250000	-0.201266
1913.333333	-0.199555
1913.416667	-0.197832
1913.500000	-0.196098
1913.583333	-0.194352
1913.666667	-0.417330
1913.750000	-0.416964
1913.833333	-0.416590
1913.916667	-0.416207
1914.000000	-0.415814
1914.083333	-0.415412
1914.166667	-0.415000
1914.250000	-0.414580
1914.333333	-0.414150
1914.416667	-0.413711
1914.500000	-0.413262
1914.583333	-0.412804
1914.666667	-0.290512
1914.750000	-0.291625
1914.833333	-0.292742
1914.916667	-0.293865
1915.000000	-0.294993
1915.083333	-0.296125
1915.166667	-0.297262
1915.250000	-0.298404
1915.333333	-0.299549
1915.416667	-0.300699
1915.500000	-0.301852
1915.583333	-0.303010
1915.666667	-0.393158
1915.750000	-0.393481
1915.833333	-0.393807
1915.916667	-0.394136
1916.000000	-0.394469
1916.083333	-0.394806
1916.166667	-0.395146
1916.250000	-0.395489
1916.333333	-0.395835
1916.416667	-0.396185
1916.500000	-0.396537
1916.583333	-0.396892
1916.666667	-0.416972
1916.750000	-0.416669
1916.833333	-0.416363
1916.916667	-0.416053
1917.000000	-0.415739
1917.083333	-0.415421
1917.166667	-0.415100
1917.250000	-0.414776
1917.333333	-0.414449
1917.416667	-0.414118
1917.500000	-0.413785
1917.583333	-0.413448
1917.666667	-0.404140
1917.750000	-0.403964
1917.833333	-0.403782
1917.916667	-0.403595
1918.000000	-0.403403
1918.083333	-0.403205
1918.166667	-0.403002
1918.250000	-0.402794
1918.333333	-0.402580
1918.416667	-0.402360
1918.500000	-0.402135
1918.583333	-0.401904
1918.666667	-0.414302
1918.750000	-0.414119
1918.833333	-0.413939
1918.916667	-0.413760
1919.000000	-0.413583
1919.083333	-0.413408
1919.166667	-0.413235
1919.250000	-0.413065
1919.333333	-0.412897
1919.416667	-0.412731
1919.500000	-0.412568
1919.583333	-0.412408
1919.666667	-0.224420
1919.750000	-0.224410
1919.833333	-0.224413
1919.916667	-0.224429
1920.000000	-0.224458
1920.083333	-0.224499
1920.166667	-0.224553
1920.250000	-0.224620
1920.333333	-0.224699
1920.416667	-0.224792
1920.500000	-0.224896
1920.583333	-0.225014
1920.666667	-0.274316
1920.750000	-0.273356
1920.833333	-0.272401
1920.916667	-0.271453
1921.000000	-0.270512
1921.083333	-0.269577
1921.166667	-0.268648
1921.250000	-0.267727
1921.333333	-0.266812
1921.416667	-0.265905
1921.500000	-0.265004
1921.583333	-0.264111
1921.666667	-0.001020
1921.750000	-0.000619
1921.833333	-0.000234
1921.916667	0.000137
1922.000000	0.000493
1922.083333	0.000834
1922.166667	0.001160
1922.250000	0.001471
1922.333333	0.001767
1922.416667	0.002048
1922.500000	0.002314
1922.583333	0.002565
1922.666667	-0.012261
1922.750000	-0.011568
1922.833333	-0.010888
1922.916667	-0.010223
1923.000000	-0.009572
1923.083333	-0.008935
1923.166667	-0.008312
1923.250000	-0.007703
1923.333333	-0.007109
1923.416667	-0.006530
1923.500000	-0.005964
1923.583333	-0.005414
1923.666667	-0.403118
1923.750000	-0.402912
1923.833333	-0.402701
1923.916667	-0.402485
1924.000000	-0.402263
1924.083333	-0.402035
1924.166667	-0.401801
1924.250000	-0.401562
1924.333333	-0.401317
1924.416667	-0.401066
1924.500000	-0.400809
1924.583333	-0.400546
1924.666667	-0.262774
1924.750000	-0.261189
1924.833333	-0.259597
1924.916667	-0.258000
1925.000000	-0.256396
1925.083333	-0.254786
1925.166667	-0.253170
1925.250000	-0.251548
1925.333333	-0.249921
1925.416667	-0.248289
1925.500000	-0.246651
1925.583333	-0.245008
1925.666667	-0.100114
1925.750000	-0.098571
1925.833333	-0.097035
1925.916667	-0.095506
1926.000000	-0.093986
1926.083333	-0.092473
1926.166667	-0.090968
1926.250000	-0.089472
1926.333333	-0.087984
1926.416667	-0.086504
1926.500000	-0.085032
1926.583333	-0.083569
1926.666667	-0.315373
1926.750000	-0.314083
1926.833333	-0.312783
1926.916667	-0.311474
1927.000000	-0.310156
1927.083333	-0.308828
1927.166667	-0.307491
1927.250000	-0.306146
1927.333333	-0.304791
1927.416667	-0.303427
1927.500000	-0.302054
1927.583333	-0.300672
1927.666667	0.197082
1927.750000	0.196084
1927.833333	0.195071
1927.916667	0.194044
1928.000000	0.193003
1928.083333	0.191947
1928.166667	0.190876
1928.250000	0.189791
1928.333333	0.188692
1928.416667	0.187578
1928.500000	0.186450
1928.583333	0.185307
1928.666667	0.231857
1928.750000	0.231787
1928.833333	0.231703
1928.916667	0.231606
1929.000000	0.231495
1929.083333	0.231371
1929.166667	0.231234
1929.250000	0.231083
1929.333333	0.230919
1929.416667	0.230741
1929.500000	0.230550
1929.583333	0.230346
1929.666667	-0.247746
1929.750000	-0.246106
1929.833333	-0.244461
1929.916667	-0.242811
1930.000000	-0.241157
1930.083333	-0.239497
1930.166667	-0.237833
1930.250000	-0.236164
1930.333333	-0.234491
1930.416667	-0.232813
1930.500000	-0.231132
1930.583333	-0.229446
1930.666667	-0.333845
1930.750000	-0.332703
1930.833333	-0.331551
1930.916667	-0.330389
1931.000000	-0.329217
1931.083333	-0.328036
1931.166667	-0.326844
1931.250000	-0.325643
1931.333333	-0.324432
1931.416667	-0.323211
1931.500000	-0.321980
1931.583333	-0.320740
1931.666667	0.178713
1931.750000	0.177475
1931.833333	0.176223
1931.916667	0.174956
1932.000000	0.173675
1932.083333	0.172379
1932.166667	0.171069
1932.250000	0.169744
1932.333333	0.168405
1932.416667	0.167051
1932.500000	0.165683
1932.583333	0.164301
1932.666667	0.380014
1932.750000	0.380326
1932.833333	0.380630
1932.916667	0.380926
1933.000000	0.381215
1933.083333	0.381497
1933.166667	0.381771
1933.250000	0.382037
1933.333333	0.382296
1933.416667	0.382548
1933.500000	0.382792
1933.583333	0.383029
1933.666667	0.354070
1933.750000	0.353265
1933.833333	0.352448
1933.916667	0.351620
1934.000000	0.350779
1934.083333	0.349926
1934.166667	0.349061
1934.250000	0.348183
1934.333333	0.347293
1934.416667	0.346390
1934.500000	0.345475
1934.583333	0.344547
1934.666667	0.386812
1934.750000	0.386770
1934.833333	0.386722
1934.916667	0.386667
1935.000000	0.386605
1935.083333	0.386536
1935.166667	0.386461
1935.250000	0.386378
1935.333333	0.386289
1935.416667	0.386193
1935.500000	0.386089
1935.583333	0.385979
1935.666667	0.415440
1935.750000	0.415001
1935.833333	0.414550
1935.916667	0.414086
1936.000000	0.413610
1936.083333	0.413122
1936.166667	0.412621
1936.250000	0.412107
1936.333333	0.411580
1936.416667	0.411041
1936.500000	0.410488
1936.583333	0.409922
1936.666667	0.424005
1936.750000	0.424167
1936.833333	0.424314
1936.916667	0.424446
1937.000000	0.424563
1937.083333	0.424665
1937.166667	0.424752
1937.250000	0.424824
1937.333333	0.424880
1937.416667	0.424920
1937.500000	0.424945
1937.583333	0.424955
1937.666667	0.424825
1937.750000	0.424857
1937.833333	0.424884
1937.916667	0.424907
1938.000000	0.424926
1938.083333	0.424939
1938.166667	0.424949
1938.250000	0.424954
1938.333333	0.424954
1938.416667	0.424951
1938.500000	0.424944
1938.583333	0.424933
1938.666667	0.164824
1938.750000	0.162623
1938.833333	0.160423
1938.916667	0.158225
1939.000000	0.156029
1939.083333	0.153836
1939.166667	0.151646
1939.250000	0.149458
1939.333333	0.147273
1939.416667	0.145092
1939.500000	0.142914
1939.583333	0.140739
1939.666667	0.203833
1939.750000	0.202901
1939.833333	0.201981
1939.916667	0.201075
1940.000000	0.200182
1940.083333	0.199302
1940.166667	0.198436
1940.250000	0.197583
1940.333333	0.196743
1940.416667	0.195917
1940.500000	0.195105
1940.583333	0.194306
1940.666667	0.188459
1940.750000	0.187787
1940.833333	0.187129
1940.916667	0.186486
1941.000000	0.185858
1941.083333	0.185244
1941.166667	0.184645
1941.250000	0.184060
1941.333333	0.183491
1941.416667	0.182936
1941.500000	0.182396
1941.583333	0.181871
1941.666667	0.173133
1941.750000	0.173132
1941.833333	0.173147
1941.916667	0.173178
1942.000000	0.173224
1942.083333	0.173285
1942.166667	0.173362
1942.250000	0.173454
1942.333333	0.173561
1942.416667	0.173684
1942.500000	0.173822
1942.583333	0.173975
1942.666667	0.191654
1942.750000	0.190918
1942.833333	0.190196
1942.916667	0.189488
1943.000000	0.188794
1943.083333	0.188115
1943.166667	0.187450
1943.250000	0.186800
1943.333333	0.186164
1943.416667	0.185543
1943.500000	0.184937
1943.583333	0.184345
1943.666667	0.407717
1943.750000	0.407150
1943.833333	0.406576
1943.916667	0.405995
1944.000000	0.405407
1944.083333	0.404812
1944.166667	0.404210
1944.250000	0.403601
1944.333333	0.402986
1944.416667	0.402365
1944.500000	0.401737
1944.583333	0.401103
1944.666667	0.416195
1944.750000	0.416565
1944.833333	0.416927
1944.916667	0.417279
1945.000000	0.417621
1945.083333	0.417955
1945.166667	0.418279
1945.250000	0.418595
1945.333333	0.418901
1945.416667	0.419199
1945.500000	0.419488
1945.583333	0.419768
1945.666667	0.178707
1945.750000	0.179122
1945.833333	0.179552
1945.916667	0.179996
1946.000000	0.180455
1946.083333	0.180928
1946.166667	0.181415
1946.250000	0.181917
1946.333333	0.182432
1946.416667	0.182962
1946.500000	0.183505
1946.583333	0.184062
1946.666667	0.423015
1946.750000	0.422755
1946.833333	0.422478
1946.916667	0.422184
1947.000000	0.421874
1947.083333	0.421547
1947.166667	0.421203
1947.250000	0.420843
1947.333333	0.420466
1947.416667	0.420073
1947.500000	0.419662
1947.583333	0.419236
1947.666667	0.327916
1947.750000	0.328250
1947.833333	0.328594
1947.916667	0.328949
1948.000000	0.329314
1948.083333	0.329689
1948.166667	0.330074
1948.250000	0.330469
1948.333333	0.330875
1948.416667	0.331290
1948.500000	0.331715
1948.583333	0.332150
1948.666667	0.313575
1948.750000	0.314771
1948.833333	0.315957
1948.916667	0.317131
1949.000000	0.318295
1949.083333	0.319448
1949.166667	0.320590
1949.250000	0.321721
1949.333333	0.322841
1949.416667	0.323950
1949.500000	0.325048
1949.583333	0.326135
1949.666667	0.144939
1949.750000	0.142762
1949.833333	0.140588
1949.916667	0.138417
1950.000000	0.136251
1950.083333	0.134090
1950.166667	0.131932
1950.250000	0.129780
1950.333333	0.127632
1950.416667	0.125490
1950.500000	0.123353
1950.583333	0.121221
1950.666667	0.108689
1950.750000	0.106600
1950.833333	0.104519
1950.916667	0.102445
1951.000000	0.100378
1951.083333	0.098319
1951.166667	0.096268
1951.250000	0.094224
1951.333333	0.092188
1951.416667	0.090161
1951.500000	0.088142
1951.583333	0.086132
1951.666667	0.420807
1951.750000	0.420824
1951.833333	0.420842
1951.916667	0.420862
1952.000000	0.420885
1952.083333	0.420911
1952.166667	0.420938
1952.250000	0.420968
1952.333333	0.420999
1952.416667	0.421033
1952.500000	0.421069
1952.583333	0.421107
1952.666667	0.386906
1952.750000	0.386916
1952.833333	0.386919
1952.916667	0.386916
1953.000000	0.386905
1953.083333	0.386888
1953.166667	0.386865
1953.250000	0.386834
1953.333333	0.386797
1953.416667	0.386753
1953.500000	0.386702
1953.583333	0.386644
1953.666667	0.421249
1953.750000	0.421296
1953.833333	0.421345
1953.916667	0.421395
1954.000000	0.421448
1954.083333	0.421502
1954.166667	0.421558
1954.250000	0.421615
1954.333333	0.421674
1954.416667	0.421735
1954.500000	0.421797
1954.583333	0.421860
1954.666667	0.323534
1954.750000	0.324829
1954.833333	0.326119
1954.916667	0.327405
1955.000000	0.328687
1955.083333	0.329964
1955.166667	0.331237
1955.250000	0.332504
1955.333333	0.333766
1955.416667	0.335024
1955.500000	0.336275
1955.583333	0.337522
1955.666667	0.248535
1955.750000	0.247196
1955.833333	0.245866
1955.916667	0.244542
1956.000000	0.243228
1956.083333	0.241921
1956.166667	0.240623
1956.250000	0.239333
1956.333333	0.238052
1956.416667	0.236780
1956.500000	0.235517
1956.583333	0.234263
1956.666667	0.351348
1956.750000	0.349893
1956.833333	0.348423
1956.916667	0.346938
1957.000000	0.345438
1957.083333	0.343923
1957.166667	0.342394
1957.250000	0.340850
1957.333333	0.339292
1957.416667	0.337720
1957.500000	0.336134
1957.583333	0.334533
1957.666667	0.420763
1957.750000	0.420768
1957.833333	0.420775
1957.916667	0.420784
1958.000000	0.420796
1958.083333	0.420810
1958.166667	0.420827
1958.250000	0.420846
1958.333333	0.420867
1958.416667	0.420890
1958.500000	0.420916
1958.583333	0.420943
1958.666667	0.424855
1958.750000	0.424883
1958.833333	0.424906
1958.916667	0.424924
1959.000000	0.424938
1959.083333	0.424948
1959.166667	0.424953
1959.250000	0.424955
1959.333333	0.424952
1959.416667	0.424945
1959.500000	0.424934
1959.583333	0.424920
1959.666667	0.424626
1959.750000	0.424671
1959.833333	0.424713
1959.916667	0.424753
1960.000000	0.424789
1960.083333	0.424822
1960.166667	0.424852
1960.250000	0.424878
1960.333333	0.424901
1960.416667	0.424920
1960.500000	0.424935
1960.583333	0.424946
1960.666667	0.416241
1960.750000	0.415825
1960.833333	0.415397
1960.916667	0.414957
1961.000000	0.414504
1961.083333	0.414040
1961.166667	0.413562
1961.250000	0.413073
1961.333333	0.412570
1961.416667	0.412055
1961.500000	0.411527
1961.583333	0.410986
1961.666667	0.332865
1961.750000	0.331236
1961.833333	0.329593
1961.916667	0.327937
1962.000000	0.326266
1962.083333	0.324583
1962.166667	0.322885
1962.250000	0.321175
1962.333333	0.319451
1962.416667	0.317715
1962.500000	0.315965
1962.583333	0.314203
1962.666667	0.422762
1962.750000	0.422579
1962.833333	0.422387
1962.916667	0.422186
1963.000000	0.421976
1963.083333	0.421757
1963.166667	0.421528
1963.250000	0.421290
1963.333333	0.421043
1963.416667	0.420785
1963.500000	0.420518
1963.583333	0.420241
1963.666667	-0.053664
1963.750000	-0.053130
1963.833333	-0.052581
1963.916667	-0.052017
1964.000000	-0.051437
1964.083333	-0.050842
1964.166667	-0.050231
1964.250000	-0.049605
1964.333333	-0.048964
1964.416667	-0.048307
1964.500000	-0.047635
1964.583333	-0.046948
1964.666667	0.214309
1964.750000	0.216094
1964.833333	0.217872
1964.916667	0.219645
1965.000000	0.221411
1965.083333	0.223171
1965.166667	0.224925
1965.250000	0.226672
1965.333333	0.228413
1965.416667	0.230146
1965.500000	0.231873
1965.583333	0.233593
1965.666667	0.304367
1965.750000	0.305644
1965.833333	0.306910
1965.916667	0.308165
1966.000000	0.309409
1966.083333	0.310643
1966.166667	0.311865
1966.250000	0.313077
1966.333333	0.314278
1966.416667	0.315468
1966.500000	0.316647
1966.583333	0.317816
1966.666667	-0.049098
1966.750000	-0.048445
1966.833333	-0.047777
1966.916667	-0.047093
1967.000000	-0.046394
1967.083333	-0.045680
1967.166667	-0.044951
1967.250000	-0.044207
1967.333333	-0.043448
1967.416667	-0.042674
1967.500000	-0.041885
1967.583333	-0.041081
1967.666667	0.066141
1967.750000	0.068031
1967.833333	0.069914
1967.916667	0.071791
1968.000000	0.073661
1968.083333	0.075523
1968.166667	0.077379
1968.250000	0.079227
1968.333333	0.081068
1968.416667	0.082901
1968.500000	0.084726
1968.583333	0.086544
1968.666667	-0.379023
1968.750000	-0.379695
1968.833333	-0.380356
1968.916667	-0.381006
1969.000000	-0.381646
1969.083333	-0.382275
1969.166667	-0.382894
1969.250000	-0.383503
1969.333333	-0.384102
1969.416667	-0.384691
1969.500000	-0.385270
1969.583333	-0.385840
1969.666667	-0.347015
1969.750000	-0.345996
1969.833333	-0.344967
1969.916667	-0.343928
1970.000000	-0.342880
1970.083333	-0.341820
1970.166667	-0.340751
1970.250000	-0.339672
1970.333333	-0.338583
1970.416667	-0.337483
1970.500000	-0.336374
1970.583333	-0.335255
1970.666667	-0.216644
1970.750000	-0.214930
1970.833333	-0.213213
1970.916667	-0.211494
1971.000000	-0.209773
1971.083333	-0.208049
1971.166667	-0.206324
1971.250000	-0.204596
1971.333333	-0.202867
1971.416667	-0.201136
1971.500000	-0.199404
1971.583333	-0.197670
1971.666667	-0.278584
1971.750000	-0.277598
1971.833333	-0.276618
1971.916667	-0.275643
1972.000000	-0.274674
1972.083333	-0.273711
1972.166667	-0.272755
1972.250000	-0.271804
1972.333333	-0.270860
1972.416667	-0.269923
1972.500000	-0.268992
1972.583333	-0.268068
1972.666667	-0.400748
1972.750000	-0.400083
1972.833333	-0.399409
1972.916667	-0.398727
1973.000000	-0.398035
1973.083333	-0.397335
1973.166667	-0.396626
1973.250000	-0.395908
1973.333333	-0.395182
1973.416667	-0.394447
1973.500000	-0.393704
1973.583333	-0.392952
1973.666667	-0.165727
1973.750000	-0.167654
1973.833333	-0.169586
1973.916667	-0.171522
1974.000000	-0.173461
1974.083333	-0.175404
1974.166667	-0.177351
1974.250000	-0.179301
1974.333333	-0.181254
1974.416667	-0.183209
1974.500000	-0.185168
1974.583333	-0.187129
1974.666667	-0.423348
1974.750000	-0.423470
1974.833333	-0.423587
1974.916667	-0.423700
1975.000000	-0.423809
1975.083333	-0.423914
1975.166667	-0.424015
1975.250000	-0.424111
1975.333333	-0.424202
1975.416667	-0.424289
1975.500000	-0.424370
1975.583333	-0.424447
1975.666667	-0.422617
1975.750000	-0.422355
1975.833333	-0.422080
1975.916667	-0.421792
1976.000000	-0.421491
1976.083333	-0.421176
1976.166667	-0.420848
1976.250000	-0.420507
1976.333333	-0.420153
1976.416667	-0.419787
1976.500000	-0.419407
1976.583333	-0.419015
1976.666667	-0.417787
1976.750000	-0.417346
1976.833333	-0.416894
1976.916667	-0.416429
1977.000000	-0.415952
1977.083333	-0.415463
1977.166667	-0.414963
1977.250000	-0.414451
1977.333333	-0.413928
1977.416667	-0.413393
1977.500000	-0.412847
1977.583333	-0.412290
1977.666667	-0.403636
1977.750000	-0.403012
1977.833333	-0.402378
1977.916667	-0.401736
1978.000000	-0.401085
1978.083333	-0.400424
1978.166667	-0.399755
1978.250000	-0.399077
1978.333333	-0.398390
1978.416667	-0.397694
1978.500000	-0.396990
1978.583333	-0.396277
1978.666667	-0.364863
1978.750000	-0.365719
1978.833333	-0.366573
1978.916667	-0.367425
1979.000000	-0.368274
1979.083333	-0.369121
1979.166667	-0.369965
1979.250000	-0.370807
1979.333333	-0.371646
1979.416667	-0.372482
1979.500000	-0.373315
1979.583333	-0.374145
1979.666667	-0.300889
1979.750000	-0.300282
1979.833333	-0.299684
1979.916667	-0.299095
1980.000000	-0.298515
1980.083333	-0.297945
1980.166667	-0.297383
1980.250000	-0.296831
1980.333333	-0.296288
1980.416667	-0.295755
1980.500000	-0.295232
1980.583333	-0.294718
1980.666667	-0.377377
1980.750000	-0.376244
1980.833333	-0.375098
1980.916667	-0.373940
1981.000000	-0.372769
1981.083333	-0.371586
1981.166667	-0.370392
1981.250000	-0.369185
1981.333333	-0.367966
1981.416667	-0.366735
1981.500000	-0.365493
1981.583333	-0.364239
1981.666667	-0.339504
1981.750000	-0.340361
1981.833333	-0.341220
1981.916667	-0.342080
1982.000000	-0.342943
1982.083333	-0.343806
1982.166667	-0.344671
1982.250000	-0.345537
1982.333333	-0.346404
1982.416667	-0.347272
1982.500000	-0.348141
1982.583333	-0.349011
1982.666667	-0.403434
1982.750000	-0.403821
1982.833333	-0.404209
1982.916667	-0.404597
1983.000000	-0.404986
1983.083333	-0.405375
1983.166667	-0.405764
1983.250000	-0.406153
1983.333333	-0.406542
1983.416667	-0.406930
1983.500000	-0.407318
1983.583333	-0.407706
1983.666667	-0.393516
1983.750000	-0.393203
1983.833333	-0.392893
1983.916667	-0.392587
1984.000000	-0.392284
1984.083333	-0.391984
1984.166667	-0.391689
1984.250000	-0.391397
1984.333333	-0.391109
1984.416667	-0.390826
1984.500000	-0.390546
1984.583333	-0.390270
1984.666667	-0.270591
1984.750000	-0.268754
1984.833333	-0.266906
1984.916667	-0.265048
1985.000000	-0.263180
1985.083333	-0.261301
1985.166667	-0.259413
1985.250000	-0.257515
1985.333333	-0.255606
1985.416667	-0.253689
1985.500000	-0.251761
1985.583333	-0.249825
1985.666667	-0.401942
1985.750000	-0.402326
1985.833333	-0.402711
1985.916667	-0.403096
1986.000000	-0.403483
1986.083333	-0.403871
1986.166667	-0.404259
1986.250000	-0.404647
1986.333333	-0.405036
1986.416667	-0.405425
1986.500000	-0.405814
1986.583333	-0.406203
1986.666667	-0.112647
1986.750000	-0.111559
1986.833333	-0.110483
1986.916667	-0.109419
1987.000000	-0.108367
1987.083333	-0.107327
1987.166667	-0.106300
1987.250000	-0.105285
1987.333333	-0.104283
1987.416667	-0.103293
1987.500000	-0.102315
1987.583333	-0.101351
1987.666667	-0.381444
1987.750000	-0.382188
1987.833333	-0.382922
1987.916667	-0.383648
1988.000000	-0.384365
1988.083333	-0.385073
1988.166667	-0.385772
1988.250000	-0.386463
1988.333333	-0.387144
1988.416667	-0.387817
1988.500000	-0.388482
1988.583333	-0.389137
1988.666667	-0.129463
1988.750000	-0.129170
1988.833333	-0.128865
1988.916667	-0.128547
1989.000000	-0.128216
1989.083333	-0.127873
1989.166667	-0.127517
1989.250000	-0.127147
1989.333333	-0.126765
1989.416667	-0.126370
1989.500000	-0.125962
1989.583333	-0.125542
1989.666667	0.305626
1989.750000	0.306567
1989.833333	0.307498
1989.916667	0.308417
1990.000000	0.309325
1990.083333	0.310222
1990.166667	0.311108
1990.250000	0.311983
1990.333333	0.312847
1990.416667	0.313701
1990.500000	0.314543
1990.583333	0.315375
1990.666667	-0.125680
1990.750000	-0.126090
1990.833333	-0.126488
1990.916667	-0.126874
1991.000000	-0.127247
1991.083333	-0.127608
1991.166667	-0.127957
1991.250000	-0.128293
1991.333333	-0.128617
1991.416667	-0.128929
1991.500000	-0.129228
1991.583333	-0.129515
1991.666667	0.073206
1991.750000	0.071416
1991.833333	0.069628
1991.916667	0.067841
1992.000000	0.066056
1992.083333	0.064274
1992.166667	0.062494
1992.250000	0.060716
1992.333333	0.058941
1992.416667	0.057168
1992.500000	0.055399
1992.583333	0.053632
1992.666667	0.105204
1992.750000	0.105124
1992.833333	0.105056
1992.916667	0.105001
1993.000000	0.104958
1993.083333	0.104928
1993.166667	0.104910
1993.250000	0.104904
1993.333333	0.104911
1993.416667	0.104931
1993.500000	0.104963
1993.583333	0.105008
1993.666667	0.275969
1993.750000	0.274626
1993.833333	0.273282
1993.916667	0.271935
1994.000000	0.270587
1994.083333	0.269237
1994.166667	0.267885
1994.250000	0.266533
1994.333333	0.265179
1994.416667	0.263824
1994.500000	0.262467
1994.583333	0.261110
1994.666667	0.412466
1994.750000	0.412061
1994.833333	0.411653
1994.916667	0.411240
1995.000000	0.410823
1995.083333	0.410403
1995.166667	0.409979
1995.250000	0.409552
1995.333333	0.409122
1995.416667	0.408688
1995.500000	0.408251
1995.583333	0.407812
1995.666667	0.424724
1995.750000	0.424731
1995.833333	0.424736
1995.916667	0.424741
1996.000000	0.424746
1996.083333	0.424750
1996.166667	0.424754
1996.250000	0.424757
1996.333333	0.424760
1996.416667	0.424763
1996.500000	0.424765
1996.583333	0.424766
1996.666667	0.257023
1996.750000	0.255664
1996.833333	0.254304
1996.916667	0.252944
1997.000000	0.251584
1997.083333	0.250224
1997.166667	0.248865
1997.250000	0.247505
1997.333333	0.246146
1997.416667	0.244788
1997.500000	0.243430
1997.583333	0.242073
1997.666667	0.391794
1997.750000	0.392235
1997.833333	0.392677
1997.916667	0.393120
1998.000000	0.393563
1998.083333	0.394007
1998.166667	0.394451
1998.250000	0.394895
1998.333333	0.395340
1998.416667	0.395785
1998.500000	0.396229
1998.583333	0.396674
1998.666667	0.392632
1998.750000	0.391938
1998.833333	0.391240
1998.916667	0.390538
1999.000000	0.389833
1999.083333	0.389124
1999.166667	0.388413
1999.250000	0.387697
1999.333333	0.386979
1999.416667	0.386258
1999.500000	0.385535
1999.583333	0.384808
1999.666667	0.367545
1999.750000	0.368687
1999.833333	0.369819
1999.916667	0.370941
2000.000000	0.372054
2000.083333	0.373156
2000.166667	0.374248
2000.250000	0.375330
2000.333333	0.376402
2000.416667	0.377463
2000.500000	0.378514
2000.583333	0.379554
2000.666667	0.125233
2000.750000	0.125942
2000.833333	0.126662
2000.916667	0.127395
2001.000000	0.128138
2001.083333	0.128894
2001.166667	0.129660
2001.250000	0.130438
2001.333333	0.131228
2001.416667	0.132028
2001.500000	0.132840
2001.583333	0.133663
2001.666667	0.417811
2001.750000	0.418105
2001.833333	0.418394
2001.916667	0.418678
2002.000000	0.418956
2002.083333	0.419229
2002.166667	0.419496
2002.250000	0.419758
2002.333333	0.420014
2002.416667	0.420264
2002.500000	0.420509
2002.583333	0.420748
2002.666667	0.291585
2002.750000	0.292795
2002.833333	0.294006
2002.916667	0.295220
2003.000000	0.296436
2003.083333	0.297653
2003.166667	0.298872
2003.250000	0.300092
2003.333333	0.301314
2003.416667	0.302537
2003.500000	0.303761
2003.583333	0.304986
2003.666667	0.417807
2003.750000	0.418101
2003.833333	0.418390
2003.916667	0.418674
2004.000000	0.418952
2004.083333	0.419225
2004.166667	0.419492
2004.250000	0.419754
2004.333333	0.420010
2004.416667	0.420261
2004.500000	0.420505
2004.583333	0.420744
2004.666667	0.402065
2004.750000	0.401554
2004.833333	0.401036
2004.916667	0.400511
2005.000000	0.399978
2005.083333	0.399437
2005.166667	0.398888
2005.250000	0.398331
2005.333333	0.397767
2005.416667	0.397195
2005.500000	0.396615
2005.583333	0.396027
2005.666667	0.424463
2005.750000	0.424441
2005.833333	0.424418
2005.916667	0.424394
2006.000000	0.424368
2006.083333	0.424342
2006.166667	0.424314
2006.250000	0.424285
2006.333333	0.424254
2006.416667	0.424222
2006.500000	0.424188
2006.583333	0.424153
2006.666667	0.387209
2006.750000	0.387637
2006.833333	0.388066
2006.916667	0.388497
2007.000000	0.388930
2007.083333	0.389364
2007.166667	0.389799
2007.250000	0.390236
2007.333333	0.390674
2007.416667	0.391113
2007.500000	0.391553
2007.583333	0.391993
2007.666667	0.378622
2007.750000	0.379607
2007.833333	0.380583
2007.916667	0.381551
2008.000000	0.382511
2008.083333	0.383463
2008.166667	0.384406
2008.250000	0.385340
2008.333333	0.386265
2008.416667	0.387182
2008.500000	0.388089
2008.583333	0.388987
2008.666667	0.377921
2008.750000	0.377235
2008.833333	0.376548
2008.916667	0.375859
2009.000000	0.375169
2009.083333	0.374478
2009.166667	0.373785
2009.250000	0.373092
2009.333333	0.372398
2009.416667	0.371702
2009.500000	0.371007
2009.583333	0.370310
2009.666667	0.407021
2009.750000	0.406517
2009.833333	0.406007
2009.916667	0.405492
2010.000000	0.404971
2010.083333	0.404445
2010.166667	0.403913
2010.250000	0.403376
2010.333333	0.402833
2010.416667	0.402285
2010.500000	0.401732
2010.583333	0.401173
2010.666667	0.388096
2010.750000	0.387346
2010.833333	0.386588
2010.916667	0.385822
2011.000000	0.385050
2011.083333	0.384269
2011.166667	0.383482
2011.250000	0.382687
2011.333333	0.381885
2011.416667	0.381076
2011.500000	0.380260
2011.583333	0.379437
2011.666667	0.419663
2011.750000	0.419574
2011.833333	0.419486
2011.916667	0.419399
2012.000000	0.419314
2012.083333	0.419231
2012.166667	0.419149
2012.250000	0.419068
2012.333333	0.418989
2012.416667	0.418912
2012.500000	0.418836
2012.583333	0.418763
2012.666667	0.391238
2012.750000	0.390520
2012.833333	0.389795
2012.916667	0.389062
2013.000000	0.388321
2013.083333	0.387573
2013.166667	0.386817
2013.250000	0.386054
2013.333333	0.385283
2013.416667	0.384505
2013.500000	0.383720
2013.583333	0.382927
2013.666667	0.377727
2013.750000	0.376882
2013.833333	0.376031
2013.916667	0.375173
2014.000000	0.374308
2014.083333	0.373437
2014.166667	0.372559
2014.250000	0.371674
2014.333333	0.370784
2014.416667	0.369886
2014.500000	0.368983
2014.583333	0.368073
2014.666667	0.422214
2014.750000	0.422311
2014.833333	0.422408
2014.916667	0.422505
2015.000000	0.422601
2015.083333	0.422696
2015.166667	0.422790
2015.250000	0.422883
2015.333333	0.422975
2015.416667	0.423066
2015.500000	0.423156
2015.583333	0.423245
2015.666667	0.408194
2015.750000	0.407636
2015.833333	0.407071
2015.916667	0.406499
2016.000000	0.405921
2016.083333	0.405336
2016.166667	0.404744
2016.250000	0.404146
2016.333333	0.403542
2016.416667	0.402931
2016.500000	0.402315
2016.583333	0.401692
2016.666667	0.411083
2016.750000	0.410636
2016.833333	0.410181
2016.916667	0.409719
2017.000000	0.409249
2017.083333	0.408770
2017.166667	0.408284
2017.250000	0.407790
2017.333333	0.407287
2017.416667	0.406777
2017.500000	0.406259
2017.583333	0.405732
2017.666667	0.424160
2017.750000	0.424088
2017.833333	0.424013
2017.916667	0.423937
2018.000000	0.423858
2018.083333	0.423777
2018.166667	0.423694
2018.250000	0.423609
2018.333333	0.423523
2018.416667	0.423435
2018.500000	0.423345
2018.583333	0.423254
2018.666667	0.417513
2018.750000	0.417519
2018.833333	0.417528
2018.916667	0.417538
2019.000000	0.417552
2019.083333	0.417567
2019.166667	0.417585
2019.250000	0.417606
2019.333333	0.417628
2019.416667	0.417653
2019.500000	0.417681
2019.583333	0.417710
2019.666667	0.406318
2019.750000	0.405867
2019.833333	0.405414
2019.916667	0.404959
2020.000000	0.404501
2020.083333	0.404042
2020.166667	0.403581
2020.250000	0.403119
2020.333333	0.402655
2020.416667	0.402190
2020.500000	0.401723
2020.583333	0.401255
2020.666667	0.422331
2020.750000	0.422083
2020.833333	0.421825
2020.916667	0.421557
2021.000000	0.421278
2021.083333	0.420989
2021.166667	0.420689
2021.250000	0.420379
2021.333333	0.420060
2021.416667	0.419730
2021.500000	0.419390
2021.583333	0.419041
2021.666667	0.413610
2021.750000	0.414050
2021.833333	0.414480
2021.916667	0.414900
2022.000000	0.415310
2022.083333	0.415709
