1856.000000	-0.199180
1856.083333	-0.206850
1856.166667	-0.219569
1856.250000	0.054054
1856.333333	0.044522
1856.416667	-0.155818
1856.500000	-0.103087
1856.583333	-0.207304
1856.666667	-0.340143
1856.750000	-0.294166
1856.833333	-0.051351
1856.916667	-0.006097
1857.000000	-0.112895
1857.083333	-0.065213
1857.166667	0.064024
1857.250000	-0.015559
1857.333333	-0.228835
1857.416667	-0.506412
1857.500000	-0.765258
1857.583333	-0.771633
1857.666667	-0.670287
1857.750000	-0.415017
1857.833333	-0.145009
1857.916667	0.096320
1858.000000	0.217800
1858.083333	0.192479
1858.166667	0.222788
1858.250000	0.331015
1858.333333	0.364905
1858.416667	0.448415
1858.500000	0.413915
1858.583333	0.359883
1858.666667	0.239347
1858.750000	0.313035
1858.833333	0.594999
1858.916667	0.427856
1859.000000	0.479916
1859.083333	0.209261
1859.166667	-0.057661
1859.250000	-0.244810
1859.333333	-0.235741
1859.416667	-0.346263
1859.500000	-0.424877
1859.583333	-0.469502
1859.666667	-0.385079
1859.750000	-0.331180
1859.833333	-0.128742
1859.916667	0.116347
1860.000000	0.195216
1860.083333	-0.020286
1860.166667	-0.223018
1860.250000	-0.194938
1860.333333	-0.371532
1860.416667	-0.633158
1860.500000	-0.504955
1860.583333	-0.407800
1860.666667	-0.600089
1860.750000	-0.493750
1860.833333	-0.236338
1860.916667	-0.424589
1861.000000	-0.092722
1861.083333	0.024828
1861.166667	0.153115
1861.250000	0.160303
1861.333333	0.093358
1861.416667	0.017154
1861.500000	-0.178569
1861.583333	-0.119926
1861.666667	-0.072834
1861.750000	-0.240552
1861.833333	-0.549637
1861.916667	-0.763015
1862.000000	-0.563195
1862.083333	-0.537860
1862.166667	-0.343651
1862.250000	-0.344122
1862.333333	-0.039912
1862.416667	-0.263157
1862.500000	-0.297090
1862.583333	-0.320700
1862.666667	-0.324576
1862.750000	-0.487581
1862.833333	-0.410504
1862.916667	-0.422130
1863.000000	-0.003438
1863.083333	-0.101012
1863.166667	-0.540019
1863.250000	-0.503732
1863.333333	-0.566648
1863.416667	-0.505016
1863.500000	-0.254120
1863.583333	-0.165237
1863.666667	-0.079478
1863.750000	-0.034991
1863.833333	0.215703
1863.916667	0.060239
1864.000000	-0.235797
1864.083333	-0.781222
1864.166667	-0.842996
1864.250000	-0.980251
1864.333333	-0.668963
1864.416667	-0.622365
1864.500000	-0.651788
1864.583333	-0.605946
1864.666667	-0.638975
1864.750000	-0.607835
1864.833333	-0.611665
1864.916667	-0.332029
1865.000000	-0.344238
1865.083333	-0.654628
1865.166667	-0.414970
1865.250000	-0.439029
1865.333333	-0.401880
1865.416667	-0.632006
1865.500000	-0.543694
1865.583333	-0.847973
1865.666667	-0.993189
1865.750000	-0.690359
1865.833333	-0.426533
1865.916667	-0.322342
1866.000000	-0.268775
1866.083333	-0.602620
1866.166667	-0.856112
1866.250000	-0.597733
1866.333333	-0.686802
1866.416667	-0.725694
1866.500000	-0.645848
1866.583333	-0.443163
1866.666667	-0.582832
1866.750000	-0.469523
1866.833333	-0.612459
1866.916667	-0.790830
1867.000000	-0.916334
1867.083333	-0.859642
1867.166667	-0.563228
1867.250000	-0.621018
1867.333333	-1.029230
1867.416667	-0.908198
1867.500000	-1.043936
1867.583333	-1.106312
1867.666667	-0.711113
1867.750000	-0.023129
1867.833333	0.398934
1867.916667	0.138183
1868.000000	-0.140873
1868.083333	-0.427627
1868.166667	-0.421289
1868.250000	-1.221219
1868.333333	-1.046183
1868.416667	-1.158791
1868.500000	-1.285854
1868.583333	-1.226264
1868.666667	-1.034314
1868.750000	-0.821296
1868.833333	-0.781007
1868.916667	-1.014704
1869.000000	-1.047420
1869.083333	-0.615245
1869.166667	-0.507797
1869.250000	-0.443494
1869.333333	-0.565552
1869.416667	-0.624624
1869.500000	-0.646458
1869.583333	-0.584123
1869.666667	-0.315578
1869.750000	-0.461704
1869.833333	-0.660938
1869.916667	-0.792195
1870.000000	-0.467523
1870.083333	-0.218407
1870.166667	-0.129554
1870.250000	-0.233845
1870.333333	-0.414436
1870.416667	-0.767706
1870.500000	-1.062325
1870.583333	-0.762027
1870.666667	-0.766156
1870.750000	-0.687231
1870.833333	-0.790243
1870.916667	-0.742225
1871.000000	-0.454578
1871.083333	-0.204115
1871.166667	-0.088026
1871.250000	-0.707919
1871.333333	-0.668857
1871.416667	-0.555947
1871.500000	-0.582820
1871.583333	-0.488244
1871.666667	-0.369567
1871.750000	-0.446239
1871.833333	-0.199273
1871.916667	-0.327461
1872.000000	-0.506519
1872.083333	-0.711889
1872.166667	-0.530766
1872.250000	-0.491619
1872.333333	-0.384423
1872.416667	-0.341305
1872.500000	-0.367794
1872.583333	-0.444581
1872.666667	-0.597645
1872.750000	-0.634175
1872.833333	-0.842769
1872.916667	-0.893971
1873.000000	-0.795090
1873.083333	-1.023225
1873.166667	-0.774101
1873.250000	-0.486177
1873.333333	-0.694273
1873.416667	-1.184540
1873.500000	-0.932324
1873.583333	-0.993311
1873.666667	-0.842113
1873.750000	-0.642487
1873.833333	-0.471545
1873.916667	-0.857730
1874.000000	-0.705708
1874.083333	-0.701272
1874.166667	-0.972435
1874.250000	-1.105922
1874.333333	-1.012565
1874.416667	-1.069784
1874.500000	-0.964732
1874.583333	-0.609276
1874.666667	-0.628365
1874.750000	-0.970222
1874.833333	-1.076787
1874.916667	-1.691699
1875.000000	-1.291110
1875.083333	-0.627517
1875.166667	-0.509673
1875.250000	-0.456566
1875.333333	-0.328279
1875.416667	-0.381632
1875.500000	-0.494929
1875.583333	-0.419127
1875.666667	-0.507036
1875.750000	-0.729566
1875.833333	-0.690771
1875.916667	-0.467220
1876.000000	-0.514952
1876.083333	-0.825002
1876.166667	-0.632586
1876.250000	-0.710833
1876.333333	-0.884106
1876.416667	-1.007543
1876.500000	-0.718339
1876.583333	-0.518114
1876.666667	-0.343846
1876.750000	-0.318872
1876.833333	-0.691873
1876.916667	-0.854705
1877.000000	-0.369569
1877.083333	-0.095254
1877.166667	-0.078221
1877.250000	-0.167103
1877.333333	-0.343036
1877.416667	-0.627557
1877.500000	-0.457064
1877.583333	-0.188591
1877.666667	-0.217434
1877.750000	-0.202608
1877.833333	0.022856
1877.916667	-0.138284
1878.000000	-0.378639
1878.083333	-0.265409
1878.166667	-0.034944
1878.250000	-0.237960
1878.333333	-0.674200
1878.416667	-1.014626
1878.500000	-0.798008
1878.583333	-0.852100
1878.666667	-0.516318
1878.750000	-0.561043
1878.833333	-0.726477
1878.916667	-0.501066
1879.000000	-0.219538
1879.083333	-0.019367
1879.166667	0.189506
1879.250000	-0.135235
1879.333333	-0.170120
1879.416667	-0.211125
1879.500000	-0.329807
1879.583333	0.170396
1879.666667	0.024608
1879.750000	-0.062870
1879.833333	-0.103194
1879.916667	-0.596668
1880.000000	-0.484516
1880.083333	-0.483509
1880.166667	-0.708857
1880.250000	-0.720838
1880.333333	-0.758539
1880.416667	-0.551982
1880.500000	-0.640705
1880.583333	-0.349723
1880.666667	-0.391306
1880.750000	-0.483116
1880.833333	-0.509295
1880.916667	0.042344
1881.000000	0.042838
1881.083333	-0.227704
1881.166667	-0.325675
1881.250000	-0.411937
1881.333333	-0.650313
1881.416667	-0.512920
1881.500000	-0.415266
1881.583333	-0.336406
1881.666667	-0.220046
1881.750000	-0.421000
1881.833333	-0.619738
1881.916667	-0.874010
1882.000000	-0.610625
1882.083333	-0.410903
1882.166667	-0.766448
1882.250000	-0.764269
1882.333333	-0.733990
1882.416667	-0.843086
1882.500000	-0.301266
1882.583333	-0.328370
1882.666667	-0.730803
1882.750000	-0.840177
1882.833333	-0.739764
1882.916667	-0.858083
1883.000000	-0.415806
1883.083333	-0.412547
1883.166667	-0.316252
1883.250000	-0.566809
1883.333333	-0.530838
1883.416667	-0.491514
1883.500000	-0.201662
1883.583333	-0.244489
1883.666667	-0.374714
1883.750000	-0.337173
1883.833333	-0.233492
1883.916667	-0.248356
1884.000000	-0.513330
1884.083333	-0.743433
1884.166667	-0.249473
1884.250000	-0.514235
1884.333333	-0.881032
1884.416667	-0.801801
1884.500000	-0.360844
1884.583333	-0.180419
1884.666667	-0.002828
1884.750000	-0.109299
1884.833333	-0.078087
1884.916667	-0.264511
1885.000000	-0.345974
1885.083333	-0.181042
1885.166667	-0.351884
1885.250000	-0.343104
1885.333333	-0.508126
1885.416667	-0.621221
1885.500000	-0.419406
1885.583333	-0.496300
1885.666667	-0.190049
1885.750000	0.016481
1885.833333	0.068992
1885.916667	0.291625
1886.000000	0.320410
1886.083333	0.064663
1886.166667	-0.118163
1886.250000	-0.068083
1886.333333	0.086279
1886.416667	-0.177447
1886.500000	-0.199800
1886.583333	-0.167258
1886.666667	-0.129297
1886.750000	-0.376925
1886.833333	-0.424758
1886.916667	-0.619789
1887.000000	-0.638770
1887.083333	-0.873173
1887.166667	-0.869969
1887.250000	-0.817376
1887.333333	-0.784142
1887.416667	-0.599155
1887.500000	-0.427877
1887.583333	-0.300075
1887.666667	-0.730684
1887.750000	-0.449012
1887.833333	-0.626118
1887.916667	-0.897476
1888.000000	-0.615247
1888.083333	-0.383308
1888.166667	-0.498143
1888.250000	-0.613130
1888.333333	-0.637508
1888.416667	-0.890295
1888.500000	-0.738550
1888.583333	-0.196815
1888.666667	-0.231883
1888.750000	-0.442501
1888.833333	-0.482413
1888.916667	-0.250602
1889.000000	0.006461
1889.083333	0.368499
1889.166667	0.139093
1889.250000	-0.071126
1889.333333	-0.210822
1889.416667	-0.320660
1889.500000	-0.448316
1889.583333	-0.300454
1889.666667	-0.495329
1889.750000	-0.884415
1889.833333	-0.757409
1889.916667	-0.173607
1890.000000	-0.175101
1890.083333	-0.246350
1890.166667	-0.264699
1890.250000	-0.454125
1890.333333	-0.990289
1890.416667	-0.898412
1890.500000	-0.565945
1890.583333	-1.011191
1890.666667	-1.037268
1890.750000	-0.942240
1890.833333	-1.009643
1890.916667	-0.858505
1891.000000	-0.647364
1891.083333	-0.703704
1891.166667	-0.635718
1891.250000	-0.383412
1891.333333	-0.450724
1891.416667	-0.716869
1891.500000	-0.715434
1891.583333	-0.561131
1891.666667	-0.198434
1891.750000	-0.497861
1891.833333	-0.567451
1891.916667	-0.719622
1892.000000	-0.424367
1892.083333	-0.658268
1892.166667	-0.453691
1892.250000	-0.753546
1892.333333	-0.433182
1892.416667	-0.650374
1892.500000	-0.697795
1892.583333	-0.640575
1892.666667	-0.530705
1892.750000	-0.715084
1892.833333	-0.939116
1892.916667	-1.433813
1893.000000	-1.281602
1893.083333	-0.818425
1893.166667	-0.246859
1893.250000	-0.717500
1893.333333	-0.920636
1893.416667	-1.002549
1893.500000	-0.961936
1893.583333	-0.764709
1893.666667	-0.990796
1893.750000	-1.015921
1893.833333	-0.766903
1893.916667	-0.489060
1894.000000	-0.450738
1894.083333	-0.579129
1894.166667	-0.168898
1894.250000	-0.608446
1894.333333	-0.796113
1894.416667	-0.873998
1894.500000	-0.915973
1894.583333	-0.694886
1894.666667	-0.860320
1894.750000	-1.037984
1894.833333	-0.673524
1894.916667	-0.634954
1895.000000	-0.793233
1895.083333	-0.359740
1895.166667	-0.188638
1895.250000	-0.371421
1895.333333	-0.484550
1895.416667	-0.342740
1895.500000	-0.496492
1895.583333	-0.676023
1895.666667	-1.002641
1895.750000	-1.007993
1895.833333	-0.800664
1895.916667	-0.750591
1896.000000	-0.713732
1896.083333	-0.396175
1896.166667	-0.466323
1896.250000	-0.380244
1896.333333	-0.475547
1896.416667	-0.630558
1896.500000	-0.548169
1896.583333	-0.226684
1896.666667	-0.081136
1896.750000	-0.165183
1896.833333	-0.243860
1896.916667	-0.480524
1897.000000	-0.687794
1897.083333	-0.481303
1897.166667	-0.262948
1897.250000	-0.128343
1897.333333	-0.396958
1897.416667	-0.380849
1897.500000	-0.713694
1897.583333	-0.566372
1897.666667	-0.797629
1897.750000	-0.601423
1897.833333	-0.409608
1897.916667	-0.045186
1898.000000	0.049505
1898.083333	-0.073647
1898.166667	0.242162
1898.250000	-0.192291
1898.333333	-0.555155
1898.416667	-0.736547
1898.500000	-0.634148
1898.583333	-0.451134
1898.666667	-0.726633
1898.750000	-1.431367
1898.833333	-1.425550
1898.916667	-1.345768
1899.000000	-0.617760
1899.083333	-0.184919
1899.166667	0.001613
1899.250000	-0.160441
1899.333333	-0.587007
1899.416667	-0.615786
1899.500000	-0.187627
1899.583333	-0.373166
1899.666667	-0.556629
1899.750000	-0.698802
1899.833333	-0.996044
1899.916667	-1.064822
1900.000000	-0.610270
1900.083333	-0.344121
1900.166667	-0.367926
1900.250000	-0.465719
1900.333333	0.030169
1900.416667	0.258860
1900.500000	0.051725
1900.583333	-0.060882
1900.666667	-0.266543
1900.750000	-0.523321
1900.833333	-0.777630
1900.916667	-0.880153
1901.000000	-0.456084
1901.083333	-0.400944
1901.166667	-0.521717
1901.250000	-0.544079
1901.333333	-0.341067
1901.416667	-0.188705
1901.500000	-0.155325
1901.583333	-0.509570
1901.666667	-0.376131
1901.750000	-0.386137
1901.833333	-0.868411
1901.916667	-0.510425
1902.000000	-0.035914
1902.083333	-0.007430
1902.166667	-0.438117
1902.250000	-0.025189
1902.333333	0.007808
1902.416667	-0.246094
1902.500000	-0.083807
1902.583333	-0.208199
1902.666667	-0.637010
1902.750000	-0.666221
1902.833333	-0.423758
1902.916667	-0.547456
1903.000000	-0.429445
1903.083333	-0.096424
1903.166667	-0.047280
1903.250000	0.137320
1903.333333	-0.498126
1903.416667	-0.279537
1903.500000	-0.452733
1903.583333	-0.250298
1903.666667	-0.049161
1903.750000	-0.532166
1903.833333	-0.353795
1903.916667	-0.307812
1904.000000	-0.149874
1904.083333	-0.117691
1904.166667	-0.123399
1904.250000	0.176442
1904.333333	-0.262143
1904.416667	-0.046584
1904.500000	-0.436778
1904.583333	-0.519332
1904.666667	-0.348144
1904.750000	-0.763353
1904.833333	-0.390954
1904.916667	-0.714837
1905.000000	-0.700799
1905.083333	-0.933513
1905.166667	-0.878630
1905.250000	-0.447457
1905.333333	-0.703728
1905.416667	-0.507434
1905.500000	-0.523049
1905.583333	-0.356053
1905.666667	-0.103461
1905.750000	-0.300989
1905.833333	-0.346087
1905.916667	0.150028
1906.000000	0.793311
1906.083333	-0.125828
1906.166667	0.162909
1906.250000	0.388589
1906.333333	0.193376
1906.416667	-0.506941
1906.500000	-0.236570
1906.583333	-0.003841
1906.666667	-0.223530
1906.750000	-0.047308
1906.833333	0.016338
1906.916667	-0.137819
1907.000000	-0.165183
1907.083333	-0.380744
1907.166667	0.326128
1907.250000	0.168246
1907.333333	-0.308705
1907.416667	-0.308371
1907.500000	-0.663085
1907.583333	-0.429835
1907.666667	-0.348183
1907.750000	-0.742582
1907.833333	-0.801539
1907.916667	-0.458624
1908.000000	-0.542249
1908.083333	-0.999613
1908.166667	-0.784757
1908.250000	-0.297871
1908.333333	-0.349866
1908.416667	-0.304653
1908.500000	-0.262709
1908.583333	-0.219790
1908.666667	-0.397755
1908.750000	-0.554692
1908.833333	-0.716381
1908.916667	-0.391790
1909.000000	-0.419879
1909.083333	-0.833280
1909.166667	-0.768467
1909.250000	-0.611945
1909.333333	-0.888750
1909.416667	-0.867053
1909.500000	-0.711959
1909.583333	-0.194172
1909.666667	-0.210649
1909.750000	-0.390336
1909.833333	-0.901163
1909.916667	-1.373212
1910.000000	-0.714526
1910.083333	-0.847802
1910.166667	-1.456314
1910.250000	-1.138728
1910.333333	-1.418382
1910.416667	-1.082735
1910.500000	-0.855718
1910.583333	-0.931276
1910.666667	-0.868035
1910.750000	-0.862445
1910.833333	-0.850673
1910.916667	-0.637816
1911.000000	-0.596214
1911.083333	-1.378802
1911.166667	-1.917536
1911.250000	-1.266934
1911.333333	-1.226954
1911.416667	-1.291496
1911.500000	-1.223648
1911.583333	-1.308098
1911.666667	-1.065254
1911.750000	-1.303388
1911.833333	-0.583917
1911.916667	-0.305081
1912.000000	-0.511275
1912.083333	-0.331134
1912.166667	-0.226651
1912.250000	-0.689024
1912.333333	-0.354556
1912.416667	-0.700052
1912.500000	-1.046961
1912.583333	-1.062529
1912.666667	-1.198585
1912.750000	-0.789260
1912.833333	-0.350569
1912.916667	0.003647
1913.000000	-0.568767
1913.083333	-0.123813
1913.166667	-0.359620
1913.250000	0.019340
1913.333333	0.131982
1913.416667	-0.522945
1913.500000	-0.134594
1913.583333	-0.126416
1913.666667	-0.295884
1913.750000	-0.404783
1913.833333	-0.323505
1913.916667	-0.228917
1914.000000	0.071115
1914.083333	-0.005984
1914.166667	-0.044023
1914.250000	0.281074
1914.333333	0.399163
1914.416667	0.500119
1914.500000	0.630855
1914.583333	0.085476
1914.666667	-0.413137
1914.750000	-0.586887
1914.833333	-0.274745
1914.916667	-0.062235
1915.000000	0.225619
1915.083333	0.001636
1915.166667	-0.731817
1915.250000	-0.446328
1915.333333	-0.071113
1915.416667	-0.236963
1915.500000	-0.680620
1915.583333	-0.674012
1915.666667	-0.370522
1915.750000	-0.480603
1915.833333	-0.169115
1915.916667	-0.350292
1916.000000	-0.471012
1916.083333	-0.760403
1916.166667	-1.022688
1916.250000	-0.406996
1916.333333	-0.249526
1916.416667	-0.822771
1916.500000	-1.560076
1916.583333	-1.355643
1916.666667	-0.690727
1916.750000	-0.489879
1916.833333	-0.575859
1916.916667	-0.602221
1917.000000	-0.434743
1917.083333	-0.519961
1917.166667	-0.139958
1917.250000	-0.424210
1917.333333	-0.384237
1917.416667	-0.403264
1917.500000	-0.367230
1917.583333	-0.561496
1917.666667	-0.859576
1917.750000	-1.291795
1917.833333	-1.409539
1917.916667	-0.992010
1918.000000	-0.456901
1918.083333	-0.342573
1918.166667	-0.263429
1918.250000	-0.246262
1918.333333	-0.364302
1918.416667	-0.297513
1918.500000	-0.579668
1918.583333	-1.060519
1918.666667	-1.182878
1918.750000	-1.072806
1918.833333	-0.712768
1918.916667	-0.493893
1919.000000	-0.292306
1919.083333	-0.301352
1919.166667	-0.364007
1919.250000	-0.109109
1919.333333	0.644416
1919.416667	0.357150
1919.500000	0.347663
1919.583333	-0.166504
1919.666667	-0.620054
1919.750000	-0.772360
1919.833333	-0.617524
1919.916667	-0.628635
1920.000000	-0.525016
1920.083333	-0.756686
1920.166667	-0.150471
1920.250000	0.574745
1920.333333	0.287361
1920.416667	-0.594175
1920.500000	-0.617091
1920.583333	-0.781673
1920.666667	-0.424792
1920.750000	-0.883647
1920.833333	-0.745955
1920.916667	-0.611115
1921.000000	-0.584237
1921.083333	0.441345
1921.166667	-0.039373
1921.250000	-0.221136
1921.333333	-0.696460
1921.416667	-0.897065
1921.500000	-1.166732
1921.583333	-0.899661
1921.666667	-0.643260
1921.750000	-0.429829
1921.833333	-0.634993
1921.916667	-0.781400
1922.000000	-0.395201
1922.083333	-0.740562
1922.166667	-0.461121
1922.250000	-0.732937
1922.333333	-0.690151
1922.416667	-1.101092
1922.500000	-0.627166
1922.583333	0.377924
1922.666667	0.276642
1922.750000	-0.732860
1922.833333	-0.453774
1922.916667	-0.446237
1923.000000	-0.548302
1923.083333	-0.092896
1923.166667	0.441172
1923.250000	0.090622
1923.333333	-0.722375
1923.416667	-0.396849
1923.500000	-0.786488
1923.583333	-0.900073
1923.666667	-0.599683
1923.750000	-0.938396
1923.833333	-0.949732
1923.916667	-1.235715
1924.000000	-1.446234
1924.083333	-1.615521
1924.166667	-1.237940
1924.250000	-1.434322
1924.333333	-1.521758
1924.416667	-1.512001
1924.500000	-1.010119
1924.583333	-1.030310
1924.666667	-1.387517
1924.750000	-1.409991
1924.833333	-1.741821
1924.916667	-1.530182
1925.000000	-0.418026
1925.083333	0.135253
1925.166667	0.106324
1925.250000	-0.036674
1925.333333	-0.702475
1925.416667	-1.895259
1925.500000	-1.519911
1925.583333	-1.008541
1925.666667	-0.707298
1925.750000	-1.097440
1925.833333	-0.472554
1925.916667	-0.645787
1926.000000	-0.307892
1926.083333	-0.414097
1926.166667	-0.218168
1926.250000	-0.294989
1926.333333	-0.811864
1926.416667	-0.719737
1926.500000	-0.816918
1926.583333	-0.256386
1926.666667	-0.734264
1926.750000	-1.019940
1926.833333	-0.948992
1926.916667	-0.307860
1927.000000	-0.032633
1927.083333	0.055345
1927.166667	0.281075
1927.250000	-0.068437
1927.333333	-0.677555
1927.416667	-0.800670
1927.500000	-0.939359
1927.583333	-0.591586
1927.666667	-0.836295
1927.750000	-1.131172
1927.833333	-1.244198
1927.916667	-1.031841
1928.000000	-1.215181
1928.083333	-1.373153
1928.166667	-0.948373
1928.250000	-0.648062
1928.333333	-0.729498
1928.416667	-0.518109
1928.500000	-0.603418
1928.583333	-1.043039
1928.666667	-0.583377
1928.750000	-0.187967
1928.833333	-0.131093
1928.916667	-0.178589
1929.000000	-0.203756
1929.083333	-0.474531
1929.166667	-1.211317
1929.250000	-0.522135
1929.333333	-0.795132
1929.416667	-1.476582
1929.500000	-1.224045
1929.583333	-0.821054
1929.666667	-0.902311
1929.750000	-0.782835
1929.833333	-0.463830
1929.916667	-0.587167
1930.000000	0.005933
1930.083333	0.052937
1930.166667	-0.588119
1930.250000	-0.325219
1930.333333	0.308997
1930.416667	0.105572
1930.500000	-0.596455
1930.583333	-0.862835
1930.666667	-0.872791
1930.750000	-1.328633
1930.833333	-0.742389
1930.916667	-0.514103
1931.000000	-0.056244
1931.083333	-0.076329
1931.166667	-0.314536
1931.250000	-0.438881
1931.333333	-1.344767
1931.416667	-1.746570
1931.500000	-1.833502
1931.583333	-1.282624
1931.666667	-1.314912
1931.750000	-1.095912
1931.833333	-0.790867
1931.916667	-0.807281
1932.000000	-0.423667
1932.083333	-0.246890
1932.166667	-0.224017
1932.250000	-0.060880
1932.333333	-0.488803
1932.416667	-0.887033
1932.500000	-0.220912
1932.583333	0.113897
1932.666667	-0.237609
1932.750000	-0.191294
1932.833333	0.489162
1932.916667	0.409340
1933.000000	-0.116432
1933.083333	-0.698748
1933.166667	-0.594957
1933.250000	-0.118959
1933.333333	0.467140
1933.416667	0.179687
1933.500000	-0.521069
1933.583333	-0.615673
1933.666667	-0.247897
1933.750000	-0.266460
1933.833333	-0.384264
1933.916667	-0.379968
1934.000000	-0.135820
1934.083333	-0.424510
1934.166667	-0.592353
1934.250000	-0.438575
1934.333333	-0.506632
1934.416667	0.038708
1934.500000	-0.096569
1934.583333	-0.148137
1934.666667	0.138987
1934.750000	-0.103054
1934.833333	-0.168208
1934.916667	-0.582022
1935.000000	-0.768963
1935.083333	-0.531024
1935.166667	-0.408428
1935.250000	-0.805849
1935.333333	-0.455513
1935.416667	-0.291431
1935.500000	-0.219628
1935.583333	-0.636725
1935.666667	-0.874231
1935.750000	-1.132500
1935.833333	-1.044436
1935.916667	-0.552478
1936.000000	-0.642260
1936.083333	-0.902164
1936.166667	-0.722135
1936.250000	-0.072108
1936.333333	0.139980
1936.416667	0.735421
1936.500000	0.666466
1936.583333	-0.285999
1936.666667	-0.585586
1936.750000	-0.429257
1936.833333	0.018345
1936.916667	0.134898
1937.000000	0.067086
1937.083333	0.293618
1937.166667	-0.095327
1937.250000	-0.896300
1937.333333	-0.020463
1937.416667	-0.417043
1937.500000	-0.343069
1937.583333	-0.407501
1937.666667	-0.001955
1937.750000	-0.784471
1937.833333	-0.983833
1937.916667	-1.323031
1938.000000	-0.995916
1938.083333	-1.334971
1938.166667	-0.812934
1938.250000	-0.538750
1938.333333	-0.169512
1938.416667	-0.016645
1938.500000	0.202236
1938.583333	0.175464
1938.666667	0.125641
1938.750000	-0.337562
1938.833333	-0.546190
1938.916667	-0.387411
1939.000000	-0.204458
1939.083333	-0.165003
1939.166667	-0.185286
1939.250000	-0.281647
1939.333333	-0.623953
1939.416667	0.570474
1939.500000	0.653398
1939.583333	0.193822
1939.666667	-0.061526
1939.750000	0.443906
1939.833333	-0.266083
1939.916667	-0.767715
1940.000000	-1.115411
1940.083333	-0.958552
1940.166667	-0.278444
1940.250000	-0.085547
1940.333333	0.208987
1940.416667	0.424705
1940.500000	0.968100
1940.583333	0.545138
1940.666667	-0.287726
1940.750000	-0.305779
1940.833333	-0.030323
1940.916667	0.398301
1941.000000	-0.011761
1941.083333	-0.418108
1941.166667	-1.007765
1941.250000	-0.512021
1941.333333	-0.448096
1941.416667	-0.330567
1941.500000	-0.376430
1941.583333	-0.230592
1941.666667	-0.381475
1941.750000	-0.155025
1941.833333	-0.138457
1941.916667	-0.244502
1942.000000	0.217651
1942.083333	0.370141
1942.166667	0.664702
1942.250000	0.584708
1942.333333	0.211849
1942.416667	0.267958
1942.500000	-0.032116
1942.583333	-0.428432
1942.666667	-0.249544
1942.750000	-0.157846
1942.833333	-0.383721
1942.916667	-0.269225
1943.000000	0.049242
1943.083333	-0.019815
1943.166667	0.159388
1943.250000	-0.145439
1943.333333	-0.151906
1943.416667	-0.341555
1943.500000	-0.467437
1943.583333	-0.321804
1943.666667	-0.224321
1943.750000	-0.136246
1943.833333	-0.182400
1943.916667	-0.055431
1944.000000	0.218764
1944.083333	0.405617
1944.166667	0.318519
1944.250000	-0.132466
1944.333333	-0.270223
1944.416667	0.002682
1944.500000	0.140999
1944.583333	-0.260181
1944.666667	-0.258637
1944.750000	-0.114326
1944.833333	-0.010971
1944.916667	-0.084397
1945.000000	-0.054343
1945.083333	0.100048
1945.166667	0.077016
1945.250000	0.102651
1945.333333	-0.470971
1945.416667	-0.598299
1945.500000	-0.972534
1945.583333	-1.197205
1945.666667	-0.793167
1945.750000	-0.465962
1945.833333	-0.372933
1945.916667	-0.363414
1946.000000	-0.200021
1946.083333	-0.061016
1946.166667	-0.057692
1946.250000	-0.413219
1946.333333	-0.170551
1946.416667	-0.124619
1946.500000	-0.089311
1946.583333	-0.222998
1946.666667	0.093337
1946.750000	0.183093
1946.833333	0.091452
1946.916667	-0.174431
1947.000000	-0.234300
1947.083333	-0.366106
1947.166667	-0.275029
1947.250000	-0.107283
1947.333333	-0.158947
1947.416667	0.154321
1947.500000	-0.393824
1947.583333	-0.794606
1947.666667	-0.662441
1947.750000	-0.557629
1947.833333	-0.382672
1947.916667	-0.639575
1948.000000	-0.573068
1948.083333	-0.739624
1948.166667	-0.960799
1948.250000	-0.766204
1948.333333	-0.347212
1948.416667	-0.251188
1948.500000	0.020832
1948.583333	-0.697288
1948.666667	-0.306703
1948.750000	-0.468511
1948.833333	-0.571615
1948.916667	-0.060175
1949.000000	-0.076704
1949.083333	-0.637255
1949.166667	-0.296821
1949.250000	0.030013
1949.333333	-0.568765
1949.416667	-0.358474
1949.500000	0.074855
1949.583333	-0.124622
1949.666667	-0.428044
1949.750000	-0.189300
1949.833333	-0.403562
1949.916667	-0.683841
1950.000000	-1.394924
1950.083333	-0.813982
1950.166667	-0.229989
1950.250000	-0.353654
1950.333333	-0.122928
1950.416667	0.258485
1950.500000	-0.170138
1950.583333	-0.750150
1950.666667	-0.559556
1950.750000	-1.018169
1950.833333	-0.718050
1950.916667	-0.445699
1951.000000	-0.234175
1951.083333	-0.545909
1951.166667	-1.647830
1951.250000	-0.967324
1951.333333	-0.086639
1951.416667	0.272036
1951.500000	0.119681
1951.583333	0.198015
1951.666667	-0.234824
1951.750000	-0.723421
1951.833333	-0.811434
1951.916667	-0.618698
1952.000000	-0.347684
1952.083333	-0.072167
1952.166667	0.211095
1952.250000	-0.336445
1952.333333	-0.178013
1952.416667	0.058054
1952.500000	-0.389616
1952.583333	-0.178295
1952.666667	-0.491560
1952.750000	-0.549542
1952.833333	0.114002
1952.916667	0.372231
1953.000000	0.409487
1953.083333	0.606400
1953.166667	0.613535
1953.250000	0.624678
1953.333333	0.436843
1953.416667	0.607203
1953.500000	0.119910
1953.583333	0.109471
1953.666667	0.118817
1953.750000	-0.236948
1953.833333	-0.210569
1953.916667	-0.101751
1954.000000	0.004057
1954.083333	0.114435
1954.166667	0.245957
1954.250000	-0.042197
1954.333333	-0.057984
1954.416667	0.003028
1954.500000	-0.028023
1954.583333	0.077448
1954.666667	0.096919
1954.750000	-0.109080
1954.833333	0.235247
1954.916667	0.173354
1955.000000	-0.227468
1955.083333	0.126854
1955.166667	0.098481
1955.250000	-0.208123
1955.333333	-0.465196
1955.416667	-0.508609
1955.500000	-0.629643
1955.583333	-0.859577
1955.666667	-0.316803
1955.750000	-0.202200
1955.833333	-0.044932
1955.916667	-0.415762
1956.000000	-0.941681
1956.083333	-0.598386
1956.166667	-0.381925
1956.250000	-0.407980
1956.333333	-0.828282
1956.416667	-0.468418
1956.500000	-0.207879
1956.583333	-0.369433
1956.666667	-0.163016
1956.750000	0.192287
1956.833333	0.009669
1956.916667	-0.287071
1957.000000	-0.476885
1957.083333	-0.111890
1957.166667	0.077416
1957.250000	0.300657
1957.333333	1.069387
1957.416667	0.328928
1957.500000	0.055110
1957.583333	-0.609977
1957.666667	-0.424765
1957.750000	-0.555603
1957.833333	-0.537709
1957.916667	-0.290569
1958.000000	0.121714
1958.083333	-0.546429
1958.166667	-0.242477
1958.250000	-0.461478
1958.333333	-0.030511
1958.416667	0.039384
1958.500000	0.789886
1958.583333	0.710033
1958.666667	0.215026
1958.750000	0.307267
1958.833333	0.019200
1958.916667	-0.089245
1959.000000	-0.167646
1959.083333	-0.054660
1959.166667	-0.330836
1959.250000	-0.172059
1959.333333	-0.817747
1959.416667	-0.532681
1959.500000	0.021093
1959.583333	-0.189758
1959.666667	-0.577687
1959.750000	-0.129926
1959.833333	-0.103664
1959.916667	-0.509640
1960.000000	0.248031
1960.083333	0.339358
1960.166667	0.773356
1960.250000	0.436128
1960.333333	-0.297149
1960.416667	-0.245351
1960.500000	-0.286754
1960.583333	-0.043733
1960.666667	-0.335214
1960.750000	-0.377903
1960.833333	0.046677
1960.916667	-0.083164
1961.000000	0.146218
1961.083333	0.211778
1961.166667	-0.130157
1961.250000	-0.132581
1961.333333	-0.243991
1961.416667	-0.230038
1961.500000	0.084331
1961.583333	0.119271
1961.666667	0.252643
1961.750000	0.596704
1961.833333	0.866148
1961.916667	0.504633
1962.000000	-0.058821
1962.083333	-0.012440
1962.166667	-0.025151
1962.250000	0.160575
1962.333333	-0.145631
1962.416667	-0.256343
1962.500000	-0.072009
1962.583333	-0.188460
1962.666667	-0.126334
1962.750000	-0.211546
1962.833333	0.209765
1962.916667	0.156823
1963.000000	-0.159918
1963.083333	0.311219
1963.166667	0.208318
1963.250000	0.300893
1963.333333	0.091595
1963.416667	0.474098
1963.500000	0.043816
1963.583333	-0.104594
1963.666667	0.215672
1963.750000	-0.212544
1963.833333	-0.786260
1963.916667	-0.532058
1964.000000	-0.041478
1964.083333	-0.502749
1964.166667	-0.374359
1964.250000	-0.293047
1964.333333	-0.228516
1964.416667	-0.239062
1964.500000	-0.834596
1964.583333	-0.480995
1964.666667	-0.382289
1964.750000	-0.148036
1964.833333	-0.765594
1964.916667	-0.636018
1965.000000	-0.473391
1965.083333	-0.086586
1965.166667	-0.813012
1965.250000	-0.319773
1965.333333	-0.846095
1965.416667	-0.239479
1965.500000	-0.068308
1965.583333	0.244282
1965.666667	-0.098962
1965.750000	-0.216640
1965.833333	-0.028140
1965.916667	0.122951
1966.000000	0.297763
1966.083333	-0.672234
1966.166667	-0.502024
1966.250000	0.172520
1966.333333	0.373968
1966.416667	0.654126
1966.500000	0.546012
1966.583333	-0.115821
1966.666667	-0.175710
1966.750000	-0.499344
1966.833333	-0.566577
1966.916667	0.138857
1967.000000	0.461394
1967.083333	-0.004722
1967.166667	-0.432304
1967.250000	-0.284954
1967.333333	0.216848
1967.416667	-0.003829
1967.500000	-0.137589
1967.583333	-0.003748
1967.666667	0.163835
1967.750000	0.475899
1967.833333	0.492546
1967.916667	0.292314
1968.000000	0.489116
1968.083333	-0.151136
1968.166667	-0.261662
1968.250000	-0.941536
1968.333333	-1.215244
1968.416667	-0.617807
1968.500000	-0.185836
1968.583333	0.656464
1968.666667	0.432886
1968.750000	0.286337
1968.833333	0.643445
1968.916667	-0.198849
1969.000000	-0.385488
1969.083333	0.005019
1969.166667	-0.029617
1969.250000	-0.030903
1969.333333	0.283461
1969.416667	0.558507
1969.500000	0.358769
1969.583333	0.087483
1969.666667	-0.108553
1969.750000	-0.669827
1969.833333	-0.292460
1969.916667	0.053297
1970.000000	0.137854
1970.083333	0.206214
1970.166667	0.067163
1970.250000	0.436443
1970.333333	0.144885
1970.416667	0.376501
1970.500000	0.044749
1970.583333	0.026180
1970.666667	0.121826
1970.750000	0.209715
1970.833333	-0.102597
1970.916667	-0.684048
1971.000000	-0.449638
1971.083333	-0.783551
1971.166667	-0.310599
1971.250000	-0.413739
1971.333333	-0.836592
1971.416667	-0.660761
1971.500000	-0.791535
1971.583333	-0.219937
1971.666667	0.382518
1971.750000	0.300111
1971.833333	0.247942
1971.916667	0.011240
1972.000000	0.456636
1972.083333	-0.019528
1972.166667	-0.309999
1972.250000	0.039617
1972.333333	0.178798
1972.416667	0.337009
1972.500000	-0.139643
1972.583333	-0.241210
1972.666667	-0.348388
1972.750000	-0.062278
1972.833333	0.456808
1972.916667	0.486510
1973.000000	0.142549
1973.083333	0.183916
1973.166667	0.625418
1973.250000	0.724404
1973.333333	0.614217
1973.416667	0.738207
1973.500000	0.614997
1973.583333	0.244125
1973.666667	0.032588
1973.750000	0.103359
1973.833333	-0.261047
1973.916667	-0.141947
1974.000000	0.040656
1974.083333	-0.423619
1974.166667	0.358829
1974.250000	0.581442
1974.333333	0.780850
1974.416667	0.086973
1974.500000	0.081606
1974.583333	0.184975
1974.666667	0.171912
1974.750000	0.124008
1974.833333	-0.391224
1974.916667	-0.438085
1975.000000	-0.198701
1975.083333	0.061071
1975.166667	0.614735
1975.250000	0.277726
1975.333333	0.411939
1975.416667	0.993829
1975.500000	0.404717
1975.583333	0.295556
1975.666667	0.666995
1975.750000	0.200225
1975.833333	0.173684
1975.916667	-0.049919
1976.000000	0.110623
1976.083333	-0.213664
1976.166667	-0.447120
1976.250000	-0.549010
1976.333333	-0.367934
1976.416667	-0.840691
1976.500000	-0.919954
1976.583333	-0.780857
1976.666667	-0.572788
1976.750000	-0.077376
1976.833333	-0.109328
1976.916667	-0.270438
1977.000000	0.271037
1977.083333	0.378447
1977.166667	-0.047915
1977.250000	0.069745
1977.333333	0.233930
1977.416667	0.462377
1977.500000	0.480198
1977.583333	0.507846
1977.666667	1.117763
1977.750000	0.838548
1977.833333	0.819282
1977.916667	0.823324
1978.000000	0.323616
1978.083333	0.393469
1978.166667	0.231700
1978.250000	0.078695
1978.333333	-0.325724
1978.416667	-0.606348
1978.500000	0.315723
1978.583333	0.449628
1978.666667	0.658409
1978.750000	0.572881
1978.833333	0.171140
1978.916667	0.704040
1979.000000	0.530467
1979.083333	0.858020
1979.166667	0.339494
1979.250000	0.438724
1979.333333	0.243624
1979.416667	-0.321129
1979.500000	-0.152085
1979.583333	0.525298
1979.666667	0.357914
1979.750000	-0.078589
1979.833333	-0.525661
1979.916667	0.056238
1980.000000	0.265416
1980.083333	0.140087
1980.166667	0.764911
1980.250000	0.384044
1980.333333	1.234344
1980.416667	0.744541
1980.500000	0.319868
1980.583333	0.153700
1980.666667	-0.046535
1980.750000	0.222710
1980.833333	0.059542
1980.916667	0.675771
1981.000000	0.087549
1981.083333	0.075800
1981.166667	-0.067510
1981.250000	0.071923
1981.333333	1.228557
1981.416667	0.408515
1981.500000	0.299253
1981.583333	0.411370
1981.666667	0.116460
1981.750000	-0.044277
1981.833333	0.198694
1981.916667	-0.153743
1982.000000	0.071305
1982.083333	0.096258
1982.166667	0.793279
1982.250000	0.994640
1982.333333	0.797800
1982.416667	0.740150
1982.500000	0.219338
1982.583333	0.358458
1982.666667	0.494294
1982.750000	-0.037747
1982.833333	-0.750971
1982.916667	-0.741347
1983.000000	0.752213
1983.083333	0.572226
1983.166667	0.207473
1983.250000	0.032165
1983.333333	0.058824
1983.416667	-0.139824
1983.500000	-0.436434
1983.583333	-0.201422
1983.666667	-0.006379
1983.750000	0.006868
1983.833333	0.628212
1983.916667	0.841826
1984.000000	1.370774
1984.083333	0.960239
1984.166667	0.714119
1984.250000	0.190083
1984.333333	-0.120431
1984.416667	-0.225287
1984.500000	-0.310753
1984.583333	-0.306253
1984.666667	-0.023910
1984.750000	0.236162
1984.833333	-0.065996
1984.916667	-0.624291
1985.000000	-0.324929
1985.083333	0.057016
1985.166667	0.214725
1985.250000	0.018280
1985.333333	-0.181379
1985.416667	-0.321597
1985.500000	0.282102
1985.583333	0.787416
1985.666667	0.895199
1985.750000	0.916479
1985.833333	0.721151
1985.916667	0.487864
1986.000000	0.782860
1986.083333	0.649852
1986.166667	-0.018153
1986.250000	0.150805
1986.333333	-0.301854
1986.416667	0.092298
1986.500000	0.498871
1986.583333	0.158613
1986.666667	0.463819
1986.750000	0.029717
1986.833333	0.046788
1986.916667	0.088010
1987.000000	0.476822
1987.083333	0.590855
1987.166667	0.711807
1987.250000	0.764700
1987.333333	0.321625
1987.416667	-0.180113
1987.500000	0.172873
1987.583333	0.492839
1987.666667	0.165146
1987.750000	-0.344221
1987.833333	-0.145173
1987.916667	-0.103647
1988.000000	0.347625
1988.083333	-0.525539
1988.166667	0.407384
1988.250000	-0.100348
1988.333333	-0.492692
1988.416667	-0.929355
1988.500000	-0.595342
1988.583333	-0.428319
1988.666667	-0.687039
1988.750000	-0.770845
1988.833333	-0.849409
1988.916667	-0.503866
1989.000000	0.498069
1989.083333	0.467803
1989.166667	0.668131
1989.250000	0.569002
1989.333333	0.494998
1989.416667	0.265183
1989.500000	0.140094
1989.583333	0.429239
1989.666667	0.529062
1989.750000	0.070722
1989.833333	0.229095
1989.916667	0.520910
1990.000000	0.755101
1990.083333	0.544617
1990.166667	0.529333
1990.250000	0.459936
1990.333333	-0.043748
1990.416667	-0.125815
1990.500000	-0.053632
1990.583333	0.429088
1990.666667	-0.039390
1990.750000	0.250145
1990.833333	0.188533
1990.916667	-0.626203
1991.000000	-0.043417
1991.083333	0.116600
1991.166667	0.371562
1991.250000	0.888609
1991.333333	1.050871
1991.416667	0.537432
1991.500000	0.559478
1991.583333	0.501847
1991.666667	0.640829
1991.750000	0.134968
1991.833333	0.076691
1991.916667	0.073620
1992.000000	0.369897
1992.083333	1.156239
1992.166667	0.969636
1992.250000	1.002653
1992.333333	0.500122
1992.416667	0.728304
1992.500000	0.650606
1992.583333	0.285632
1992.666667	0.140162
1992.750000	-0.170619
1992.833333	-0.308703
1992.916667	-0.364339
1993.000000	0.310788
1993.083333	0.371761
1993.166667	0.505919
1993.250000	0.816533
1993.333333	0.517472
1993.416667	0.076481
1993.500000	0.373811
1993.583333	0.299858
1993.666667	-0.109368
1993.750000	0.158081
1993.833333	0.260051
1993.916667	0.283592
1994.000000	0.034451
1994.083333	-0.202022
1994.166667	0.236956
1994.250000	0.140056
1994.333333	0.292032
1994.416667	0.432052
1994.500000	0.376383
1994.583333	0.491754
1994.666667	0.191195
1994.750000	0.058200
1994.833333	-0.036530
1994.916667	0.252938
1995.000000	0.521244
1995.083333	-0.063242
1995.166667	-0.306570
1995.250000	0.095486
1995.333333	0.041599
1995.416667	-0.002595
1995.500000	0.173871
1995.583333	-0.027222
1995.666667	0.163753
1995.750000	-0.340534
1995.833333	0.267270
1995.916667	0.189408
1996.000000	0.437816
1996.083333	-0.065764
1996.166667	0.480092
1996.250000	0.419427
1996.333333	0.168125
1996.416667	0.081984
1996.500000	-0.441328
1996.583333	0.055951
1996.666667	-0.315394
1996.750000	0.325528
1996.833333	0.398722
1996.916667	0.369411
1997.000000	1.012727
1997.083333	0.574205
1997.166667	0.360093
1997.250000	0.560828
1997.333333	0.482247
1997.416667	0.453530
1997.500000	0.235143
1997.583333	0.299506
1997.666667	0.017517
1997.750000	-0.177498
1997.833333	0.206031
1997.916667	-0.342900
1998.000000	-0.106360
1998.083333	-0.110811
1998.166667	0.176296
1998.250000	0.109130
1998.333333	0.598103
1998.416667	0.752638
1998.500000	0.948626
1998.583333	0.771270
1998.666667	0.482982
1998.750000	0.532969
1998.833333	0.356841
1998.916667	0.102981
1999.000000	-0.016347
1999.083333	-0.099378
1999.166667	0.850486
1999.250000	0.177233
1999.333333	0.124665
1999.416667	-0.043779
1999.500000	0.049013
1999.583333	0.413405
1999.666667	0.387825
1999.750000	0.070634
1999.833333	0.451327
1999.916667	0.659126
2000.000000	1.375065
2000.083333	1.056786
2000.166667	1.029847
2000.250000	0.869690
2000.333333	0.512161
2000.416667	0.596614
2000.500000	0.136010
2000.583333	0.082005
2000.666667	-0.016233
2000.750000	-0.301082
2000.833333	-0.051865
2000.916667	-0.180978
2001.000000	0.361337
2001.083333	0.486669
2001.166667	1.018805
2001.250000	0.602546
2001.333333	-0.272605
2001.416667	0.415722
2001.500000	0.364991
2001.583333	0.899031
2001.666667	0.837623
2001.750000	0.588310
2001.833333	0.893493
2001.916667	0.282383
2002.000000	1.370468
2002.083333	0.829486
2002.166667	0.699599
2002.250000	0.698596
2002.333333	0.115269
2002.416667	0.424081
2002.500000	0.203508
2002.583333	0.499667
2002.666667	0.009803
2002.750000	0.631210
2002.833333	0.133628
2002.916667	0.401828
2003.000000	0.419697
2003.083333	0.268184
2003.166667	0.871923
2003.250000	0.288421
2003.333333	0.242701
2003.416667	0.181596
2003.500000	0.195896
2003.583333	0.302245
2003.666667	0.087982
2003.750000	0.381633
2003.833333	0.033848
2003.916667	-0.745922
2004.000000	0.151287
2004.083333	0.668098
2004.166667	0.965584
2004.250000	1.261879
2004.333333	0.379474
2004.416667	0.469417
2004.500000	0.510197
2004.583333	0.916472
2004.666667	0.733593
2004.750000	0.285843
2004.833333	0.232883
2004.916667	0.440901
2005.000000	1.292718
2005.083333	0.720601
2005.166667	0.760087
2005.250000	0.549860
2005.333333	0.725626
2005.416667	1.151087
2005.500000	0.920015
2005.583333	1.249404
2005.666667	0.804213
2005.750000	0.458857
2005.833333	0.173006
2005.916667	-0.246848
2006.000000	0.098688
2006.083333	0.076980
2006.166667	0.369416
2006.250000	0.600947
2006.333333	0.215232
2006.416667	0.482707
2006.500000	0.458150
2006.583333	0.644234
2006.666667	0.228191
2006.750000	0.407676
2006.833333	0.245026
2006.916667	0.808815
2007.000000	0.964031
2007.083333	0.817404
2007.166667	0.506413
2007.250000	1.173687
2007.333333	0.797427
2007.416667	-0.093519
2007.500000	-0.352709
2007.583333	-0.088569
2007.666667	0.281785
2007.750000	0.672707
2007.833333	0.244121
2007.916667	0.218807
2008.000000	0.538597
2008.083333	0.497309
2008.166667	0.853646
2008.250000	0.155586
2008.333333	0.139762
2008.416667	0.103088
2008.500000	0.334253
2008.583333	0.210974
2008.666667	-0.069593
2008.750000	0.119047
2008.833333	0.244926
2008.916667	0.700669
2009.000000	0.867997
2009.083333	0.424037
2009.166667	0.863829
2009.250000	0.723748
2009.333333	0.559361
2009.416667	0.318145
2009.500000	0.296631
2009.583333	-0.024978
2009.666667	0.300726
2009.750000	0.032681
2009.833333	0.269685
2009.916667	0.392998
2010.000000	0.973743
2010.083333	0.990554
2010.166667	0.308415
2010.250000	0.737020
2010.333333	0.362926
2010.416667	0.409489
2010.500000	0.482493
2010.583333	0.202671
2010.666667	0.246843
2010.750000	0.336510
2010.833333	0.355721
2010.916667	0.077569
2011.000000	1.062572
2011.083333	0.709628
2011.166667	0.698508
2011.250000	0.579776
2011.333333	0.212434
2011.416667	0.165004
2011.500000	-0.094795
2011.583333	-0.139833
2011.666667	-0.222355
2011.750000	-0.123658
2011.833333	0.374125
2011.916667	0.615515
2012.000000	1.258261
2012.083333	1.186179
2012.166667	0.911069
2012.250000	0.472271
2012.333333	0.369456
2012.416667	0.282074
2012.500000	0.148435
2012.583333	0.325616
2012.666667	0.783784
2012.750000	0.552056
2012.833333	0.737030
2012.916667	0.263194
2013.000000	0.501287
2013.083333	0.759412
2013.166667	-0.209634
2013.250000	0.250407
2013.333333	0.529118
2013.416667	0.212364
2013.500000	0.203418
2013.583333	0.021186
2013.666667	-0.029921
2013.750000	0.109210
2013.833333	0.400086
2013.916667	0.189173
2014.000000	0.920593
2014.083333	1.209589
2014.166667	0.994698
2014.250000	0.990806
2014.333333	0.750878
2014.416667	0.561163
2014.500000	0.712733
2014.583333	1.112350
2014.666667	0.937374
2014.750000	0.984885
2014.833333	0.968171
2014.916667	1.127107
2015.000000	1.301220
2015.083333	0.871153
2015.166667	1.316517
2015.250000	1.231954
2015.333333	0.953486
2015.416667	0.926721
2015.500000	0.631915
2015.583333	1.053212
2015.666667	0.757718
2015.750000	0.159345
2015.833333	0.209549
2015.916667	-0.032561
2016.000000	1.061528
2016.083333	1.172772
2016.166667	0.868731
2016.250000	0.829058
2016.333333	0.053087
2016.416667	-0.454779
2016.500000	-0.067683
2016.583333	0.355409
2016.666667	0.271450
2016.750000	0.135356
2016.833333	0.138827
2016.916667	0.150940
2017.000000	0.932526
2017.083333	1.373564
2017.166667	1.045137
2017.250000	1.105444
2017.333333	0.828724
2017.416667	0.788637
2017.500000	0.737188
2017.583333	1.152664
2017.666667	1.259941
2017.750000	1.129013
2017.833333	0.635075
2017.916667	0.031826
2018.000000	1.207644
2018.083333	0.986373
2018.166667	1.010114
2018.250000	1.331875
2018.333333	1.328370
2018.416667	0.643483
2018.500000	0.278807
2018.583333	0.520818
2018.666667	0.936723
2018.750000	1.184766
2018.833333	0.814662
2018.916667	0.542734
2019.000000	0.990050
2019.083333	1.091425
2019.166667	0.386346
2019.250000	0.726328
2019.333333	0.606194
2019.416667	1.225975
2019.500000	0.483002
2019.583333	0.437479
2019.666667	0.193945
2019.750000	0.264022
2019.833333	1.016535
2019.916667	0.325824
2020.000000	0.878100
2020.083333	0.500407
2020.166667	0.462512
2020.250000	0.948563
2020.333333	0.519898
2020.416667	0.607453
2020.500000	0.532293
2020.583333	0.574492
2020.666667	0.334349
2020.750000	-0.254169
2020.833333	0.550497
2020.916667	0.453577
2021.000000	0.991431
2021.083333	0.903707
2021.166667	0.832551
2021.250000	1.503146
2021.333333	1.163634
2021.416667	0.481099
2021.500000	0.537020
2021.583333	0.480330
2021.666667	0.533695
2021.750000	0.570213
2021.833333	0.907396
2021.916667	0.819597
2022.000000	1.532411
2022.083333	0.798155
2022.166667	0.475362
2022.250000	0.106491
2022.333333	0.068794
2022.416667	-0.267985
2022.500000	-0.385657
2022.583333	0.101680
2022.666667	0.165409
2022.750000	0.179214
2022.833333	0.656449
2022.916667	0.950048
2023.000000	1.714119
