1957.000000	-0.870000
1957.083333	-2.270000
1957.166667	0.070000
1957.250000	-1.970000
1957.333333	-2.500000
1957.416667	-0.870000
1957.500000	1.000000
1957.583333	-1.730000
1957.666667	0.720000
1957.750000	-3.120000
1957.833333	-5.420000
1957.916667	-2.630000
1958.000000	0.040000
1958.083333	-2.840000
1958.166667	-2.520000
1958.250000	-0.300000
1958.333333	-2.720000
1958.416667	-0.970000
1958.500000	-1.650000
1958.583333	0.970000
1958.666667	1.900000
1958.750000	-0.160000
1958.833333	0.300000
1958.916667	0.820000
1959.000000	1.590000
1959.083333	-0.190000
1959.166667	-0.540000
1959.250000	-1.250000
1959.333333	-0.320000
1959.416667	-1.120000
1959.500000	0.180000
1959.583333	-1.640000
1959.666667	2.460000
1959.750000	-0.460000
1959.833333	3.280000
1959.916667	-0.380000
1960.000000	0.900000
1960.083333	0.850000
1960.166667	3.400000
1960.250000	-0.350000
1960.333333	-0.600000
1960.416667	-0.170000
1960.500000	0.310000
1960.583333	0.430000
1960.666667	1.410000
1960.750000	-1.170000
1960.833333	1.180000
1960.916667	1.360000
1961.000000	0.910000
1961.083333	-4.000000
1961.166667	-0.400000
1961.250000	-0.140000
1961.333333	1.120000
1961.416667	-0.400000
1961.500000	0.980000
1961.583333	1.100000
1961.666667	-1.210000
1961.750000	1.640000
1961.833333	1.520000
1961.916667	2.320000
1962.000000	2.340000
1962.083333	-0.500000
1962.166667	-0.660000
1962.250000	1.650000
1962.333333	-0.660000
1962.416667	-3.410000
1962.500000	0.330000
1962.583333	-0.200000
1962.666667	-0.150000
1962.750000	-0.360000
1962.833333	-2.250000
1962.916667	1.350000
1963.000000	3.260000
1963.083333	1.410000
1963.166667	2.030000
1963.250000	1.410000
1963.333333	-1.090000
1963.416667	1.820000
1963.500000	0.410000
1963.583333	-5.030000
1963.666667	-1.590000
1963.750000	2.050000
1963.833333	1.020000
1963.916667	-0.040000
1964.000000	-3.290000
1964.083333	-1.000000
1964.166667	-1.520000
1964.250000	0.630000
1964.333333	2.380000
1964.416667	-4.140000
1964.500000	-6.150000
1964.583333	-2.260000
1964.666667	1.610000
1964.750000	0.340000
1964.833333	-3.340000
1964.916667	-1.490000
1965.000000	-0.460000
1965.083333	-7.650000
1965.166667	-1.580000
1965.250000	-0.490000
1965.333333	-2.080000
1965.416667	1.890000
1965.500000	0.080000
1965.583333	0.080000
1965.666667	0.220000
1965.750000	1.910000
1965.833333	1.710000
1965.916667	-1.480000
1966.000000	0.590000
1966.083333	-2.940000
1966.166667	-2.810000
1966.250000	-0.490000
1966.333333	-1.660000
1966.416667	0.530000
1966.500000	-1.650000
1966.583333	3.660000
1966.666667	0.430000
1966.750000	1.300000
1966.833333	-1.810000
1966.916667	-0.670000
1967.000000	-3.420000
1967.083333	-4.220000
1967.166667	1.090000
1967.250000	-0.110000
1967.333333	-0.390000
1967.416667	2.620000
1967.500000	1.220000
1967.583333	1.010000
1967.666667	1.210000
1967.750000	0.640000
1967.833333	-2.170000
1967.916667	-0.480000
1968.000000	-0.070000
1968.083333	-1.820000
1968.166667	-0.900000
1968.250000	-2.720000
1968.333333	-2.230000
1968.416667	-0.130000
1968.500000	1.600000
1968.583333	0.250000
1968.666667	-0.360000
1968.750000	-3.150000
1968.833333	-3.360000
1968.916667	-0.510000
1969.000000	-4.130000
1969.083333	-3.140000
1969.166667	-0.960000
1969.250000	-2.360000
1969.333333	1.390000
1969.416667	-0.880000
1969.500000	1.810000
1969.583333	2.100000
1969.666667	0.580000
1969.750000	-0.350000
1969.833333	1.520000
1969.916667	-0.410000
1970.000000	0.760000
1970.083333	1.270000
1970.166667	-2.260000
1970.250000	-1.570000
1970.333333	0.240000
1970.416667	0.720000
1970.500000	-1.220000
1970.583333	1.630000
1970.666667	-2.020000
1970.750000	-2.190000
1970.833333	0.450000
1970.916667	-0.720000
1971.000000	-0.360000
1971.083333	0.160000
1971.166667	2.020000
1971.250000	-1.240000
1971.333333	-2.480000
1971.416667	1.310000
1971.500000	0.680000
1971.583333	-0.780000
1971.666667	-1.830000
1971.750000	-2.230000
1971.833333	-0.500000
1971.916667	-1.570000
1972.000000	-1.440000
1972.083333	-0.360000
1972.166667	-2.050000
1972.250000	-2.940000
1972.333333	-0.090000
1972.416667	0.420000
1972.500000	-1.240000
1972.583333	-1.890000
1972.666667	-0.910000
1972.750000	-1.480000
1972.833333	1.390000
1972.916667	-1.380000
1973.000000	-0.940000
1973.083333	1.390000
1973.166667	2.160000
1973.250000	0.360000
1973.333333	-1.940000
1973.416667	-0.120000
1973.500000	2.570000
1973.583333	1.980000
1973.666667	-1.150000
1973.750000	-1.280000
1973.833333	-0.540000
1973.916667	2.170000
1974.000000	1.180000
1974.083333	1.820000
1974.166667	2.810000
1974.250000	0.050000
1974.333333	0.420000
1974.416667	0.080000
1974.500000	-1.220000
1974.583333	-4.020000
1974.666667	1.840000
1974.750000	-1.330000
1974.833333	-2.240000
1974.916667	-2.370000
1975.000000	-1.680000
1975.083333	-1.220000
1975.166667	-1.230000
1975.250000	0.560000
1975.333333	-3.330000
1975.416667	-0.350000
1975.500000	-2.420000
1975.583333	-0.160000
1975.666667	1.230000
1975.750000	0.590000
1975.833333	0.110000
1975.916667	0.350000
1976.000000	-1.170000
1976.083333	1.020000
1976.166667	-0.100000
1976.250000	1.560000
1976.333333	1.750000
1976.416667	-0.010000
1976.500000	0.600000
1976.583333	0.300000
1976.666667	1.670000
1976.750000	1.190000
1976.833333	-2.880000
1976.916667	-5.070000
1977.000000	-3.220000
1977.083333	0.040000
1977.166667	-1.170000
1977.250000	-1.360000
1977.333333	-0.770000
1977.416667	-2.090000
1977.500000	-1.820000
1977.583333	-0.410000
1977.666667	2.690000
1977.750000	0.210000
1977.833333	-0.200000
1977.916667	-0.950000
1978.000000	1.500000
1978.083333	-0.240000
1978.166667	-0.990000
1978.250000	0.640000
1978.333333	-0.910000
1978.416667	0.830000
1978.500000	-2.130000
1978.583333	2.940000
1978.666667	1.190000
1978.750000	0.680000
1978.833333	-0.960000
1978.916667	-0.010000
1979.000000	0.740000
1979.083333	-0.900000
1979.166667	1.510000
1979.250000	-0.490000
1979.333333	1.540000
1979.416667	2.520000
1979.500000	3.140000
1979.583333	1.390000
1979.666667	-0.020000
1979.750000	0.540000
1979.833333	-1.260000
1979.916667	-1.880000
1980.000000	0.010000
1980.083333	-1.750000
1980.166667	-2.580000
1980.250000	-1.770000
1980.333333	-0.510000
1980.416667	3.190000
1980.500000	-1.680000
1980.583333	-1.680000
1980.666667	-2.560000
1980.750000	0.450000
1980.833333	-2.090000
1980.916667	-0.100000
1981.000000	0.840000
1981.083333	1.760000
1981.166667	-2.470000
1981.250000	-3.520000
1981.333333	0.880000
1981.416667	0.380000
1981.500000	-1.430000
1981.583333	-1.990000
1981.666667	-1.490000
1981.750000	-0.390000
1981.833333	2.340000
1981.916667	2.210000
1982.000000	-0.770000
1982.083333	0.700000
1982.166667	4.280000
1982.250000	2.890000
1982.333333	-0.700000
1982.416667	2.400000
1982.500000	0.010000
1982.583333	1.000000
1982.666667	1.560000
1982.750000	-2.140000
1982.833333	-2.320000
1982.916667	-2.210000
1983.000000	-2.440000
1983.083333	0.890000
1983.166667	-0.710000
1983.250000	-0.600000
1983.333333	-0.680000
1983.416667	0.380000
1983.500000	1.630000
1983.583333	0.090000
1983.666667	-0.720000
1983.750000	2.050000
1983.833333	3.790000
1983.916667	1.520000
1984.000000	-1.960000
1984.083333	-1.740000
1984.166667	-0.380000
1984.250000	-0.230000
1984.333333	-0.330000
1984.416667	1.080000
1984.500000	-0.210000
1984.583333	-2.330000
1984.666667	-0.160000
1984.750000	1.060000
1984.833333	0.340000
1984.916667	-3.220000
1985.000000	-2.380000
1985.083333	-0.020000
1985.166667	-0.080000
1985.250000	0.950000
1985.333333	0.380000
1985.416667	-2.490000
1985.500000	2.640000
1985.583333	1.260000
1985.666667	1.070000
1985.750000	0.570000
1985.833333	2.280000
1985.916667	1.900000
1986.000000	0.370000
1986.083333	-4.890000
1986.166667	-1.260000
1986.250000	-0.570000
1986.333333	-2.190000
1986.416667	-0.950000
1986.500000	-0.020000
1986.583333	1.680000
1986.666667	2.720000
1986.750000	-0.380000
1986.833333	0.500000
1986.916667	1.310000
1987.000000	-2.510000
1987.083333	-2.490000
1987.166667	-1.110000
1987.250000	-0.170000
1987.333333	-0.340000
1987.416667	0.180000
1987.500000	-0.260000
1987.583333	1.790000
1987.666667	-0.720000
1987.750000	0.780000
1987.833333	1.770000
1987.916667	0.300000
1988.000000	0.130000
1988.083333	0.120000
1988.166667	-2.010000
1988.250000	2.110000
1988.333333	-2.030000
1988.416667	-3.060000
1988.500000	0.640000
1988.583333	-2.000000
1988.666667	-2.700000
1988.750000	-6.030000
1988.833333	1.770000
1988.916667	1.880000
1989.000000	-0.020000
1989.083333	1.140000
1989.166667	0.200000
1989.250000	0.000000
1989.333333	3.730000
1989.416667	2.910000
1989.500000	0.880000
1989.583333	-1.210000
1989.666667	-0.230000
1989.750000	-0.160000
1989.833333	0.690000
1989.916667	-0.050000
1990.000000	-0.230000
1990.083333	1.950000
1990.166667	0.800000
1990.250000	-3.340000
1990.333333	-3.350000
1990.416667	-0.280000
1990.500000	-1.820000
1990.583333	0.120000
1990.666667	2.080000
1990.750000	-0.060000
1990.833333	0.290000
1990.916667	-0.200000
1991.000000	1.500000
1991.083333	-1.690000
1991.166667	1.070000
1991.250000	-1.360000
1991.333333	1.020000
1991.416667	1.040000
1991.500000	-1.560000
1991.583333	-0.570000
1991.666667	-2.520000
1991.750000	1.300000
1991.833333	-0.840000
1991.916667	-1.230000
1992.000000	0.170000
1992.083333	-1.890000
1992.166667	-1.100000
1992.250000	0.530000
1992.333333	-2.190000
1992.416667	-3.130000
1992.500000	-0.800000
1992.583333	-0.400000
1992.666667	1.060000
1992.750000	0.700000
1992.833333	1.490000
1992.916667	0.580000
1993.000000	-2.170000
1993.083333	0.770000
1993.166667	-0.100000
1993.250000	1.800000
1993.333333	2.100000
1993.416667	0.400000
1993.500000	2.820000
1993.583333	2.690000
1993.666667	1.140000
1993.750000	1.210000
1993.833333	1.480000
1993.916667	1.380000
1994.000000	0.530000
1994.083333	2.720000
1994.166667	1.590000
1994.250000	-0.750000
1994.333333	-1.500000
1994.416667	-2.330000
1994.500000	-0.150000
1994.583333	1.530000
1994.666667	-1.220000
1994.750000	-0.470000
1994.833333	-2.430000
1994.916667	1.910000
1995.000000	2.890000
1995.083333	0.310000
1995.166667	-1.120000
1995.250000	0.740000
1995.333333	2.640000
1995.416667	-0.790000
1995.500000	-4.260000
1995.583333	-0.510000
1995.666667	3.090000
1995.750000	-0.690000
1995.833333	0.170000
1995.916667	1.930000
1996.000000	0.550000
1996.083333	-1.740000
1996.166667	1.310000
1996.250000	-0.280000
1996.333333	1.900000
1996.416667	-1.400000
1996.500000	0.220000
1996.583333	-2.460000
1996.666667	-3.500000
1996.750000	2.790000
1996.833333	-2.360000
1996.916667	0.030000
1997.000000	2.370000
1997.083333	0.680000
1997.166667	1.430000
1997.250000	0.150000
1997.333333	1.430000
1997.416667	0.690000
1997.500000	1.820000
1997.583333	0.760000
1997.666667	0.690000
1997.750000	-1.780000
1997.833333	-3.170000
1997.916667	-0.890000
1998.000000	2.650000
1998.083333	0.570000
1998.166667	-0.050000
1998.250000	2.890000
1998.333333	1.110000
1998.416667	1.310000
1998.500000	2.130000
1998.583333	2.660000
1998.666667	0.740000
1998.750000	-0.260000
1998.833333	2.840000
1998.916667	2.590000
1999.000000	2.260000
1999.083333	0.560000
1999.166667	-1.390000
1999.250000	2.440000
1999.333333	2.510000
1999.416667	-1.810000
1999.500000	0.720000
1999.583333	1.440000
1999.666667	0.160000
1999.750000	3.350000
1999.833333	1.830000
1999.916667	3.120000
2000.000000	3.590000
2000.083333	2.320000
2000.166667	0.740000
2000.250000	0.970000
2000.333333	1.900000
2000.416667	-0.310000
2000.500000	0.520000
2000.583333	-1.220000
2000.666667	-3.200000
2000.750000	1.210000
2000.833333	-1.320000
2000.916667	-2.050000
2001.000000	1.430000
2001.083333	-2.700000
2001.166667	-0.570000
2001.250000	3.490000
2001.333333	-1.750000
2001.416667	-0.020000
2001.500000	0.200000
2001.583333	-0.150000
2001.666667	1.460000
2001.750000	1.360000
2001.833333	2.540000
2001.916667	1.160000
2002.000000	2.220000
2002.083333	2.800000
2002.166667	-4.420000
2002.250000	1.600000
2002.333333	-1.690000
2002.416667	-0.430000
2002.500000	-0.670000
2002.583333	1.140000
2002.666667	-2.180000
2002.750000	-5.770000
2002.833333	0.030000
2002.916667	1.290000
2003.000000	-0.520000
2003.083333	-0.980000
2003.166667	-0.070000
2003.250000	2.210000
2003.333333	1.040000
2003.416667	-2.520000
2003.500000	1.200000
2003.583333	2.330000
2003.666667	-0.990000
2003.750000	0.120000
2003.833333	-0.150000
2003.916667	-0.690000
2004.000000	2.560000
2004.083333	-3.330000
2004.166667	0.740000
2004.250000	1.200000
2004.333333	-0.150000
2004.416667	1.690000
2004.500000	2.520000
2004.583333	0.000000
2004.666667	1.770000
2004.750000	-0.590000
2004.833333	-1.180000
2004.916667	-1.020000
2005.000000	1.070000
2005.083333	1.590000
2005.166667	-0.120000
2005.250000	3.460000
2005.333333	-0.450000
2005.416667	-0.410000
2005.500000	-0.500000
2005.583333	0.500000
2005.666667	0.390000
2005.750000	-0.110000
2005.833333	0.660000
2005.916667	-2.760000
2006.000000	0.560000
2006.083333	-1.850000
2006.166667	1.660000
2006.250000	-0.690000
2006.333333	2.280000
2006.416667	2.050000
2006.500000	1.610000
2006.583333	-2.640000
2006.666667	-0.260000
2006.750000	1.790000
2006.833333	0.140000
2006.916667	1.340000
2007.000000	0.030000
2007.083333	2.360000
2007.166667	-0.770000
2007.250000	-0.330000
2007.333333	-1.020000
2007.416667	-0.650000
2007.500000	-2.670000
2007.583333	-0.280000
2007.666667	-1.880000
2007.750000	-0.860000
2007.833333	0.030000
2007.916667	2.800000
2008.000000	2.560000
2008.083333	1.090000
2008.166667	0.630000
2008.250000	-0.810000
2008.333333	-0.660000
2008.416667	3.000000
2008.500000	0.230000
2008.583333	0.600000
2008.666667	0.460000
2008.750000	2.210000
2008.833333	1.030000
2008.916667	1.010000
2009.000000	2.020000
2009.083333	0.940000
2009.166667	0.500000
2009.250000	-0.430000
2009.333333	-0.140000
2009.416667	0.540000
2009.500000	-0.130000
2009.583333	-2.440000
2009.666667	-0.780000
2009.750000	1.470000
2009.833333	-1.200000
2009.916667	1.090000
2010.000000	-0.400000
2010.083333	-2.120000
2010.166667	0.040000
2010.250000	0.080000
2010.333333	1.510000
2010.416667	3.140000
2010.500000	3.370000
2010.583333	1.240000
2010.666667	-0.330000
2010.750000	3.190000
2010.833333	3.880000
2010.916667	0.250000
2011.000000	0.480000
2011.083333	0.870000
2011.166667	-0.790000
2011.250000	1.620000
2011.333333	1.370000
2011.416667	0.720000
2011.500000	-1.520000
2011.583333	-0.730000
2011.666667	-1.790000
2011.750000	0.590000
2011.833333	-1.410000
2011.916667	3.430000
2012.000000	3.080000
2012.083333	-1.530000
2012.166667	0.480000
2012.250000	2.180000
2012.333333	0.470000
2012.416667	1.460000
2012.500000	3.180000
2012.583333	1.340000
2012.666667	0.090000
2012.750000	0.830000
2012.833333	-0.840000
2012.916667	-0.900000
2013.000000	0.710000
2013.083333	2.840000
2013.166667	2.310000
2013.250000	-0.070000
2013.333333	0.880000
2013.416667	0.230000
2013.500000	1.170000
2013.583333	-3.250000
2013.666667	-2.720000
2013.750000	-1.390000
2013.833333	1.070000
2013.916667	0.770000
2014.000000	-0.130000
2014.083333	0.360000
2014.166667	1.340000
2014.250000	1.180000
2014.333333	-1.620000
2014.416667	-0.210000
2014.500000	0.680000
2014.583333	1.970000
2014.666667	-1.620000
2014.750000	1.320000
2014.833333	0.350000
2014.916667	2.450000
2015.000000	1.350000
2015.083333	4.920000
2015.166667	0.880000
2015.250000	2.030000
2015.333333	0.410000
2015.416667	2.410000
2015.500000	2.000000
2015.583333	1.860000
2015.666667	1.910000
2015.750000	-0.660000
2015.833333	1.460000
2015.916667	0.720000
2016.000000	3.130000
2016.083333	1.350000
2016.166667	4.360000
2016.250000	1.060000
2016.333333	-0.920000
2016.416667	3.660000
2016.500000	0.810000
2016.583333	-1.280000
2016.666667	2.460000
2016.750000	-0.890000
2016.833333	-3.120000
2016.916667	-1.520000
2017.000000	-1.120000
2017.083333	-1.090000
2017.166667	-1.560000
2017.250000	1.650000
2017.333333	1.820000
2017.416667	1.980000
2017.500000	0.160000
2017.583333	0.310000
2017.666667	0.420000
2017.750000	-0.640000
2017.833333	3.180000
2017.916667	1.440000
2018.000000	2.720000
2018.083333	1.020000
2018.166667	-0.030000
2018.250000	-1.660000
2018.333333	0.010000
2018.416667	-1.570000
2018.500000	0.550000
2018.583333	-0.780000
2018.666667	1.830000
2018.750000	2.760000
2018.833333	2.840000
2018.916667	1.440000
2019.000000	2.790000
2019.083333	-1.870000
2019.166667	1.470000
2019.250000	0.860000
2019.333333	-0.110000
2019.416667	2.210000
2019.500000	-2.200000
2019.583333	-2.040000
2019.666667	0.810000
2019.750000	-1.970000
2019.833333	-4.420000
2019.916667	-1.780000
2020.000000	0.570000
2020.083333	-0.360000
2020.166667	2.050000
2020.250000	-1.720000
2020.333333	1.030000
2020.416667	1.180000
2020.500000	-0.970000
2020.583333	-2.200000
2020.666667	-0.250000
2020.750000	1.790000
2020.833333	1.140000
2020.916667	2.280000
2021.000000	1.950000
2021.083333	2.190000
2021.166667	-0.950000
2021.250000	0.870000
2021.333333	0.750000
2021.416667	1.880000
2021.500000	-1.060000
2021.583333	0.730000
2021.666667	1.680000
2021.750000	0.800000
2021.833333	2.690000
2021.916667	2.740000
2022.000000	2.190000
2022.083333	1.920000
2022.166667	1.280000
2022.250000	2.490000
2022.333333	0.250000
2022.416667	-2.340000
2022.500000	1.240000
2022.583333	0.660000
2022.666667	2.250000
2022.750000	1.710000
2022.833333	3.710000
2022.916667	2.940000
2023.000000	4.560000
2023.083333	0.450000
2023.166667	0.150000
2023.250000	-0.780000
2023.333333	1.800000
2023.416667	-1.180000
2023.500000	-0.460000
2023.583333	1.440000
2023.666667	-1.220000
2023.750000	1.680000
2023.833333	0.520000
2023.916667	2.280000
2024.000000	2.840000
2024.083333	2.740000
2024.166667	1.050000
2024.250000	1.480000
2024.333333	1.700000
2024.416667	1.470000
2024.500000	0.560000
2024.583333	-4.440000
2024.666667	0.660000
2024.750000	-0.730000
2024.833333	3.370000
2024.916667	-1.540000
2025.000000	1.400000
2025.083333	0.310000
2025.166667	3.390000
2025.250000	2.680000
2025.333333	0.890000
2025.416667	0.130000
2025.500000	1.160000
2025.583333	1.520000
2025.666667	-1.110000
2025.750000	-2.980000
2025.833333	-2.560000
2025.916667	-0.640000
2026.000000	2.260000
2026.083333	1.900000
2026.166667	0.960000
2026.250000	0.310000
2026.333333	1.960000
2026.416667	5.930000
2026.500000	1.840000
2026.583333	1.590000
