1856.000000 0.383897
1856.083333 0.301818
1856.166667 0.380438
1856.250000 0.323368
1856.333333 0.129255
1856.416667 0.095660
1856.500000 -0.075374
1856.583333 -0.012495
1856.666667 0.144184
1856.750000 0.135700
1856.833333 -0.129673
1856.916667 -0.302354
1857.000000 -0.401429
1857.083333 -0.568116
1857.166667 -0.551822
1857.250000 -0.687039
1857.333333 -0.739142
1857.416667 -0.451253
1857.500000 -0.536198
1857.583333 -0.573278
1857.666667 -0.424171
1857.750000 -0.493665
1857.833333 -0.706762
1857.916667 -0.551754
1858.000000 -0.331096
1858.083333 -0.258201
1858.166667 -0.290826
1858.250000 -0.246436
1858.333333 -0.285629
1858.416667 -0.308701
1858.500000 -0.321736
1858.583333 -0.309845
1858.666667 -0.086188
1858.750000 -0.036376
1858.833333 -0.041479
1858.916667 -0.327055
1859.000000 -0.232746
1859.083333 -0.493040
1859.166667 -0.470882
1859.250000 -0.436394
1859.333333 -0.268478
1859.416667 -0.202327
1859.500000 -0.264180
1859.583333 -0.074878
1859.666667 0.004321
1859.750000 0.016979
1859.833333 -0.295346
1859.916667 -0.435256
1860.000000 -0.425708
1860.083333 -0.358784
1860.166667 -0.315019
1860.250000 -0.336206
1860.333333 -0.343416
1860.416667 -0.288511
1860.500000 -0.238475
1860.583333 -0.111808
1860.666667 -0.284817
1860.750000 -0.062817
1860.833333 -0.211759
1860.916667 -0.229561
1861.000000 -0.310111
1861.083333 -0.392357
1861.166667 -0.303442
1861.250000 -0.303297
1861.333333 -0.235450
1861.416667 -0.276777
1861.500000 -0.197416
1861.583333 -0.462546
1861.666667 -0.480641
1861.750000 -0.150490
1861.833333 -0.069910
1861.916667 -0.298683
1862.000000 -0.300767
1862.083333 -0.418827
1862.166667 -0.406834
1862.250000 -0.361433
1862.333333 -0.407233
1862.416667 -0.470234
1862.500000 -0.513884
1862.583333 -0.393670
1862.666667 -0.248103
1862.750000 -0.481210
1862.833333 -0.851397
1862.916667 -0.733054
1863.000000 -0.583475
1863.083333 -0.620845
1863.166667 -0.780188
1863.250000 -0.903274
1863.333333 -0.908438
1863.416667 -0.665538
1863.500000 -0.529538
1863.583333 -0.409036
1863.666667 -0.185081
1863.750000 -0.188730
1863.833333 -0.156782
1863.916667 -0.288362
1864.000000 -0.171447
1864.083333 -0.263080
1864.166667 -0.497553
1864.250000 -0.211360
1864.333333 -0.319495
1864.416667 -0.112785
1864.500000 -0.207662
1864.583333 -0.284628
1864.666667 -0.075918
1864.750000 -0.012463
1864.833333 0.129854
1864.916667 -0.080706
1865.000000 0.044720
1865.083333 -0.096503
1865.166667 -0.127086
1865.250000 0.046607
1865.333333 -0.013848
1865.416667 0.059810
1865.500000 0.027189
1865.583333 -0.045211
1865.666667 0.084486
1865.750000 0.107550
1865.833333 0.019085
1865.916667 -0.030705
1866.000000 0.123981
1866.083333 0.311849
1866.166667 0.490526
1866.250000 0.186427
1866.333333 0.129094
1866.416667 0.103797
1866.500000 0.020241
1866.583333 0.074930
1866.666667 0.026364
1866.750000 -0.003327
1866.833333 0.033025
1866.916667 -0.080860
1867.000000 0.144432
1867.083333 0.022288
1867.166667 0.021507
1867.250000 0.216727
1867.333333 0.257219
1867.416667 -0.047803
1867.500000 -0.159918
1867.583333 -0.115877
1867.666667 -0.305091
1867.750000 -0.232831
1867.833333 -0.240358
1867.916667 -0.335207
1868.000000 -0.435932
1868.083333 -0.443547
1868.166667 -0.621366
1868.250000 -0.455509
1868.333333 -0.353989
1868.416667 -0.334872
1868.500000 -0.251158
1868.583333 0.011193
1868.666667 0.165452
1868.750000 0.122490
1868.833333 0.079594
1868.916667 -0.158325
1869.000000 -0.382482
1869.083333 -0.307766
1869.166667 -0.248085
1869.250000 -0.296511
1869.333333 -0.162779
1869.416667 -0.082261
1869.500000 -0.290729
1869.583333 -0.474830
1869.666667 -0.388833
1869.750000 -0.215527
1869.833333 -0.298157
1869.916667 -0.517560
1870.000000 -0.302704
1870.083333 0.233178
1870.166667 0.291290
1870.250000 0.164505
1870.333333 -0.077566
1870.416667 -0.359907
1870.500000 -0.342421
1870.583333 -0.295699
1870.666667 -0.305049
1870.750000 -0.171959
1870.833333 -0.290611
1870.916667 -0.157296
1871.000000 -0.103281
1871.083333 0.061840
1871.166667 0.191403
1871.250000 -0.005416
1871.333333 -0.085422
1871.416667 -0.415230
1871.500000 -0.352212
1871.583333 -0.362677
1871.666667 -0.375658
1871.750000 -0.272292
1871.833333 -0.231061
1871.916667 -0.283377
1872.000000 -0.043605
1872.083333 -0.086207
1872.166667 -0.132757
1872.250000 -0.013533
1872.333333 0.185559
1872.416667 -0.119644
1872.500000 -0.387651
1872.583333 -0.382658
1872.666667 -0.039050
1872.750000 -0.006644
1872.833333 -0.034344
1872.916667 -0.216181
1873.000000 -0.340530
1873.083333 -0.547910
1873.166667 -0.547476
1873.250000 -0.296072
1873.333333 -0.255637
1873.416667 -0.392501
1873.500000 -0.599165
1873.583333 -0.609344
1873.666667 -0.302999
1873.750000 -0.249692
1873.833333 -0.014892
1873.916667 -0.092207
1874.000000 -0.109728
1874.083333 -0.447485
1874.166667 -0.513275
1874.250000 -0.553638
1874.333333 -0.407884
1874.416667 -0.429405
1874.500000 -0.280943
1874.583333 -0.580999
1874.666667 -0.573024
1874.750000 -0.876318
1874.833333 -0.878363
1874.916667 -0.763811
1875.000000 -0.436178
1875.083333 -0.155793
1875.166667 -0.229796
1875.250000 -0.154359
1875.333333 -0.165450
1875.416667 -0.182682
1875.500000 0.083237
1875.583333 -0.117899
1875.666667 -0.200712
1875.750000 -0.262643
1875.833333 -0.305297
1875.916667 -0.352810
1876.000000 -0.553392
1876.083333 -0.332101
1876.166667 -0.103206
1876.250000 -0.301153
1876.333333 -0.115842
1876.416667 0.020854
1876.500000 -0.239256
1876.583333 -0.604458
1876.666667 -0.480108
1876.750000 -0.512202
1876.833333 -0.179352
1876.916667 0.029083
1877.000000 0.025589
1877.083333 0.138881
1877.166667 0.253492
1877.250000 0.338300
1877.333333 0.413903
1877.416667 0.458037
1877.500000 0.602227
1877.583333 0.553930
1877.666667 0.782883
1877.750000 0.968627
1877.833333 0.875432
1877.916667 0.653175
1878.000000 0.304626
1878.083333 0.375219
1878.166667 0.571022
1878.250000 0.513007
1878.333333 0.382643
1878.416667 0.497008
1878.500000 0.455203
1878.583333 0.094129
1878.666667 -0.243662
1878.750000 -0.131985
1878.833333 -0.244197
1878.916667 -0.048377
1879.000000 0.071118
1879.083333 0.122087
1879.166667 0.092418
1879.250000 0.213867
1879.333333 0.392226
1879.416667 0.102032
1879.500000 -0.301228
1879.583333 -0.554334
1879.666667 -0.509670
1879.750000 -0.530652
1879.833333 -0.524864
1879.916667 -0.801082
1880.000000 -0.696508
1880.083333 -0.460093
1880.166667 -0.027580
1880.250000 -0.331967
1880.333333 -0.482133
1880.416667 -0.473025
1880.500000 -0.403545
1880.583333 -0.271799
1880.666667 -0.347871
1880.750000 -0.034930
1880.833333 -0.188677
1880.916667 -0.246807
1881.000000 0.062547
1881.083333 0.140338
1881.166667 0.389256
1881.250000 0.724748
1881.333333 0.473339
1881.416667 0.468384
1881.500000 0.235829
1881.583333 0.260435
1881.666667 0.005570
1881.750000 0.157961
1881.833333 -0.285181
1881.916667 -0.525144
1882.000000 -0.258595
1882.083333 -0.191329
1882.166667 -0.498099
1882.250000 -0.544176
1882.333333 -0.409016
1882.416667 -0.521983
1882.500000 -0.241541
1882.583333 -0.314738
1882.666667 -0.108923
1882.750000 -0.334228
1882.833333 -0.335168
1882.916667 -0.350480
1883.000000 -0.254548
1883.083333 -0.254838
1883.166667 -0.153464
1883.250000 0.067353
1883.333333 0.193841
1883.416667 -0.031334
1883.500000 -0.453416
1883.583333 -0.125468
1883.666667 -0.052608
1883.750000 -0.255714
1883.833333 -0.029336
1883.916667 -0.404177
1884.000000 -0.483798
1884.083333 -0.427227
1884.166667 -0.521914
1884.250000 -0.380223
1884.333333 -0.154963
1884.416667 -0.244373
1884.500000 0.047882
1884.583333 -0.074854
1884.666667 -0.238057
1884.750000 -0.289744
1884.833333 -0.303104
1884.916667 -0.060167
1885.000000 0.152691
1885.083333 -0.001942
1885.166667 -0.143369
1885.250000 -0.598554
1885.333333 -0.324561
1885.416667 -0.349288
1885.500000 -0.247196
1885.583333 0.036968
1885.666667 0.241213
1885.750000 0.425571
1885.833333 0.115651
1885.916667 0.331988
1886.000000 0.282808
1886.083333 0.120398
1886.166667 0.128722
1886.250000 -0.200431
1886.333333 -0.347743
1886.416667 -0.291866
1886.500000 -0.306750
1886.583333 -0.462336
1886.666667 -0.351061
1886.750000 -0.143100
1886.833333 -0.096844
1886.916667 -0.066872
1887.000000 -0.107180
1887.083333 -0.146621
1887.166667 0.075464
1887.250000 -0.100798
1887.333333 -0.028951
1887.416667 -0.280806
1887.500000 -0.234606
1887.583333 -0.641648
1887.666667 -0.418793
1887.750000 -0.277195
1887.833333 -0.264020
1887.916667 -0.102128
1888.000000 -0.066145
1888.083333 -0.112003
1888.166667 -0.057955
1888.250000 -0.035560
1888.333333 0.124836
1888.416667 0.093388
1888.500000 -0.276946
1888.583333 -0.087250
1888.666667 -0.252408
1888.750000 -0.031939
1888.833333 -0.197413
1888.916667 -0.101634
1889.000000 0.024007
1889.083333 0.090816
1889.166667 0.133127
1889.250000 0.073067
1889.333333 0.218383
1889.416667 0.071740
1889.500000 -0.099531
1889.583333 -0.375554
1889.666667 -0.194391
1889.750000 -0.245727
1889.833333 -0.495566
1889.916667 -0.291241
1890.000000 -0.368803
1890.083333 -0.176261
1890.166667 0.089475
1890.250000 -0.126298
1890.333333 -0.169199
1890.416667 -0.706627
1890.500000 -0.778849
1890.583333 -0.827205
1890.666667 -0.764725
1890.750000 -0.813016
1890.833333 -0.866726
1890.916667 -0.555091
1891.000000 -0.318166
1891.083333 -0.446091
1891.166667 0.045397
1891.250000 -0.039053
1891.333333 0.088482
1891.416667 -0.023561
1891.500000 -0.149123
1891.583333 0.008680
1891.666667 0.217724
1891.750000 0.220350
1891.833333 0.213713
1891.916667 0.072801
1892.000000 0.080902
1892.083333 0.307667
1892.166667 0.079915
1892.250000 -0.186997
1892.333333 -0.121041
1892.416667 -0.146475
1892.500000 -0.242421
1892.583333 -0.286193
1892.666667 -0.291037
1892.750000 -0.052584
1892.833333 -0.313027
1892.916667 -0.313741
1893.000000 -0.236197
1893.083333 -0.408770
1893.166667 -0.535073
1893.250000 -0.496623
1893.333333 -0.529246
1893.416667 -0.387823
1893.500000 -0.300156
1893.583333 -0.314309
1893.666667 -0.443474
1893.750000 -0.482210
1893.833333 -0.571633
1893.916667 -0.573599
1894.000000 -0.630208
1894.083333 -0.349110
1894.166667 -0.261971
1894.250000 -0.410822
1894.333333 -0.432026
1894.416667 -0.473411
1894.500000 -0.552770
1894.583333 -0.673990
1894.666667 -0.439260
1894.750000 -0.300727
1894.833333 -0.433462
1894.916667 -0.113305
1895.000000 0.267707
1895.083333 0.387504
1895.166667 0.130407
1895.250000 0.046995
1895.333333 -0.282038
1895.416667 -0.457065
1895.500000 -0.445361
1895.583333 -0.308693
1895.666667 -0.196006
1895.750000 -0.084607
1895.833333 0.019290
1895.916667 0.242936
1896.000000 0.027096
1896.083333 0.009987
1896.166667 -0.028457
1896.250000 0.001745
1896.333333 -0.159276
1896.416667 -0.269070
1896.500000 -0.315367
1896.583333 -0.411625
1896.666667 -0.097787
1896.750000 0.193278
1896.833333 0.312904
1896.916667 0.485348
1897.000000 0.370500
1897.083333 0.218185
1897.166667 0.009032
1897.250000 -0.078915
1897.333333 0.062656
1897.416667 0.132964
1897.500000 0.295563
1897.583333 0.065838
1897.666667 0.323405
1897.750000 0.041968
1897.833333 -0.019910
1897.916667 -0.117129
1898.000000 -0.329256
1898.083333 -0.406247
1898.166667 -0.558788
1898.250000 -0.619825
1898.333333 -0.528382
1898.416667 -0.734147
1898.500000 -0.776732
1898.583333 -0.757230
1898.666667 -0.522903
1898.750000 -0.210044
1898.833333 -0.422488
1898.916667 -0.599562
1899.000000 -0.682574
1899.083333 -0.633140
1899.166667 -0.745168
1899.250000 -0.738716
1899.333333 -0.650169
1899.416667 -0.833868
1899.500000 -0.635748
1899.583333 -0.156675
1899.666667 -0.097441
1899.750000 0.234121
1899.833333 0.195176
1899.916667 0.173975
1900.000000 0.210519
1900.083333 0.171959
1900.166667 0.182327
1900.250000 0.331531
1900.333333 0.260175
1900.416667 0.167744
1900.500000 -0.052760
1900.583333 -0.230900
1900.666667 -0.051509
1900.750000 -0.144694
1900.833333 -0.092757
1900.916667 0.068009
1901.000000 0.070285
1901.083333 -0.275820
1901.166667 -0.172291
1901.250000 0.066573
1901.333333 -0.149483
1901.416667 -0.004060
1901.500000 -0.055378
1901.583333 -0.119116
1901.666667 -0.192101
1901.750000 -0.015011
1901.833333 -0.199678
1901.916667 -0.131218
1902.000000 -0.256348
1902.083333 -0.193464
1902.166667 -0.219385
1902.250000 -0.114118
1902.333333 -0.114002
1902.416667 -0.044809
1902.500000 0.009664
1902.583333 0.096910
1902.666667 -0.056810
1902.750000 0.055514
1902.833333 0.055310
1902.916667 0.248149
1903.000000 -0.093314
1903.083333 -0.138536
1903.166667 -0.289296
1903.250000 -0.382292
1903.333333 -0.338529
1903.416667 -0.424039
1903.500000 -0.466890
1903.583333 -0.542871
1903.666667 -0.403305
1903.750000 -0.426685
1903.833333 -0.368268
1903.916667 -0.489199
1904.000000 -0.646947
1904.083333 -0.806011
1904.166667 -0.698496
1904.250000 -0.590724
1904.333333 -0.468020
1904.416667 -0.403510
1904.500000 -0.458731
1904.583333 -0.198209
1904.666667 -0.152313
1904.750000 -0.106516
1904.833333 -0.002523
1904.916667 0.005165
1905.000000 -0.079811
1905.083333 -0.331409
1905.166667 -0.293882
1905.250000 -0.452606
1905.333333 -0.135957
1905.416667 0.097121
1905.500000 -0.074318
1905.583333 0.304950
1905.666667 0.283414
1905.750000 0.140281
1905.833333 0.120807
1905.916667 0.009373
1906.000000 0.008807
1906.083333 -0.095909
1906.166667 -0.480723
1906.250000 -0.467157
1906.333333 -0.311858
1906.416667 -0.166829
1906.500000 -0.341262
1906.583333 -0.500143
1906.666667 -0.302586
1906.750000 0.018837
1906.833333 -0.035135
1906.916667 0.057292
1907.000000 -0.074056
1907.083333 -0.201393
1907.166667 -0.436854
1907.250000 -0.683142
1907.333333 -0.531016
1907.416667 -0.174138
1907.500000 -0.075631
1907.583333 -0.877582
1907.666667 -0.724167
1907.750000 -0.344658
1907.833333 -0.313857
1907.916667 -0.045066
1908.000000 -0.284775
1908.083333 -0.428308
1908.166667 -0.672385
1908.250000 -0.699146
1908.333333 -0.373800
1908.416667 -0.160120
1908.500000 -0.433886
1908.583333 -0.260706
1908.666667 -0.083612
1908.750000 -0.067996
1908.833333 -0.188325
1908.916667 -0.356479
1909.000000 -0.543508
1909.083333 -0.484239
1909.166667 -0.408064
1909.250000 -0.157364
1909.333333 -0.190806
1909.416667 -0.386272
1909.500000 -0.482039
1909.583333 -0.352926
1909.666667 -0.327399
1909.750000 -0.173439
1909.833333 0.017719
1909.916667 -0.003570
1910.000000 -0.372043
1910.083333 -0.473309
1910.166667 -0.559576
1910.250000 -0.654975
1910.333333 -0.619948
1910.416667 -0.553233
1910.500000 -0.419209
1910.583333 -0.429961
1910.666667 -0.162264
1910.750000 -0.095079
1910.833333 -0.132238
1910.916667 -0.158833
1911.000000 -0.303848
1911.083333 -0.661162
1911.166667 -0.769092
1911.250000 -0.737097
1911.333333 -0.613723
1911.416667 -0.805469
1911.500000 -0.567492
1911.583333 -0.413709
1911.666667 -0.288736
1911.750000 -0.225111
1911.833333 -0.490375
1911.916667 -0.399430
1912.000000 -0.141124
1912.083333 -0.505036
1912.166667 -0.581426
1912.250000 -0.522676
1912.333333 -0.311542
1912.416667 -0.148004
1912.500000 -0.335886
1912.583333 -0.455753
1912.666667 -0.152727
1912.750000 -0.187878
1912.833333 -0.345447
1912.916667 -0.673486
1913.000000 -0.563861
1913.083333 -0.409646
1913.166667 -0.864066
1913.250000 -0.572837
1913.333333 -0.275945
1913.416667 -0.402882
1913.500000 -0.499960
1913.583333 -0.423898
1913.666667 -0.139963
1913.750000 -0.194479
1913.833333 -0.177119
1913.916667 -0.193846
1914.000000 -0.134166
1914.083333 -0.089698
1914.166667 -0.376906
1914.250000 -0.190221
1914.333333 -0.111084
1914.416667 0.116072
1914.500000 -0.336320
1914.583333 -0.397913
1914.666667 -0.242568
1914.750000 -0.188718
1914.833333 0.002885
1914.916667 0.125645
1915.000000 -0.187640
1915.083333 -0.102671
1915.166667 -0.027731
1915.250000 -0.043064
1915.333333 0.125393
1915.416667 0.280124
1915.500000 0.371895
1915.583333 0.193340
1915.666667 -0.018057
1915.750000 -0.171919
1915.833333 0.074957
1915.916667 -0.230042
1916.000000 -0.392445
1916.083333 -0.579843
1916.166667 -0.559740
1916.250000 -0.632486
1916.333333 -0.224647
1916.416667 -0.342568
1916.500000 -0.234748
1916.583333 -0.436785
1916.666667 -0.560394
1916.750000 -0.430531
1916.833333 -0.784614
1916.916667 -0.474084
1917.000000 -0.360137
1917.083333 -0.347184
1917.166667 -0.639726
1917.250000 -0.727624
1917.333333 -0.713964
1917.416667 -0.308174
1917.500000 -0.211095
1917.583333 -0.379795
1917.666667 -0.550003
1917.750000 -0.480229
1917.833333 -0.460456
1917.916667 -0.253004
1918.000000 -0.201935
1918.083333 -0.255779
1918.166667 -0.079587
1918.250000 -0.544986
1918.333333 -0.434911
1918.416667 -0.413369
1918.500000 -0.142029
1918.583333 -0.205161
1918.666667 0.060350
1918.750000 0.395404
1918.833333 0.310858
1918.916667 0.087648
1919.000000 0.109894
1919.083333 0.118101
1919.166667 -0.263597
1919.250000 -0.175009
1919.333333 -0.094236
1919.416667 -0.391581
1919.500000 -0.249676
1919.583333 -0.240097
1919.666667 -0.000202
1919.750000 0.048884
1919.833333 -0.076976
1919.916667 -0.196303
1920.000000 -0.347818
1920.083333 -0.329963
1920.166667 -0.489489
1920.250000 -0.403774
1920.333333 -0.317487
1920.416667 -0.213585
1920.500000 -0.149078
1920.583333 -0.008380
1920.666667 -0.185313
1920.750000 -0.362784
1920.833333 -0.630955
1920.916667 -0.456273
1921.000000 -0.348189
1921.083333 -0.480557
1921.166667 -0.587581
1921.250000 -0.183809
1921.333333 -0.322317
1921.416667 -0.522767
1921.500000 -0.300070
1921.583333 -0.487700
1921.666667 -0.205173
1921.750000 -0.258423
1921.833333 -0.142405
1921.916667 0.038625
1922.000000 0.166887
1922.083333 0.018179
1922.166667 -0.041011
1922.250000 -0.035288
1922.333333 -0.231130
1922.416667 -0.109740
1922.500000 -0.108623
1922.583333 -0.471534
1922.666667 -0.354323
1922.750000 -0.267265
1922.833333 -0.146004
1922.916667 0.151186
1923.000000 -0.193859
1923.083333 -0.512833
1923.166667 -0.333150
1923.250000 -0.227713
1923.333333 -0.272476
1923.416667 -0.224972
1923.500000 -0.189426
1923.583333 -0.401394
1923.666667 -0.000718
1923.750000 -0.001105
1923.833333 -0.206183
1923.916667 0.008799
1924.000000 -0.047411
1924.083333 -0.040668
1924.166667 0.206308
1924.250000 -0.015572
1924.333333 -0.208283
1924.416667 0.054609
1924.500000 0.197831
1924.583333 -0.188804
1924.666667 0.094494
1924.750000 -0.136976
1924.833333 -0.124364
1924.916667 -0.395096
1925.000000 -0.886530
1925.083333 -0.912439
1925.166667 -0.455712
1925.250000 0.084621
1925.333333 -0.172181
1925.416667 -0.403113
1925.500000 -0.329912
1925.583333 -0.280232
1925.666667 -0.175021
1925.750000 -0.064427
1925.833333 -0.206485
1925.916667 -0.201338
1926.000000 -0.014205
1926.083333 0.357758
1926.166667 0.331016
1926.250000 -0.047254
1926.333333 0.178469
1926.416667 0.420980
1926.500000 0.590551
1926.583333 0.238591
1926.666667 -0.079102
1926.750000 0.176192
1926.833333 -0.056454
1926.916667 0.276218
1927.000000 0.019549
1927.083333 0.033398
1927.166667 -0.575212
1927.250000 -0.460010
1927.333333 0.023499
1927.416667 0.351087
1927.500000 0.055158
1927.583333 -0.066648
1927.666667 0.049446
1927.750000 0.090017
1927.833333 -0.066167
1927.916667 0.005840
1928.000000 0.147912
1928.083333 -0.284016
1928.166667 -0.469188
1928.250000 -0.355927
1928.333333 -0.105309
1928.416667 -0.053113
1928.500000 0.027526
1928.583333 -0.051050
1928.666667 0.095970
1928.750000 0.119451
1928.833333 -0.130226
1928.916667 -0.231685
1929.000000 -0.121908
1929.083333 -0.043358
1929.166667 -0.127642
1929.250000 0.183004
1929.333333 0.242843
1929.416667 -0.058458
1929.500000 -0.101717
1929.583333 -0.205700
1929.666667 -0.100067
1929.750000 0.028705
1929.833333 -0.076556
1929.916667 -0.000984
1930.000000 -0.402973
1930.083333 -0.411014
1930.166667 -0.267681
1930.250000 -0.270049
1930.333333 -0.424195
1930.416667 -0.324098
1930.500000 -0.412735
1930.583333 -0.286598
1930.666667 0.073881
1930.750000 0.295731
1930.833333 0.370805
1930.916667 0.238284
1931.000000 0.003651
1931.083333 0.149695
1931.166667 0.230768
1931.250000 0.362719
1931.333333 0.575185
1931.416667 0.640404
1931.500000 0.550434
1931.583333 -0.012766
1931.666667 -0.008744
1931.750000 -0.023323
1931.833333 -0.256041
1931.916667 -0.447732
1932.000000 -0.598117
1932.083333 -0.494451
1932.166667 -0.122072
1932.250000 0.032800
1932.333333 0.005531
1932.416667 0.011332
1932.500000 -0.051337
1932.583333 0.108563
1932.666667 0.228165
1932.750000 0.504239
1932.833333 0.440142
1932.916667 0.307757
1933.000000 0.108517
1933.083333 -0.087429
1933.166667 -0.085330
1933.250000 0.010707
1933.333333 0.264835
1933.416667 0.012443
1933.500000 -0.114221
1933.583333 -0.140121
1933.666667 -0.264515
1933.750000 0.029489
1933.833333 0.042825
1933.916667 -0.057644
1934.000000 -0.394661
1934.083333 -0.558929
1934.166667 -0.555186
1934.250000 0.038456
1934.333333 0.165329
1934.416667 0.115372
1934.500000 -0.246024
1934.583333 -0.143835
1934.666667 0.280161
1934.750000 0.247722
1934.833333 0.247071
1934.916667 0.370491
1935.000000 0.123699
1935.083333 0.002551
1935.166667 -0.104311
1935.250000 -0.129986
1935.333333 0.190905
1935.416667 0.461908
1935.500000 0.382015
1935.583333 0.222094
1935.666667 0.181153
1935.750000 0.561564
1935.833333 0.103039
1935.916667 0.452968
1936.000000 0.537409
1936.083333 0.418052
1936.166667 -0.180998
1936.250000 0.245613
1936.333333 0.464796
1936.416667 0.340904
1936.500000 0.389940
1936.583333 0.270291
1936.666667 0.080471
1936.750000 0.221431
1936.833333 0.218035
1936.916667 0.535921
1937.000000 0.215467
1937.083333 0.163942
1937.166667 0.019518
1937.250000 0.130715
1937.333333 0.327024
1937.416667 0.429155
1937.500000 -0.003452
1937.583333 -0.116863
1937.666667 0.349417
1937.750000 0.310824
1937.833333 0.593770
1937.916667 0.496063
1938.000000 0.444157
1938.083333 0.280257
1938.166667 0.031536
1938.250000 0.235216
1938.333333 0.312734
1938.416667 0.287773
1938.500000 0.466794
1938.583333 0.558554
1938.666667 0.531630
1938.750000 0.440262
1938.833333 -0.132242
1938.916667 -0.074582
1939.000000 -0.157339
1939.083333 -0.002942
1939.166667 -0.059487
1939.250000 -0.088972
1939.333333 -0.068472
1939.416667 0.041835
1939.500000 0.125499
1939.583333 0.100534
1939.666667 -0.079128
1939.750000 0.109213
1939.833333 0.406603
1939.916667 0.271435
1940.000000 0.128140
1940.083333 0.178491
1940.166667 -0.181224
1940.250000 -0.142784
1940.333333 0.104034
1940.416667 0.212430
1940.500000 -0.003867
1940.583333 -0.404452
1940.666667 -0.042865
1940.750000 0.391966
1940.833333 0.482518
1940.916667 0.428935
1941.000000 0.554626
1941.083333 0.738730
1941.166667 0.397469
1941.250000 0.411212
1941.333333 0.395036
1941.416667 0.636556
1941.500000 0.545605
1941.583333 0.526909
1941.666667 0.196720
1941.750000 0.589981
1941.833333 0.621627
1941.916667 0.807782
1942.000000 0.339656
1942.083333 0.588979
1942.166667 0.439911
1942.250000 0.361809
1942.333333 0.469781
1942.416667 0.350883
1942.500000 -0.244364
1942.583333 -0.262652
1942.666667 -0.244027
1942.750000 0.032922
1942.833333 0.238632
1942.916667 -0.002328
1943.000000 -0.019937
1943.083333 0.126213
1943.166667 0.015746
1943.250000 -0.182483
1943.333333 0.165372
1943.416667 0.173222
1943.500000 -0.108513
1943.583333 -0.125239
1943.666667 -0.144583
1943.750000 -0.093796
1943.833333 0.088369
1943.916667 -0.012126
1944.000000 -0.004626
1944.083333 0.082894
1944.166667 0.210908
1944.250000 0.099626
1944.333333 0.215157
1944.416667 0.242138
1944.500000 0.134726
1944.583333 -0.045144
1944.666667 0.189967
1944.750000 0.192535
1944.833333 0.017791
1944.916667 -0.040768
1945.000000 -0.201270
1945.083333 -0.020458
1945.166667 -0.072846
1945.250000 0.020301
1945.333333 0.080592
1945.416667 0.178704
1945.500000 0.009655
1945.583333 -0.091479
1945.666667 -0.258558
1945.750000 -0.510195
1945.833333 -0.000714
1945.916667 0.240860
1946.000000 0.243033
1946.083333 -0.150788
1946.166667 -0.221392
1946.250000 0.098173
1946.333333 0.044819
1946.416667 -0.044636
1946.500000 -0.280945
1946.583333 -0.370772
1946.666667 -0.297345
1946.750000 -0.031532
1946.833333 -0.163418
1946.916667 -0.145356
1947.000000 0.283384
1947.083333 0.334876
1947.166667 0.142865
1947.250000 0.297917
1947.333333 0.173132
1947.416667 0.123794
1947.500000 0.231323
1947.583333 -0.140120
1947.666667 -0.603753
1947.750000 -0.423212
1947.833333 0.085863
1947.916667 -0.063168
1948.000000 -0.093560
1948.083333 -0.142187
1948.166667 -0.004664
1948.250000 0.036392
1948.333333 0.205667
1948.416667 0.280193
1948.500000 0.070933
1948.583333 -0.182503
1948.666667 -0.504464
1948.750000 -0.653726
1948.833333 -0.364691
1948.916667 -0.013573
1949.000000 -0.282024
1949.083333 -0.289662
1949.166667 -0.212388
1949.250000 -0.131142
1949.333333 0.082648
1949.416667 0.183499
1949.500000 -0.010298
1949.583333 -0.075770
1949.666667 -0.065991
1949.750000 -0.457934
1949.833333 -0.570069
1949.916667 -0.376255
1950.000000 -0.343544
1950.083333 -0.536224
1950.166667 -0.410519
1950.250000 -0.387857
1950.333333 -0.549429
1950.416667 -0.461036
1950.500000 -0.502701
1950.583333 0.046212
1950.666667 0.153143
1950.750000 0.224147
1950.833333 -0.179844
1950.916667 -0.222987
1951.000000 -0.136796
1951.083333 -0.517259
1951.166667 -0.090472
1951.250000 -0.095420
1951.333333 0.113020
1951.416667 0.272457
1951.500000 0.177485
1951.583333 0.199969
1951.666667 0.695076
1951.750000 0.347523
1951.833333 0.330685
1951.916667 0.410824
1952.000000 0.000864
1952.083333 0.086108
1952.166667 -0.000973
1952.250000 0.238981
1952.333333 0.055234
1952.416667 0.127496
1952.500000 -0.190256
1952.583333 -0.145251
1952.666667 -0.084059
1952.750000 -0.106066
1952.833333 0.010817
1952.916667 -0.034538
1953.000000 0.260449
1953.083333 0.533956
1953.166667 0.321498
1953.250000 0.162970
1953.333333 0.297372
1953.416667 0.368375
1953.500000 0.176520
1953.583333 -0.101947
1953.666667 0.048750
1953.750000 0.218412
1953.833333 0.253532
1953.916667 0.292268
1954.000000 0.217010
1954.083333 0.230928
1954.166667 0.061616
1954.250000 0.033341
1954.333333 0.146905
1954.416667 0.093989
1954.500000 0.017818
1954.583333 0.059477
1954.666667 -0.074979
1954.750000 -0.161655
1954.833333 0.239700
1954.916667 0.242943
1955.000000 0.387408
1955.083333 0.204554
1955.166667 0.203587
1955.250000 0.003676
1955.333333 -0.037941
1955.416667 0.121015
1955.500000 -0.132305
1955.583333 -0.140065
1955.666667 -0.055846
1955.750000 -0.159281
1955.833333 -0.021592
1955.916667 0.082905
1956.000000 -0.024081
1956.083333 -0.053812
1956.166667 0.164200
1956.250000 -0.163504
1956.333333 -0.513352
1956.416667 -0.336234
1956.500000 -0.430320
1956.583333 -0.060096
1956.666667 0.119139
1956.750000 -0.036154
1956.833333 -0.309122
1956.916667 -0.044566
1957.000000 -0.212868
1957.083333 -0.286742
1957.166667 -0.384738
1957.250000 -0.356411
1957.333333 -0.201472
1957.416667 -0.089510
1957.500000 0.193567
1957.583333 0.353639
1957.666667 0.302297
1957.750000 -0.069674
1957.833333 0.410875
1957.916667 0.345569
1958.000000 0.287150
1958.083333 0.132970
1958.166667 0.209766
1958.250000 0.347830
1958.333333 0.451309
1958.416667 0.668086
1958.500000 0.395999
1958.583333 0.370439
1958.666667 0.123915
1958.750000 -0.026122
1958.833333 -0.229174
1958.916667 -0.067954
1959.000000 0.017835
1959.083333 -0.129944
1959.166667 -0.445143
1959.250000 0.150325
1959.333333 0.243831
1959.416667 0.339047
1959.500000 -0.144707
1959.583333 -0.270682
1959.666667 -0.637154
1959.750000 -0.207297
1959.833333 -0.348035
1959.916667 -0.096692
1960.000000 0.257520
1960.083333 0.383337
1960.166667 0.288993
1960.250000 0.179791
1960.333333 0.097877
1960.416667 0.242223
1960.500000 0.308284
1960.583333 0.406987
1960.666667 0.212847
1960.750000 0.073596
1960.833333 0.060199
1960.916667 0.061601
1961.000000 0.096759
1961.083333 0.185791
1961.166667 0.102114
1961.250000 -0.129757
1961.333333 0.096534
1961.416667 0.091476
1961.500000 0.031193
1961.583333 -0.038509
1961.666667 -0.484393
1961.750000 -0.279820
1961.833333 -0.363529
1961.916667 -0.229063
1962.000000 -0.148517
1962.083333 0.097539
1962.166667 0.294356
1962.250000 0.179645
1962.333333 0.151238
1962.416667 0.211359
1962.500000 0.307752
1962.583333 0.210878
1962.666667 0.193414
1962.750000 0.220832
1962.833333 0.098889
1962.916667 0.094673
1963.000000 0.538788
1963.083333 0.756347
1963.166667 0.474033
1963.250000 0.323139
1963.333333 -0.058381
1963.416667 -0.136371
1963.500000 0.087136
1963.583333 0.300276
1963.666667 0.244975
1963.750000 0.434448
1963.833333 0.408721
1963.916667 0.315322
1964.000000 0.019531
1964.083333 0.032239
1964.166667 0.185850
1964.250000 0.093534
1964.333333 0.023897
1964.416667 0.351495
1964.500000 0.022297
1964.583333 -0.374347
1964.666667 -0.196330
1964.750000 -0.309298
1964.833333 -0.462116
1964.916667 -0.903341
1965.000000 -0.642905
1965.083333 -0.362581
1965.166667 -0.279922
1965.250000 -0.585876
1965.333333 -0.405192
1965.416667 -0.060799
1965.500000 -0.012003
1965.583333 0.080136
1965.666667 0.532649
1965.750000 0.681029
1965.833333 0.607366
1965.916667 0.387471
1966.000000 0.257975
1966.083333 0.395257
1966.166667 -0.148770
1966.250000 -0.121206
1966.333333 -0.036916
1966.416667 0.305520
1966.500000 0.542868
1966.583333 0.401098
1966.666667 0.298714
1966.750000 0.439562
1966.833333 0.050986
1966.916667 -0.184155
1967.000000 -0.349340
1967.083333 -0.312241
1967.166667 -0.234746
1967.250000 -0.640475
1967.333333 -0.270916
1967.416667 -0.309782
1967.500000 0.070100
1967.583333 -0.270081
1967.666667 -0.241295
1967.750000 0.150762
1967.833333 0.013994
1967.916667 -0.216796
1968.000000 -0.506951
1968.083333 -0.598626
1968.166667 -0.357928
1968.250000 -0.246316
1968.333333 -0.270764
1968.416667 -0.147548
1968.500000 -0.048125
1968.583333 -0.064224
1968.666667 0.149282
1968.750000 0.198021
1968.833333 0.289059
1968.916667 0.469292
1969.000000 0.410186
1969.083333 0.223796
1969.166667 0.396997
1969.250000 0.498178
1969.333333 0.574636
1969.416667 0.362571
1969.500000 0.381526
1969.583333 0.419651
1969.666667 0.234417
1969.750000 0.348531
1969.833333 0.176443
1969.916667 0.234577
1970.000000 0.303276
1970.083333 0.361017
1970.166667 0.235333
1970.250000 0.601598
1970.333333 0.322310
1970.416667 0.195469
1970.500000 -0.073138
1970.583333 0.051321
1970.666667 -0.006283
1970.750000 0.012012
1970.833333 0.065766
1970.916667 0.121649
1971.000000 -0.146838
1971.083333 -0.447496
1971.166667 -0.501265
1971.250000 -0.048325
1971.333333 -0.018085
1971.416667 -0.541054
1971.500000 -0.477884
1971.583333 -0.111772
1971.666667 -0.075098
1971.750000 -0.333675
1971.833333 -0.201981
1971.916667 0.003570
1972.000000 -0.257731
1972.083333 -0.607880
1972.166667 -0.722439
1972.250000 -0.451190
1972.333333 -0.332786
1972.416667 0.232988
1972.500000 0.416312
1972.583333 0.603280
1972.666667 0.653521
1972.750000 0.787510
1972.833333 0.420295
1972.916667 0.291769
1973.000000 -0.317697
1973.083333 -0.123237
1973.166667 0.074128
1973.250000 0.236144
1973.333333 0.384672
1973.416667 0.267658
1973.500000 0.102831
1973.583333 -0.010504
1973.666667 -0.418895
1973.750000 -0.039090
1973.833333 0.114068
1973.916667 -0.031000
1974.000000 -0.165538
1974.083333 -0.249792
1974.166667 0.083810
1974.250000 -0.095224
1974.333333 -0.083651
1974.416667 0.029246
1974.500000 0.131757
1974.583333 0.191012
1974.666667 0.153402
1974.750000 0.123309
1974.833333 0.211492
1974.916667 0.074966
1975.000000 -0.057689
1975.083333 -0.219923
1975.166667 -0.315263
1975.250000 -0.624812
1975.333333 -0.242460
1975.416667 -0.506463
1975.500000 0.014278
1975.583333 0.044443
1975.666667 -0.037072
1975.750000 -0.282925
1975.833333 -0.146812
1975.916667 -0.019117
1976.000000 -0.265449
1976.083333 0.052546
1976.166667 -0.320101
1976.250000 -0.142591
1976.333333 -0.176312
1976.416667 -0.105337
1976.500000 -0.121687
1976.583333 -0.488229
1976.666667 -0.368433
1976.750000 0.043089
1976.833333 0.041728
1976.916667 -0.093839
1977.000000 -0.093258
1977.083333 -0.221055
1977.166667 0.419160
1977.250000 0.316934
1977.333333 0.263550
1977.416667 0.442450
1977.500000 0.266070
1977.583333 -0.019766
1977.666667 -0.111716
1977.750000 0.237199
1977.833333 0.347594
1977.916667 0.485582
1978.000000 0.484600
1978.083333 0.300974
1978.166667 0.077754
1978.250000 0.035119
1978.333333 -0.262186
1978.416667 -0.288866
1978.500000 -0.311414
1978.583333 -0.389874
1978.666667 -0.504088
1978.750000 -0.498242
1978.833333 -0.243307
1978.916667 -0.097936
1979.000000 0.264683
1979.083333 0.079410
1979.166667 -0.062742
1979.250000 0.017685
1979.333333 0.075312
1979.416667 0.350645
1979.500000 0.015030
1979.583333 -0.416433
1979.666667 -0.007081
1979.750000 0.107480
1979.833333 0.074500
1979.916667 -0.069016
1980.000000 -0.068541
1980.083333 -0.087774
1980.166667 -0.053876
1980.250000 0.219589
1980.333333 0.332383
1980.416667 0.228301
1980.500000 0.072087
1980.583333 -0.026991
1980.666667 0.132111
1980.750000 0.205417
1980.833333 -0.079830
1980.916667 0.191322
1981.000000 0.130290
1981.083333 0.221653
1981.166667 0.201578
1981.250000 0.373360
1981.333333 0.269906
1981.416667 0.271346
1981.500000 0.066363
1981.583333 -0.092230
1981.666667 0.213194
1981.750000 0.200478
1981.833333 -0.007867
1981.916667 0.184283
1982.000000 0.105276
1982.083333 -0.101104
1982.166667 -0.436904
1982.250000 -0.464620
1982.333333 0.052744
1982.416667 0.344096
1982.500000 0.287414
1982.583333 0.006038
1982.666667 0.333474
1982.750000 0.395736
1982.833333 -0.038066
1982.916667 -0.136295
1983.000000 -0.396586
1983.083333 -0.462621
1983.166667 -0.660071
1983.250000 -0.701242
1983.333333 -0.137969
1983.416667 0.376413
1983.500000 0.404220
1983.583333 0.000250
1983.666667 -0.030963
1983.750000 0.002468
1983.833333 -0.097415
1983.916667 0.032623
1984.000000 -0.498706
1984.083333 -0.829419
1984.166667 -0.558565
1984.250000 0.009588
1984.333333 -0.115727
1984.416667 -0.341935
1984.500000 -0.374166
1984.583333 -0.545450
1984.666667 -0.634173
1984.750000 -0.363370
1984.833333 -0.556690
1984.916667 -0.267475
1985.000000 -0.368322
1985.083333 -0.393163
1985.166667 -0.668646
1985.250000 -0.332335
1985.333333 0.007930
1985.416667 0.036326
1985.500000 -0.363129
1985.583333 -0.390688
1985.666667 -0.148014
1985.750000 -0.207637
1985.833333 -0.094512
1985.916667 -0.194061
1986.000000 -0.543480
1986.083333 -0.402933
1986.166667 -0.454623
1986.250000 -0.103736
1986.333333 0.139309
1986.416667 0.314512
1986.500000 0.047281
1986.583333 -0.160896
1986.666667 0.130876
1986.750000 0.258015
1986.833333 0.213233
1986.916667 -0.062129
1987.000000 -0.309521
1987.083333 -0.114628
1987.166667 -0.035034
1987.250000 -0.279941
1987.333333 0.467180
1987.416667 0.538014
1987.500000 0.734917
1987.583333 0.608439
1987.666667 0.461792
1987.750000 0.575184
1987.833333 0.424641
1987.916667 0.460054
1988.000000 0.175598
1988.083333 -0.056647
1988.166667 -0.042824
1988.250000 -0.079424
1988.333333 0.158273
1988.416667 0.395965
1988.500000 0.480306
1988.583333 0.213807
1988.666667 0.261847
1988.750000 0.060042
1988.833333 0.158504
1988.916667 0.242382
1989.000000 -0.362003
1989.083333 -0.588535
1989.166667 -0.554212
1989.250000 -0.727683
1989.333333 -0.252491
1989.416667 -0.175571
1989.500000 0.018304
1989.583333 0.067996
1989.666667 0.279228
1989.750000 0.339574
1989.833333 0.378202
1989.916667 0.488741
1990.000000 0.088560
1990.083333 0.190448
1990.166667 -0.217392
1990.250000 -0.193821
1990.333333 0.054942
1990.416667 0.018449
1990.500000 -0.086139
1990.583333 -0.084421
1990.666667 0.089266
1990.750000 0.286188
1990.833333 0.289525
1990.916667 0.416584
1991.000000 0.245491
1991.083333 -0.053253
1991.166667 -0.413179
1991.250000 -0.269834
1991.333333 -0.144070
1991.416667 -0.285437
1991.500000 -0.331703
1991.583333 -0.750733
1991.666667 -0.492571
1991.750000 -0.203167
1991.833333 -0.122340
1991.916667 0.137141
1992.000000 -0.153896
1992.083333 -0.324935
1992.166667 -0.854488
1992.250000 -0.854635
1992.333333 -0.122540
1992.416667 0.284753
1992.500000 0.000312
1992.583333 -0.029478
1992.666667 0.175239
1992.750000 -0.030161
1992.833333 -0.080632
1992.916667 0.239709
1993.000000 -0.100548
1993.083333 -0.158255
1993.166667 -0.367663
1993.250000 -0.320503
1993.333333 0.086917
1993.416667 0.228150
1993.500000 0.374741
1993.583333 0.269885
1993.666667 0.339365
1993.750000 0.309257
1993.833333 0.188792
1993.916667 0.148783
1994.000000 0.165482
1994.083333 -0.178299
1994.166667 -0.337107
1994.250000 -0.133767
1994.333333 0.252049
1994.416667 0.021235
1994.500000 -0.343556
1994.583333 -0.341024
1994.666667 -0.206703
1994.750000 0.115872
1994.833333 0.268135
1994.916667 0.153974
1995.000000 -0.211249
1995.083333 -0.032442
1995.166667 -0.230331
1995.250000 -0.270006
1995.333333 -0.096296
1995.416667 0.268497
1995.500000 0.065880
1995.583333 -0.192579
1995.666667 0.064889
1995.750000 0.109204
1995.833333 0.070851
1995.916667 0.110732
1996.000000 -0.062639
1996.083333 -0.077288
1996.166667 -0.033519
1996.250000 0.006971
1996.333333 0.424072
1996.416667 0.368062
1996.500000 0.311207
1996.583333 -0.009723
1996.666667 0.003763
1996.750000 -0.247771
1996.833333 -0.443404
1996.916667 -0.246557
1997.000000 -0.413243
1997.083333 -0.427330
1997.166667 -0.461503
1997.250000 -0.525923
1997.333333 -0.165913
1997.416667 0.588344
1997.500000 0.459734
1997.583333 0.076782
1997.666667 0.372641
1997.750000 0.563077
1997.833333 0.546222
1997.916667 0.361463
1998.000000 0.179580
1998.083333 0.239773
1998.166667 0.056966
1998.250000 0.357753
1998.333333 0.636471
1998.416667 0.649223
1998.500000 0.494362
1998.583333 0.655827
1998.666667 0.434186
1998.750000 0.498020
1998.833333 0.513551
1998.916667 0.585677
1999.000000 0.351948
1999.083333 0.182650
1999.166667 0.043051
1999.250000 0.054311
1999.333333 0.039901
1999.416667 0.280813
1999.500000 0.228976
1999.583333 -0.083393
1999.666667 -0.072298
1999.750000 0.256022
1999.833333 0.233884
1999.916667 0.180974
2000.000000 -0.217183
2000.083333 -0.287084
2000.166667 -0.165012
2000.250000 0.327003
2000.333333 0.477337
2000.416667 0.263009
2000.500000 0.285643
2000.583333 0.311300
2000.666667 0.161383
2000.750000 0.324057
2000.833333 0.353351
2000.916667 0.153856
2001.000000 -0.142698
2001.083333 -0.436969
2001.166667 0.094157
2001.250000 0.203258
2001.333333 0.393365
2001.416667 0.205429
2001.500000 0.152296
2001.583333 0.144897
2001.666667 0.342166
2001.750000 0.660374
2001.833333 0.572181
2001.916667 0.804934
2002.000000 0.563366
2002.083333 -0.054096
2002.166667 0.060664
2002.250000 0.015090
2002.333333 0.169506
2002.416667 0.330378
2002.500000 0.510016
2002.583333 0.215817
2002.666667 0.518877
2002.750000 0.703069
2002.833333 0.479165
2002.916667 0.328763
2003.000000 -0.124911
2003.083333 -0.133443
2003.166667 -0.147919
2003.250000 0.177928
2003.333333 0.353804
2003.416667 0.656418
2003.500000 0.379422
2003.583333 0.230190
2003.666667 0.229269
2003.750000 0.460803
2003.833333 0.234147
2003.916667 0.288782
2004.000000 -0.043913
2004.083333 -0.042399
2004.166667 0.092489
2004.250000 0.237563
2004.333333 0.165028
2004.416667 0.072427
2004.500000 0.179019
2004.583333 0.018920
2004.666667 0.331463
2004.750000 0.268806
2004.833333 0.438040
2004.916667 0.443564
2005.000000 -0.150973
2005.083333 -0.139504
2005.166667 -0.101756
2005.250000 0.076378
2005.333333 0.580552
2005.416667 0.699210
2005.500000 0.472507
2005.583333 0.269041
2005.666667 0.353390
2005.750000 0.222106
2005.833333 0.244617
2005.916667 0.535122
2006.000000 -0.002081
2006.083333 0.121281
2006.166667 -0.035675
2006.250000 0.221351
2006.333333 0.586573
2006.416667 0.470055
2006.500000 0.402015
2006.583333 0.232345
2006.666667 0.335943
2006.750000 0.527956
2006.833333 0.518292
2006.916667 0.430994
2007.000000 -0.357170
2007.083333 0.002944
2007.166667 0.024048
2007.250000 0.122986
2007.333333 0.607733
2007.416667 0.714784
2007.500000 0.306340
2007.583333 0.285986
2007.666667 0.224676
2007.750000 0.131425
2007.833333 0.044551
2007.916667 0.076467
2008.000000 -0.394637
2008.083333 -0.773715
2008.166667 -0.368663
2008.250000 -0.115531
2008.333333 0.156081
2008.416667 0.120673
2008.500000 0.085747
2008.583333 -0.002172
2008.666667 0.466755
2008.750000 0.440287
2008.833333 0.142368
2008.916667 0.105724
2009.000000 -0.276126
2009.083333 -0.258188
2009.166667 -0.151301
2009.250000 -0.170750
2009.333333 0.239469
2009.416667 0.570593
2009.500000 0.759440
2009.583333 0.538647
2009.666667 0.763786
2009.750000 0.494850
2009.833333 0.389687
2009.916667 0.690079
2010.000000 0.415158
2010.083333 0.424492
2010.166667 0.523356
2010.250000 0.756828
2010.333333 0.871068
2010.416667 0.752564
2010.500000 0.705901
2010.583333 0.535734
2010.666667 0.479540
2010.750000 0.476015
2010.833333 0.386376
2010.916667 0.617781
2011.000000 0.019465
2011.083333 -0.245357
2011.166667 -0.359250
2011.250000 -0.163214
2011.333333 0.362879
2011.416667 0.566153
2011.500000 0.436948
2011.583333 0.442634
2011.666667 0.377658
2011.750000 0.207495
2011.833333 0.059723
2011.916667 0.243347
2012.000000 -0.283348
2012.083333 -0.603055
2012.166667 -0.933107
2012.250000 -0.466815
2012.333333 0.426400
2012.416667 0.365289
2012.500000 0.445074
2012.583333 0.376638
2012.666667 0.545297
2012.750000 0.748649
2012.833333 0.740540
2012.916667 0.603485
2013.000000 -0.057479
2013.083333 -0.208976
2013.166667 0.134864
2013.250000 0.304706
2013.333333 0.402294
2013.416667 0.185178
2013.500000 0.028587
2013.583333 -0.257641
2013.666667 0.230160
2013.750000 0.246306
2013.833333 0.171976
2013.916667 -0.013154
2014.000000 -0.785916
2014.083333 -0.661301
2014.166667 -0.445955
2014.250000 0.049565
2014.333333 0.472457
2014.416667 0.374750
2014.500000 0.339306
2014.583333 0.002496
2014.666667 0.334865
2014.750000 0.688908
2014.833333 0.211642
2014.916667 0.405858
2015.000000 -0.171773
2015.083333 -0.037503
2015.166667 -0.113507
2015.250000 0.225218
2015.333333 0.710568
2015.416667 0.620476
2015.500000 0.604767
2015.583333 0.688858
2015.666667 1.045936
2015.750000 1.136856
2015.833333 0.944821
2015.916667 0.697620
2016.000000 0.426801
2016.083333 0.124350
2016.166667 0.463358
2016.250000 0.481738
2016.333333 0.717747
2016.416667 0.516466
2016.500000 0.149609
2016.583333 0.246459
2016.666667 0.304697
2016.750000 0.009657
2016.833333 0.057062
2016.916667 0.092959
2017.000000 -0.045936
2017.083333 -0.248585
2017.166667 -0.106795
2017.250000 0.384789
2017.333333 0.671514
2017.416667 0.613357
2017.500000 0.494298
2017.583333 0.781689
2017.666667 0.614741
2017.750000 0.828073
2017.833333 0.476311
2017.916667 0.044624
2018.000000 -0.488475
2018.083333 -0.506521
2018.166667 0.142805
2018.250000 0.351258
2018.333333 0.323003
2018.416667 0.363950
2018.500000 0.137046
2018.583333 0.031474
2018.666667 0.283111
2018.750000 0.380107
2018.833333 0.433625
2018.916667 0.568319
2019.000000 0.058224
2019.083333 -0.056788
2019.166667 -0.195963
2019.250000 0.119947
2019.333333 0.314155
2019.416667 0.646613
2019.500000 0.624255
2019.583333 0.346371
2019.666667 0.409191
2019.750000 0.610816
2019.833333 0.372336
2019.916667 0.070155
2020.000000 -0.252866
2020.083333 -0.138094
2020.166667 0.026139
2020.250000 0.367313
2020.333333 0.750505
2020.416667 0.908279
2020.500000 0.887510
2020.583333 0.476370
2020.666667 0.708327
2020.750000 0.563567
2020.833333 0.234588
2020.916667 0.323854
2021.000000 -0.319702
2021.083333 -0.037667
2021.166667 0.098135
2021.250000 0.271552
2021.333333 0.514752
2021.416667 0.424971
2021.500000 0.500296
2021.583333 0.358502
2021.666667 0.700142
2021.750000 0.556906
2021.833333 0.436905
2021.916667 0.412613
2022.000000 0.114362
2022.083333 -0.157121
2022.166667 -0.203709
2022.250000 0.246721
2022.333333 0.157467
2022.416667 0.385426
2022.500000 0.163695
2022.583333 0.262580
2022.666667 0.535287
2022.750000 0.411856
2022.833333 0.504587
2022.916667 0.473164
2023.000000 0.030183
