1880.000000	0.177128
1880.083333	0.429549
1880.166667	0.894067
1880.250000	1.141438
1880.333333	1.053328
1880.416667	0.826266
1880.500000	0.844746
1880.583333	1.094039
1880.666667	1.288305
1880.750000	1.757576
1880.833333	2.411382
1880.916667	2.577219
1881.000000	2.476977
1881.083333	2.195736
1881.166667	1.987491
1881.250000	1.716124
1881.333333	1.354510
1881.416667	1.245048
1881.500000	1.376733
1881.583333	1.377320
1881.666667	1.442356
1881.750000	1.552609
1881.833333	1.535744
1881.916667	1.210985
1882.000000	0.675209
1882.083333	0.561080
1882.166667	0.643014
1882.250000	0.569816
1882.333333	0.859914
1882.416667	1.114785
1882.500000	0.818828
1882.583333	0.804398
1882.666667	1.280640
1882.750000	1.332853
1882.833333	1.000469
1882.916667	0.727688
1883.000000	0.628457
1883.083333	0.890020
1883.166667	0.970823
1883.250000	0.509601
1883.333333	0.182010
1883.416667	0.178308
1883.500000	0.125179
1883.583333	-0.188453
1883.666667	-0.467019
1883.750000	-0.530815
1883.833333	-0.429834
1883.916667	-0.445242
1884.000000	-0.680397
1884.083333	-0.847838
1884.166667	-0.803279
1884.250000	-0.835027
1884.333333	-0.865470
1884.416667	-0.659692
1884.500000	-0.420395
1884.583333	-0.091283
1884.666667	0.250912
1884.750000	0.304241
1884.833333	0.555733
1884.916667	1.245189
1885.000000	1.851781
1885.083333	1.736708
1885.166667	0.549960
1885.250000	-0.479475
1885.333333	-0.587920
1885.416667	-0.102810
1885.500000	0.433153
1885.583333	0.991763
1885.666667	1.192414
1885.750000	0.588370
1885.833333	-0.342900
1885.916667	-0.800695
1886.000000	-0.561334
1886.083333	-0.418762
1886.166667	0.018310
1886.250000	1.138563
1886.333333	2.128891
1886.416667	2.295781
1886.500000	1.836302
1886.583333	1.228971
1886.666667	0.743252
1886.750000	0.344331
1886.833333	0.042327
1886.916667	-0.150540
1887.000000	-0.067340
1887.083333	0.160855
1887.166667	0.352685
1887.250000	0.563686
1887.333333	0.678174
1887.416667	0.669772
1887.500000	0.959969
1887.583333	1.657494
1887.666667	2.096158
1887.750000	1.787182
1887.833333	1.034809
1887.916667	0.580043
1888.000000	0.064003
1888.083333	-0.644441
1888.166667	-1.005915
1888.250000	-1.138948
1888.333333	-1.139279
1888.416667	-1.211139
1888.500000	-1.263746
1888.583333	-1.102156
1888.666667	-0.986206
1888.750000	-1.176470
1888.833333	-1.600338
1888.916667	-1.816977
1889.000000	-1.823929
1889.083333	-1.973109
1889.166667	-2.068188
1889.250000	-1.760272
1889.333333	-1.518680
1889.416667	-1.311524
1889.500000	-1.192739
1889.583333	-1.202708
1889.666667	-1.291455
1889.750000	-1.238484
1889.833333	-1.208981
1889.916667	-1.702132
1890.000000	-2.415026
1890.083333	-1.982680
1890.166667	-1.438126
1890.250000	-1.782501
1890.333333	-2.167107
1890.416667	-1.883367
1890.500000	-1.554065
1890.583333	-1.368768
1890.666667	-1.335256
1890.750000	-1.618625
1890.833333	-1.659006
1890.916667	-1.185047
1891.000000	-0.714155
1891.083333	-0.463393
1891.166667	-0.528984
1891.250000	-0.401241
1891.333333	-0.008186
1891.416667	-0.036719
1891.500000	-0.113616
1891.583333	0.153031
1891.666667	0.486696
1891.750000	0.690165
1891.833333	0.720566
1891.916667	0.532516
1892.000000	0.308608
1892.083333	0.210368
1892.166667	0.165943
1892.250000	0.263887
1892.333333	0.445651
1892.416667	0.635681
1892.500000	0.675043
1892.583333	0.251758
1892.666667	-0.100199
1892.750000	-0.054489
1892.833333	-0.152987
1892.916667	-0.399809
1893.000000	-0.650416
1893.083333	-0.881977
1893.166667	-1.338987
1893.250000	-1.651137
1893.333333	-1.641849
1893.416667	-1.424345
1893.500000	-1.020713
1893.583333	-0.599797
1893.666667	-0.231158
1893.750000	-0.043263
1893.833333	-0.105537
1893.916667	0.028148
1894.000000	0.270156
1894.083333	0.225360
1894.166667	0.211428
1894.250000	0.511210
1894.333333	1.151424
1894.416667	1.731440
1894.500000	1.661803
1894.583333	1.634703
1894.666667	1.762642
1894.750000	1.744192
1894.833333	1.474664
1894.916667	1.276619
1895.000000	1.349074
1895.083333	1.376093
1895.166667	1.070311
1895.250000	0.765938
1895.333333	0.727904
1895.416667	0.735382
1895.500000	0.755271
1895.583333	0.618613
1895.666667	0.298625
1895.750000	-0.087872
1895.833333	-0.492257
1895.916667	-0.627055
1896.000000	-0.291034
1896.083333	0.000000
1896.166667	0.000000
1896.250000	-0.145528
1896.333333	0.013690
1896.416667	0.472747
1896.500000	0.857285
1896.583333	1.070424
1896.666667	0.898636
1896.750000	0.388673
1896.833333	-0.019869
1896.916667	-0.030360
1897.000000	0.170211
1897.083333	0.249906
1897.166667	0.544621
1897.250000	1.049284
1897.333333	1.335331
1897.416667	1.777715
1897.500000	2.215613
1897.583333	2.190315
1897.666667	2.076380
1897.750000	2.062344
1897.833333	2.023288
1897.916667	2.211700
1898.000000	2.350812
1898.083333	2.033960
1898.166667	1.880457
1898.250000	1.970836
1898.333333	1.879388
1898.416667	1.878204
1898.500000	2.116633
1898.583333	2.183858
1898.666667	2.211526
1898.750000	2.270642
1898.833333	2.189126
1898.916667	2.478208
1899.000000	2.774565
1899.083333	2.499261
1899.166667	1.882292
1899.250000	1.079961
1899.333333	0.908488
1899.416667	1.140415
1899.500000	1.266218
1899.583333	1.790641
1899.666667	2.518033
1899.750000	2.899940
1899.833333	2.781465
1899.916667	2.481256
1900.000000	2.418107
1900.083333	2.403358
1900.166667	1.739889
1900.250000	1.089297
1900.333333	1.301972
1900.416667	1.840581
1900.500000	2.283204
1900.583333	2.337954
1900.666667	2.176726
1900.750000	2.231669
1900.833333	2.089448
1900.916667	1.904848
1901.000000	2.185076
1901.083333	2.486074
1901.166667	2.050651
1901.250000	1.235379
1901.333333	1.237061
1901.416667	1.301705
1901.500000	0.867939
1901.583333	0.749623
1901.666667	0.972690
1901.750000	1.071189
1901.833333	0.489231
1901.916667	-0.439629
1902.000000	-0.271648
1902.083333	0.921059
1902.166667	1.555389
1902.250000	1.154075
1902.333333	0.812694
1902.416667	1.326208
1902.500000	2.366296
1902.583333	3.271236
1902.666667	3.540387
1902.750000	3.110557
1902.833333	2.575919
1902.916667	2.356028
1903.000000	1.956741
1903.083333	1.765076
1903.166667	1.664175
1903.250000	0.963680
1903.333333	0.030403
1903.416667	-0.323335
1903.500000	0.035894
1903.583333	0.356051
1903.666667	0.404919
1903.750000	0.087144
1903.833333	-0.292558
1903.916667	-0.022634
1904.000000	0.277977
1904.083333	0.099644
1904.166667	-0.220859
1904.250000	-0.020220
1904.333333	0.597698
1904.416667	0.891943
1904.500000	0.650318
1904.583333	0.380246
1904.666667	0.283804
1904.750000	0.165147
1904.833333	0.100607
1904.916667	0.311958
1905.000000	0.291296
1905.083333	-0.295341
1905.166667	-0.878579
1905.250000	-1.060667
1905.333333	-0.966022
1905.416667	-0.966688
1905.500000	-1.029380
1905.583333	-0.706754
1905.666667	-0.271783
1905.750000	-0.261800
1905.833333	-0.397128
1905.916667	-0.574919
1906.000000	-0.347642
1906.083333	0.154068
1906.166667	0.570350
1906.250000	1.213419
1906.333333	1.743117
1906.416667	1.742045
1906.500000	1.051864
1906.583333	0.274839
1906.666667	-0.139473
1906.750000	-0.198079
1906.833333	-0.311313
1906.916667	-0.790771
1907.000000	-1.283191
1907.083333	-1.348837
1907.166667	-0.856416
1907.250000	-0.062019
1907.333333	0.395658
1907.416667	0.219228
1907.500000	-0.072730
1907.583333	-0.175135
1907.666667	-0.361065
1907.750000	-0.306309
1907.833333	-0.142368
1907.916667	-0.490488
1908.000000	-0.982111
1908.083333	-1.052816
1908.166667	-0.734586
1908.250000	-0.373387
1908.333333	-0.312275
1908.416667	-0.325472
1908.500000	-0.306908
1908.583333	-0.389377
1908.666667	-0.742611
1908.750000	-0.691895
1908.833333	0.294107
1908.916667	0.942552
1909.000000	0.454841
1909.083333	0.097519
1909.166667	0.298264
1909.250000	0.768985
1909.333333	1.214172
1909.416667	1.219424
1909.500000	0.885069
1909.583333	0.494417
1909.666667	0.327595
1909.750000	0.544395
1909.833333	0.759334
1909.916667	0.721595
1910.000000	0.575112
1910.083333	0.092242
1910.166667	-0.593378
1910.250000	-0.845795
1910.333333	-0.622143
1910.416667	-0.390984
1910.500000	-0.754523
1910.583333	-1.535018
1910.666667	-2.383270
1910.750000	-2.502547
1910.833333	-1.863848
1910.916667	-1.281998
1911.000000	-1.056680
1911.083333	-0.889180
1911.166667	-0.408815
1911.250000	0.286059
1911.333333	0.837169
1911.416667	0.891379
1911.500000	0.292866
1911.583333	-0.242821
1911.666667	-0.221436
1911.750000	-0.154570
1911.833333	-0.385759
1911.916667	-0.841331
1912.000000	-1.431610
1912.083333	-2.106995
1912.166667	-2.203187
1912.250000	-1.910996
1912.333333	-1.681499
1912.416667	-1.365715
1912.500000	-0.968634
1912.583333	-0.796223
1912.666667	-0.601713
1912.750000	-0.171476
1912.833333	0.022153
1912.916667	-0.199637
1913.000000	-0.411147
1913.083333	-0.539796
1913.166667	-0.755545
1913.250000	-0.716565
1913.333333	-0.628692
1913.416667	-0.297380
1913.500000	0.216377
1913.583333	0.500920
1913.666667	0.739154
1913.750000	0.639190
1913.833333	0.300441
1913.916667	0.347315
1914.000000	0.548628
1914.083333	0.732042
1914.166667	0.798428
1914.250000	0.394605
1914.333333	-0.232952
1914.416667	-0.177727
1914.500000	0.194810
1914.583333	0.134658
1914.666667	-0.049323
1914.750000	0.278028
1914.833333	1.139990
1914.916667	1.815936
1915.000000	1.984986
1915.083333	1.322074
1915.166667	0.388169
1915.250000	0.419927
1915.333333	0.795576
1915.416667	0.565833
1915.500000	0.303723
1915.583333	0.526790
1915.666667	0.404836
1915.750000	-0.481909
1915.833333	-0.946256
1915.916667	-0.736013
1916.000000	-0.672080
1916.083333	-0.664865
1916.166667	-0.764455
1916.250000	-1.115456
1916.333333	-1.374747
1916.416667	-1.657270
1916.500000	-2.086377
1916.583333	-2.182655
1916.666667	-2.191757
1916.750000	-1.788485
1916.833333	-1.109854
1916.916667	-0.781903
1917.000000	-0.898024
1917.083333	-1.360648
1917.166667	-2.081115
1917.250000	-2.230451
1917.333333	-1.834903
1917.416667	-1.445063
1917.500000	-1.237565
1917.583333	-1.072174
1917.666667	-1.032647
1917.750000	-1.190804
1917.833333	-1.348144
1917.916667	-1.361794
1918.000000	-1.208129
1918.083333	-0.954131
1918.166667	-0.688610
1918.250000	-0.496813
1918.333333	-0.396188
1918.416667	-0.163788
1918.500000	0.123388
1918.583333	0.013624
1918.666667	-0.626209
1918.750000	-1.078871
1918.833333	-0.876597
1918.916667	-0.344655
1919.000000	-0.014461
1919.083333	-0.192559
1919.166667	-0.646775
1919.250000	-0.965756
1919.333333	-1.152874
1919.416667	-1.161565
1919.500000	-0.868131
1919.583333	-0.253671
1919.666667	0.211207
1919.750000	0.242833
1919.833333	0.429763
1919.916667	0.978336
1920.000000	1.467179
1920.083333	1.427340
1920.166667	0.837118
1920.250000	0.036248
1920.333333	-0.686415
1920.416667	-0.775092
1920.500000	-0.481278
1920.583333	-0.233360
1920.666667	-0.069309
1920.750000	-0.113355
1920.833333	-0.365959
1920.916667	-0.785467
1921.000000	-1.171849
1921.083333	-1.097815
1921.166667	-0.794760
1921.250000	-0.755831
1921.333333	-0.738861
1921.416667	-0.464520
1921.500000	0.295843
1921.583333	0.881928
1921.666667	0.795961
1921.750000	0.481851
1921.833333	0.323173
1921.916667	0.343449
1922.000000	0.570061
1922.083333	0.953680
1922.166667	0.911341
1922.250000	0.457274
1922.333333	-0.161514
1922.416667	-0.728895
1922.500000	-1.124299
1922.583333	-1.111740
1922.666667	-0.658563
1922.750000	-0.089498
1922.833333	-0.030708
1922.916667	-0.522870
1923.000000	-0.622862
1923.083333	0.298223
1923.166667	1.209051
1923.250000	1.265678
1923.333333	1.305780
1923.416667	1.547381
1923.500000	1.535138
1923.583333	1.135697
1923.666667	0.444550
1923.750000	-0.135672
1923.833333	-0.484525
1923.916667	-0.637684
1924.000000	-0.676203
1924.083333	-1.071066
1924.166667	-1.353477
1924.250000	-1.164636
1924.333333	-1.007331
1924.416667	-0.885361
1924.500000	-0.423103
1924.583333	0.029451
1924.666667	0.466607
1924.750000	0.920723
1924.833333	1.009459
1924.916667	1.256985
1925.000000	1.416764
1925.083333	0.866799
1925.166667	0.524124
1925.250000	0.648657
1925.333333	0.664672
1925.416667	0.589845
1925.500000	0.536191
1925.583333	0.576568
1925.666667	0.682729
1925.750000	0.896822
1925.833333	1.597438
1925.916667	2.169961
1926.000000	1.963412
1926.083333	1.510538
1926.166667	1.260839
1926.250000	1.205260
1926.333333	1.474441
1926.416667	1.577595
1926.500000	1.055936
1926.583333	0.559240
1926.666667	0.555358
1926.750000	0.522989
1926.833333	0.026062
1926.916667	-0.220478
1927.000000	0.497001
1927.083333	1.232262
1927.166667	1.196384
1927.250000	1.049874
1927.333333	1.204287
1927.416667	1.044395
1927.500000	0.400126
1927.583333	-0.178564
1927.666667	-0.288644
1927.750000	0.024107
1927.833333	0.393541
1927.916667	0.766272
1928.000000	1.152020
1928.083333	1.271521
1928.166667	0.997316
1928.250000	0.433629
1928.333333	-0.173618
1928.416667	-0.734171
1928.500000	-1.031162
1928.583333	-0.945069
1928.666667	-0.801507
1928.750000	-0.809584
1928.833333	-1.031114
1928.916667	-1.389646
1929.000000	-1.605038
1929.083333	-1.468673
1929.166667	-1.076122
1929.250000	-0.819441
1929.333333	-1.102048
1929.416667	-1.462400
1929.500000	-1.805966
1929.583333	-1.984628
1929.666667	-1.905023
1929.750000	-1.685970
1929.833333	-1.575887
1929.916667	-2.039466
1930.000000	-2.388999
1930.083333	-1.733676
1930.166667	-0.812305
1930.250000	-0.043423
1930.333333	0.195121
1930.416667	0.138166
1930.500000	-0.306387
1930.583333	-1.103160
1930.666667	-1.306271
1930.750000	-1.152120
1930.833333	-1.050117
1930.916667	-0.639103
1931.000000	-0.017096
1931.083333	0.362907
1931.166667	0.371491
1931.250000	-0.207568
1931.333333	-0.902402
1931.416667	-1.063466
1931.500000	-1.006572
1931.583333	-1.002964
1931.666667	-0.761728
1931.750000	-0.333751
1931.833333	-0.073925
1931.916667	-0.049386
1932.000000	-0.101031
1932.083333	0.117512
1932.166667	0.734679
1932.250000	1.319220
1932.333333	1.448886
1932.416667	1.575698
1932.500000	1.760060
1932.583333	1.517282
1932.666667	1.024975
1932.750000	1.041454
1932.833333	1.401692
1932.916667	1.464509
1933.000000	1.335625
1933.083333	1.153892
1933.166667	0.982028
1933.250000	1.071775
1933.333333	0.924734
1933.416667	-0.055916
1933.500000	-1.002139
1933.583333	-1.227471
1933.666667	-1.352023
1933.750000	-1.580426
1933.833333	-1.511668
1933.916667	-1.116312
1934.000000	-0.829433
1934.083333	-0.858763
1934.166667	-0.763463
1934.250000	-0.485569
1934.333333	-0.541967
1934.416667	-0.676325
1934.500000	-0.698880
1934.583333	-1.009949
1934.666667	-1.312678
1934.750000	-1.190202
1934.833333	-0.955095
1934.916667	-0.735617
1935.000000	-0.455914
1935.083333	-0.152739
1935.166667	0.136886
1935.250000	0.270796
1935.333333	-0.288512
1935.416667	-1.410599
1935.500000	-1.905881
1935.583333	-1.684978
1935.666667	-1.278813
1935.750000	-0.563797
1935.833333	0.153134
1935.916667	0.325991
1936.000000	0.086542
1936.083333	-0.424668
1936.166667	-0.806141
1936.250000	-0.892821
1936.333333	-1.088652
1936.416667	-1.441900
1936.500000	-1.389118
1936.583333	-0.941778
1936.666667	-0.266637
1936.750000	0.526954
1936.833333	0.954446
1936.916667	0.760583
1937.000000	0.599554
1937.083333	0.581048
1937.166667	0.725936
1937.250000	1.138128
1937.333333	1.314698
1937.416667	0.961374
1937.500000	0.767660
1937.583333	1.376845
1937.666667	2.082545
1937.750000	1.846343
1937.833333	0.993056
1937.916667	0.140081
1938.000000	-0.356302
1938.083333	-0.146141
1938.166667	0.267632
1938.250000	0.105898
1938.333333	-0.397731
1938.416667	-0.567610
1938.500000	-0.589615
1938.583333	-0.855046
1938.666667	-1.278087
1938.750000	-1.440333
1938.833333	-1.325332
1938.916667	-0.825815
1939.000000	-0.093900
1939.083333	0.174488
1939.166667	-0.462661
1939.250000	-1.708113
1939.333333	-2.822390
1939.416667	-2.904829
1939.500000	-2.748349
1939.583333	-2.783052
1939.666667	-2.839362
1939.750000	-2.742767
1939.833333	-2.672227
1939.916667	-2.620885
1940.000000	-2.131530
1940.083333	-1.761717
1940.166667	-1.744309
1940.250000	-1.713195
1940.333333	-1.853434
1940.416667	-1.798786
1940.500000	-1.465203
1940.583333	-1.367308
1940.666667	-1.413671
1940.750000	-1.449954
1940.833333	-1.648553
1940.916667	-1.640753
1941.000000	-1.377612
1941.083333	-1.094279
1941.166667	-0.991638
1941.250000	-0.869531
1941.333333	-0.127741
1941.416667	0.607055
1941.500000	0.376283
1941.583333	-0.263527
1941.666667	-0.232305
1941.750000	0.177293
1941.833333	0.315884
1941.916667	0.425728
1942.000000	0.486815
1942.083333	0.220997
1942.166667	-0.154866
1942.250000	-0.536289
1942.333333	-0.687143
1942.416667	-0.428898
1942.500000	-0.129081
1942.583333	-0.212145
1942.666667	-0.370803
1942.750000	-0.198380
1942.833333	-0.030492
1942.916667	0.040917
1943.000000	-0.016863
1943.083333	-0.235598
1943.166667	-0.190371
1943.250000	0.214310
1943.333333	0.494087
1943.416667	0.480260
1943.500000	0.375358
1943.583333	0.581471
1943.666667	0.804496
1943.750000	0.754832
1943.833333	0.907685
1943.916667	1.208650
1944.000000	1.123314
1944.083333	0.819407
1944.166667	0.568499
1944.250000	0.256752
1944.333333	-0.187647
1944.416667	-0.323878
1944.500000	-0.066521
1944.583333	-0.109570
1944.666667	-0.478132
1944.750000	-0.980748
1944.833333	-1.418141
1944.916667	-1.336727
1945.000000	-0.876207
1945.083333	-0.606509
1945.166667	-0.258434
1945.250000	0.124361
1945.333333	0.068720
1945.416667	-0.525544
1945.500000	-1.343312
1945.583333	-1.907455
1945.666667	-2.010214
1945.750000	-1.445398
1945.833333	-0.903983
1945.916667	-0.830788
1946.000000	-1.104579
1946.083333	-1.460535
1946.166667	-1.534543
1946.250000	-1.144255
1946.333333	-0.778617
1946.416667	-1.026262
1946.500000	-1.426081
1946.583333	-1.962123
1946.666667	-2.136532
1946.750000	-1.676421
1946.833333	-1.480041
1946.916667	-1.864906
1947.000000	-2.268802
1947.083333	-1.767504
1947.166667	-1.211451
1947.250000	-1.127231
1947.333333	-1.190561
1947.416667	-1.008243
1947.500000	-0.765045
1947.583333	-0.725000
1947.666667	-0.736599
1947.750000	-0.927182
1947.833333	-1.315124
1947.916667	-1.598608
1948.000000	-1.425623
1948.083333	-0.776053
1948.166667	-0.314719
1948.250000	-0.484658
1948.333333	-0.539309
1948.416667	-0.465842
1948.500000	-0.293052
1948.583333	0.060824
1948.666667	0.185597
1948.750000	0.085907
1948.833333	0.190815
1948.916667	0.343365
1949.000000	0.619217
1949.083333	0.813537
1949.166667	0.735393
1949.250000	0.773923
1949.333333	0.912793
1949.416667	0.714090
1949.500000	0.460778
1949.583333	0.437089
1949.666667	0.028557
1949.750000	-0.638182
1949.833333	-0.524503
1949.916667	-0.186794
1950.000000	-0.385346
1950.083333	-0.922981
1950.166667	-1.414593
1950.250000	-1.475983
1950.333333	-1.301798
1950.416667	-1.236364
1950.500000	-1.589939
1950.583333	-2.048916
1950.666667	-2.080555
1950.750000	-1.733090
1950.833333	-1.409916
1950.916667	-0.631422
1951.000000	-0.029859
1951.083333	-0.298571
1951.166667	-0.498674
1951.250000	-0.059972
1951.333333	0.331256
1951.416667	0.116702
1951.500000	-0.453854
1951.583333	-0.823942
1951.666667	-0.814083
1951.750000	-0.510369
1951.833333	-0.199918
1951.916667	0.119919
1952.000000	0.314547
1952.083333	0.244421
1952.166667	0.257418
1952.250000	0.428542
1952.333333	0.659874
1952.416667	1.144113
1952.500000	1.713557
1952.583333	2.133289
1952.666667	2.479015
1952.750000	2.731578
1952.833333	2.555877
1952.916667	2.316124
1953.000000	2.255650
1953.083333	2.538752
1953.166667	2.564179
1953.250000	2.278325
1953.333333	2.109782
1953.416667	1.924100
1953.500000	1.862051
1953.583333	1.682282
1953.666667	1.231081
1953.750000	1.070694
1953.833333	1.351459
1953.916667	1.390612
1954.000000	1.037117
1954.083333	0.758531
1954.166667	1.070776
1954.250000	1.793364
1954.333333	1.873141
1954.416667	1.626710
1954.500000	1.856862
1954.583333	2.045311
1954.666667	1.898961
1954.750000	2.047081
1954.833333	2.410655
1954.916667	2.551574
1955.000000	2.471966
1955.083333	2.162293
1955.166667	1.543767
1955.250000	0.960155
1955.333333	0.847584
1955.416667	0.441506
1955.500000	-0.107029
1955.583333	0.207657
1955.666667	0.634207
1955.750000	0.452531
1955.833333	0.088036
1955.916667	-0.004545
1956.000000	0.064240
1956.083333	0.415675
1956.166667	0.840954
1956.250000	0.791476
1956.333333	0.524833
1956.416667	0.387853
1956.500000	0.061129
1956.583333	-0.093921
1956.666667	0.341523
1956.750000	0.914653
1956.833333	1.297928
1956.916667	1.500846
1957.000000	1.544383
1957.083333	1.185380
1957.166667	0.098385
1957.250000	-0.920000
1957.333333	-0.944276
1957.416667	-0.301933
1957.500000	0.208557
1957.583333	0.435484
1957.666667	0.668372
1957.750000	0.739999
1957.833333	0.119953
1957.916667	-0.615445
1958.000000	-0.432929
1958.083333	-0.284218
1958.166667	-0.655719
1958.250000	-0.851579
1958.333333	-0.874076
1958.416667	-0.552537
1958.500000	0.088559
1958.583333	0.225089
1958.666667	-0.183579
1958.750000	-0.714447
1958.833333	-0.941880
1958.916667	-0.692990
1959.000000	-0.486217
1959.083333	-0.331542
1959.166667	-0.262793
1959.250000	-0.396696
1959.333333	-0.510751
1959.416667	-0.679166
1959.500000	-0.931124
1959.583333	-0.998735
1959.666667	-0.760000
1959.750000	-0.625149
1959.833333	-0.614145
1959.916667	-0.657300
1960.000000	-0.406743
1960.083333	0.395948
1960.166667	1.495632
1960.250000	2.092563
1960.333333	1.880499
1960.416667	1.442068
1960.500000	1.402108
1960.583333	1.425866
1960.666667	1.006860
1960.750000	0.824382
1960.833333	0.815156
1960.916667	0.320722
1961.000000	0.083678
1961.083333	0.682492
1961.166667	1.488781
1961.250000	1.846834
1961.333333	1.921298
1961.416667	1.645378
1961.500000	0.825169
1961.583333	0.544092
1961.666667	0.818997
1961.750000	1.109674
1961.833333	1.018127
1961.916667	0.563085
1962.000000	0.352963
1962.083333	0.554963
1962.166667	0.852831
1962.250000	1.099637
1962.333333	1.415734
1962.416667	1.625938
1962.500000	1.170326
1962.583333	0.433428
1962.666667	0.282382
1962.750000	0.429308
1962.833333	0.372594
1962.916667	0.343974
1963.000000	0.481828
1963.083333	0.580972
1963.166667	0.729928
1963.250000	0.646383
1963.333333	0.532327
1963.416667	0.967583
1963.500000	1.494295
1963.583333	1.455938
1963.666667	1.436818
1963.750000	1.798483
1963.833333	1.804121
1963.916667	1.060529
1964.000000	0.643600
1964.083333	1.221720
1964.166667	1.884298
1964.250000	1.939540
1964.333333	1.122876
1964.416667	-0.106218
1964.500000	-0.420569
1964.583333	0.174977
1964.666667	0.344505
1964.750000	0.042940
1964.833333	-0.075058
1964.916667	0.401838
1965.000000	1.128453
1965.083333	1.563835
1965.166667	1.871981
1965.250000	1.838416
1965.333333	1.198140
1965.416667	0.763716
1965.500000	0.841958
1965.583333	0.772780
1965.666667	0.553464
1965.750000	0.564960
1965.833333	0.576608
1965.916667	0.500249
1966.000000	0.464089
1966.083333	0.377850
1966.166667	0.178082
1966.250000	0.092895
1966.333333	0.336648
1966.416667	0.593643
1966.500000	0.716872
1966.583333	0.977039
1966.666667	1.225330
1966.750000	0.647638
1966.833333	-0.137466
1966.916667	-0.260112
1967.000000	0.076750
1967.083333	0.384237
1967.166667	0.703497
1967.250000	0.713255
1967.333333	0.344511
1967.416667	0.200703
1967.500000	0.489653
1967.583333	0.742282
1967.666667	0.620078
1967.750000	0.493765
1967.833333	0.217116
1967.916667	-0.386803
1968.000000	-0.857309
1968.083333	-0.828130
1968.166667	-0.288805
1968.250000	-0.020078
1968.333333	-0.312743
1968.416667	-0.468667
1968.500000	-0.491056
1968.583333	-0.930882
1968.666667	-1.209050
1968.750000	-1.058939
1968.833333	-1.056340
1968.916667	-1.303988
1969.000000	-1.464641
1969.083333	-1.532467
1969.166667	-1.552486
1969.250000	-1.643116
1969.333333	-1.559967
1969.416667	-0.983939
1969.500000	-0.234058
1969.583333	-0.129354
1969.666667	-0.121893
1969.750000	0.053831
1969.833333	0.252626
1969.916667	0.451243
1970.000000	0.446888
1970.083333	0.167808
1970.166667	0.404252
1970.250000	1.204065
1970.333333	1.774966
1970.416667	2.029838
1970.500000	2.156410
1970.583333	2.297022
1970.666667	2.062016
1970.750000	1.023950
1970.833333	-0.342413
1970.916667	-1.250736
1971.000000	-1.482776
1971.083333	-1.536920
1971.166667	-1.659764
1971.250000	-1.700513
1971.333333	-1.520445
1971.416667	-1.345601
1971.500000	-1.245249
1971.583333	-1.127289
1971.666667	-1.172089
1971.750000	-1.521143
1971.833333	-1.878129
1971.916667	-1.678967
1972.000000	-1.268486
1972.083333	-0.843936
1972.166667	-0.592729
1972.250000	-0.980836
1972.333333	-0.875443
1972.416667	0.185570
1972.500000	0.693337
1972.583333	0.645700
1972.666667	0.727691
1972.750000	0.665957
1972.833333	0.209536
1972.916667	-0.200000
1973.000000	-0.221468
1973.083333	-0.201171
1973.166667	-0.318145
1973.250000	-0.299710
1973.333333	0.000000
1973.416667	0.217281
1973.500000	0.459950
1973.583333	0.717511
1973.666667	0.822384
1973.750000	0.757318
1973.833333	0.571613
1973.916667	0.743542
1974.000000	1.139033
1974.083333	0.836201
1974.166667	0.199600
1974.250000	0.210330
1974.333333	0.696472
1974.416667	1.054222
1974.500000	1.095972
1974.583333	1.252942
1974.666667	1.838077
1974.750000	2.316477
1974.833333	2.210714
1974.916667	1.709116
1975.000000	1.324434
1975.083333	1.432544
1975.166667	1.492531
1975.250000	1.226382
1975.333333	0.500138
1975.416667	-0.483103
1975.500000	-1.028708
1975.583333	-1.331929
1975.666667	-1.302682
1975.750000	-0.951725
1975.833333	-1.027209
1975.916667	-1.170131
1976.000000	-1.043940
1976.083333	-1.107763
1976.166667	-1.202155
1976.250000	-1.148386
1976.333333	-0.918310
1976.416667	-0.704812
1976.500000	-0.723098
1976.583333	-0.659328
1976.666667	-0.231747
1976.750000	0.372085
1976.833333	0.610988
1976.916667	0.652315
1977.000000	0.480904
1977.083333	0.220374
1977.166667	0.690334
1977.250000	1.590801
1977.333333	1.668293
1977.416667	1.141995
1977.500000	0.363551
1977.583333	-0.112236
1977.666667	0.103944
1977.750000	0.444425
1977.833333	0.520212
1977.916667	0.206589
1978.000000	0.014955
1978.083333	0.341451
1978.166667	0.757023
1978.250000	0.773218
1978.333333	0.528551
1978.416667	0.181368
1978.500000	-0.432232
1978.583333	-1.078906
1978.666667	-1.046910
1978.750000	-0.651275
1978.833333	-0.846652
1978.916667	-1.198418
1979.000000	-0.975000
1979.083333	-0.679387
1979.166667	-0.520330
1979.250000	-0.527168
1979.333333	-0.863512
1979.416667	-1.198799
1979.500000	-1.233076
1979.583333	-1.075121
1979.666667	-1.091100
1979.750000	-1.195864
1979.833333	-1.047443
1979.916667	-0.965292
1980.000000	-0.738249
1980.083333	-0.082871
1980.166667	0.277691
1980.250000	0.431294
1980.333333	0.893823
1980.416667	1.120200
1980.500000	0.794452
1980.583333	0.441277
1980.666667	0.190548
1980.750000	0.179983
1980.833333	0.089708
1980.916667	-0.387142
1981.000000	-0.658911
1981.083333	-0.007999
1981.166667	0.614796
1981.250000	0.324192
1981.333333	-0.169693
1981.416667	-0.557390
1981.500000	-0.823232
1981.583333	-0.502050
1981.666667	-0.500842
1981.750000	-0.958733
1981.833333	-1.191429
1981.916667	-1.310279
1982.000000	-1.354389
1982.083333	-1.503254
1982.166667	-1.790465
1982.250000	-1.769264
1982.333333	-1.419857
1982.416667	-1.026252
1982.500000	-0.440023
1982.583333	-0.079863
1982.666667	-0.212544
1982.750000	-0.170003
1982.833333	0.319386
1982.916667	0.661117
1983.000000	0.606704
1983.083333	0.265600
1983.166667	-0.206462
1983.250000	-0.494627
1983.333333	-0.922953
1983.416667	-0.867274
1983.500000	-0.124675
1983.583333	0.695933
1983.666667	1.324102
1983.750000	1.413052
1983.833333	1.093238
1983.916667	0.983141
1984.000000	0.846640
1984.083333	0.671414
1984.166667	0.630258
1984.250000	0.453184
1984.333333	0.312065
1984.416667	0.168797
1984.500000	-0.059163
1984.583333	-0.219559
1984.666667	-0.434683
1984.750000	-0.845746
1984.833333	-1.169159
1984.916667	-1.041676
1985.000000	-0.935870
1985.083333	-1.086955
1985.166667	-1.188584
1985.250000	-1.029309
1985.333333	-1.042662
1985.416667	-1.532748
1985.500000	-1.952072
1985.583333	-1.684470
1985.666667	-1.027398
1985.750000	-0.271505
1985.833333	-0.135449
1985.916667	-0.582596
1986.000000	-0.864269
1986.083333	-0.987161
1986.166667	-0.934497
1986.250000	-0.860814
1986.333333	-1.190098
1986.416667	-1.422496
1986.500000	-1.213739
1986.583333	-0.749604
1986.666667	-0.460558
1986.750000	-0.454531
1986.833333	-0.223511
1986.916667	0.351925
1987.000000	0.978036
1987.083333	1.255267
1987.166667	1.186498
1987.250000	1.020431
1987.333333	0.792014
1987.416667	0.618034
1987.500000	0.831614
1987.583333	1.125820
1987.666667	0.901939
1987.750000	0.457359
1987.833333	0.190490
1987.916667	-0.085812
1988.000000	-0.228430
1988.083333	-0.051427
1988.166667	0.181509
1988.250000	0.196198
1988.333333	0.297102
1988.416667	0.551729
1988.500000	0.642460
1988.583333	0.833117
1988.666667	0.870484
1988.750000	0.481176
1988.833333	-0.107944
1988.916667	-0.412802
1989.000000	0.207186
1989.083333	0.906231
1989.166667	0.791368
1989.250000	0.287839
1989.333333	-0.069509
1989.416667	-0.442337
1989.500000	-0.843648
1989.583333	-0.499801
1989.666667	0.297204
1989.750000	0.821226
1989.833333	0.951236
1989.916667	0.411690
1990.000000	-0.009200
1990.083333	-0.028399
1990.166667	0.120260
1990.250000	0.108535
1990.333333	-0.251252
1990.416667	-0.668651
1990.500000	-0.796516
1990.583333	-0.794373
1990.666667	-0.604579
1990.750000	0.189514
1990.833333	0.708893
1990.916667	0.414227
1991.000000	0.098820
1991.083333	0.029858
1991.166667	-0.296672
1991.250000	-0.679975
1991.333333	-0.805019
1991.416667	-0.850872
1991.500000	-1.035002
1991.583333	-1.098722
1991.666667	-1.480029
1991.750000	-2.363456
1991.833333	-2.407320
1991.916667	-1.617412
1992.000000	-1.518891
1992.083333	-1.889634
1992.166667	-1.871778
1992.250000	-1.866693
1992.333333	-1.966499
1992.416667	-1.898209
1992.500000	-2.179183
1992.583333	-2.773964
1992.666667	-3.380701
1992.750000	-3.403397
1992.833333	-3.239523
1992.916667	-3.057542
1993.000000	-2.727106
1993.083333	-2.511363
1993.166667	-2.469021
1993.250000	-2.476908
1993.333333	-2.657724
1993.416667	-2.524414
1993.500000	-2.041527
1993.583333	-1.642561
1993.666667	-1.647739
1993.750000	-1.822252
1993.833333	-1.671371
1993.916667	-1.780115
1994.000000	-2.335448
1994.083333	-2.390862
1994.166667	-2.335884
1994.250000	-2.452898
1994.333333	-2.554375
1994.416667	-2.653262
1994.500000	-2.682025
1994.583333	-2.524353
1994.666667	-1.997867
1994.750000	-2.092894
1994.833333	-2.476458
1994.916667	-2.626312
1995.000000	-2.804839
1995.083333	-2.926411
1995.166667	-2.751912
1995.250000	-2.141460
1995.333333	-1.398583
1995.416667	-0.960838
1995.500000	-0.950851
1995.583333	-1.308770
1995.666667	-1.917752
1995.750000	-2.279240
1995.833333	-1.806772
1995.916667	-1.304168
1996.000000	-1.097905
1996.083333	-0.814345
1996.166667	-0.430541
1996.250000	-0.118879
1996.333333	0.185336
1996.416667	0.206399
1996.500000	-0.466496
1996.583333	-1.304398
1996.666667	-1.521651
1996.750000	-1.280749
1996.833333	-1.040913
1996.916667	-1.148882
1997.000000	-1.358491
1997.083333	-1.428597
1997.166667	-1.597761
1997.250000	-1.854232
1997.333333	-1.700019
1997.416667	-1.386266
1997.500000	-1.297768
1997.583333	-1.171188
1997.666667	-1.111163
1997.750000	-1.383594
1997.833333	-1.338975
1997.916667	-0.716629
1998.000000	-0.397854
1998.083333	-0.616517
1998.166667	-0.474447
1998.250000	-0.193007
1998.333333	-0.046057
1998.416667	0.057702
1998.500000	-0.142036
1998.583333	-0.363737
1998.666667	-0.333292
1998.750000	-0.314768
1998.833333	-0.167569
1998.916667	0.025504
1999.000000	0.045062
1999.083333	0.165664
1999.166667	0.308724
1999.250000	0.432411
1999.333333	0.682864
1999.416667	0.881872
1999.500000	0.631638
1999.583333	0.517573
1999.666667	0.583433
1999.750000	0.660383
1999.833333	0.579151
1999.916667	0.406602
2000.000000	0.114717
2000.083333	-0.019404
2000.166667	0.092720
2000.250000	0.479960
2000.333333	1.035496
2000.416667	0.857314
2000.500000	0.180626
2000.583333	-0.102956
2000.666667	-0.146532
2000.750000	-0.389971
2000.833333	-0.634087
2000.916667	-0.430126
2001.000000	0.105689
2001.083333	0.330845
2001.166667	0.046705
2001.250000	-0.489481
2001.333333	-0.775071
2001.416667	-0.775807
2001.500000	-0.697667
2001.583333	-0.473193
2001.666667	-0.278401
2001.750000	-0.173999
2001.833333	-0.038114
2001.916667	0.310674
2002.000000	0.522103
2002.083333	0.265497
2002.166667	0.018082
2002.250000	-0.020223
2002.333333	-0.114802
2002.416667	-0.229385
2002.500000	-0.253000
2002.583333	-0.440000
2002.666667	-0.963395
2002.750000	-1.177208
2002.833333	-0.891397
2002.916667	-0.609592
2003.000000	-0.612941
2003.083333	-1.022364
2003.166667	-1.223540
2003.250000	-0.924357
2003.333333	-0.603902
2003.416667	-0.248120
2003.500000	-0.004229
2003.583333	-0.269938
2003.666667	-0.789111
2003.750000	-1.083590
2003.833333	-1.043375
2003.916667	-0.761507
2004.000000	-0.140816
2004.083333	0.361817
2004.166667	0.289971
2004.250000	-0.029245
2004.333333	0.075812
2004.416667	0.304594
2004.500000	0.226833
2004.583333	-0.012375
2004.666667	0.397431
2004.750000	1.231438
2004.833333	1.640004
2004.916667	1.790488
2005.000000	1.599055
2005.083333	1.125005
2005.166667	1.301965
2005.250000	1.744301
2005.333333	1.626928
2005.416667	1.143686
2005.500000	0.604463
2005.583333	0.208691
2005.666667	0.160925
2005.750000	0.201954
2005.833333	0.222703
2005.916667	0.666407
2006.000000	1.252553
2006.083333	1.210850
2006.166667	0.920650
2006.250000	1.142944
2006.333333	1.671191
2006.416667	2.082673
2006.500000	2.411870
2006.583333	2.792895
2006.666667	2.967963
2006.750000	2.443538
2006.833333	1.634720
2006.916667	1.039744
2007.000000	0.805024
2007.083333	0.790607
2007.166667	0.726097
2007.250000	0.962246
2007.333333	1.332794
2007.416667	1.142513
2007.500000	0.515685
2007.583333	-0.534019
2007.666667	-1.443789
2007.750000	-1.495526
2007.833333	-0.757293
2007.916667	0.098403
2008.000000	0.096778
2008.083333	0.053605
2008.166667	0.178824
2008.250000	-0.477899
2008.333333	-1.567483
2008.416667	-2.464561
2008.500000	-2.449652
2008.583333	-1.958882
2008.666667	-1.833954
2008.750000	-1.698355
2008.833333	-1.347708
2008.916667	-1.245038
2009.000000	-1.278433
2009.083333	-0.939483
2009.166667	-0.423382
2009.250000	-0.137327
2009.333333	0.024197
2009.416667	0.089949
2009.500000	0.346942
2009.583333	1.188652
2009.666667	1.848552
2009.750000	1.863809
2009.833333	1.780239
2009.916667	1.700035
2010.000000	1.542115
2010.083333	1.798095
2010.166667	2.490515
2010.250000	2.968963
2010.333333	3.142333
2010.416667	3.259293
2010.500000	3.319184
2010.583333	3.171807
2010.666667	2.957907
2010.750000	2.320005
2010.833333	1.872863
2010.916667	2.004680
2011.000000	2.141108
2011.083333	2.067039
2011.166667	1.751573
2011.250000	1.321515
2011.333333	1.171810
2011.416667	1.195976
2011.500000	1.217572
2011.583333	1.142539
2011.666667	0.795337
2011.750000	0.448503
2011.833333	0.292460
2011.916667	0.246809
2012.000000	0.149909
2012.083333	-0.006387
2012.166667	0.118433
2012.250000	0.493396
2012.333333	0.907824
2012.416667	1.188761
2012.500000	1.336936
2012.583333	1.151676
2012.666667	0.524475
2012.750000	0.276583
2012.833333	0.199648
2012.916667	-0.303033
2013.000000	-0.448648
2013.083333	0.164734
2013.166667	0.956430
2013.250000	1.200637
2013.333333	0.959417
2013.416667	1.108245
2013.500000	1.382516
2013.583333	1.381133
2013.666667	1.445084
2013.750000	1.451591
2013.833333	1.416160
2013.916667	1.688650
2014.000000	2.194622
2014.083333	2.357591
2014.166667	1.915069
2014.250000	1.548349
2014.333333	1.689784
2014.416667	2.020344
2014.500000	1.633749
2014.583333	0.890840
2014.666667	0.829010
2014.750000	0.730364
2014.833333	0.354834
2014.916667	0.131891
2015.000000	-0.085490
2015.083333	-0.512244
2015.166667	-1.188039
2015.250000	-1.417722
2015.333333	-1.377010
2015.416667	-1.074387
2015.500000	-0.338164
2015.583333	-0.060892
2015.666667	-0.298425
2015.750000	-0.230738
2015.833333	0.121274
2015.916667	0.706928
2016.000000	1.294259
2016.083333	1.241304
2016.166667	0.527149
2016.250000	-0.149612
2016.333333	-0.655080
2016.416667	-1.057027
2016.500000	-1.257000
2016.583333	-1.364012
2016.666667	-0.959865
2016.750000	-0.127073
2016.833333	0.007195
2016.916667	-0.277401
2017.000000	-0.168080
2017.083333	0.028189
2017.166667	-0.154020
2017.250000	-0.485434
2017.333333	-0.738356
2017.416667	-0.971004
2017.500000	-1.248180
2017.583333	-1.229794
2017.666667	-0.849130
2017.750000	-0.768401
2017.833333	-0.805575
2017.916667	-0.342324
2018.000000	0.144372
2018.083333	0.239639
2018.166667	0.241173
2018.250000	-0.168474
2018.333333	-0.434493
2018.416667	-0.306456
2018.500000	-0.381122
2018.583333	-0.428436
2018.666667	-0.228957
2018.750000	0.154162
2018.833333	0.414911
2018.916667	0.250731
2019.000000	0.037096
2019.083333	-0.055977
2019.166667	-0.084082
2019.250000	-0.210038
2019.333333	-0.738856
2019.416667	-1.233106
2019.500000	-1.019189
2019.583333	-0.306833
2019.666667	0.340043
2019.750000	0.436496
2019.833333	0.038085
2019.916667	-0.043868
2020.000000	0.002698
2020.083333	-0.477232
2020.166667	-1.218975
2020.250000	-1.624053
2020.333333	-1.617975
2020.416667	-1.399082
2020.500000	-1.248305
2020.583333	-1.099828
2020.666667	-0.982923
2020.750000	-1.230438
2020.833333	-1.491501
2020.916667	-1.256091
2021.000000	-1.260710
2021.083333	-1.629096
2021.166667	-1.583510
2021.250000	-1.304534
2021.333333	-1.168249
2021.416667	-1.268443
2021.500000	-1.260135
2021.583333	-0.916690
2021.666667	-0.342153
2021.750000	0.302687
2021.833333	0.610376
2021.916667	0.587726
2022.000000	0.441207
2022.083333	0.244391
