1880.000000	-0.215742
1880.083333	-0.315548
1880.166667	-0.412741
1880.250000	-0.255747
1880.333333	-0.382591
1880.416667	-0.638462
1880.500000	-0.450357
1880.583333	-0.711458
1880.666667	-0.111061
1880.750000	0.198097
1880.833333	0.200689
1880.916667	0.284231
1881.000000	0.652620
1881.083333	0.648098
1881.166667	0.220387
1881.250000	0.293737
1881.333333	0.406483
1881.416667	0.101107
1881.500000	0.018800
1881.583333	0.011300
1881.666667	0.147358
1881.750000	-0.316942
1881.833333	-0.393465
1881.916667	-0.450747
1882.000000	-0.466616
1882.083333	-0.739180
1882.166667	-0.539778
1882.250000	-0.672483
1882.333333	-0.505421
1882.416667	-0.332033
1882.500000	0.150146
1882.583333	0.387300
1882.666667	0.310921
1882.750000	0.273563
1882.833333	0.362669
1882.916667	0.574728
1883.000000	0.620762
1883.083333	0.805540
1883.166667	0.764935
1883.250000	1.013790
1883.333333	0.649332
1883.416667	0.642118
1883.500000	0.513802
1883.583333	0.546200
1883.666667	0.519596
1883.750000	0.699842
1883.833333	0.760653
1883.916667	1.045770
1884.000000	0.737772
1884.083333	1.079630
1884.166667	0.949575
1884.250000	1.434010
1884.333333	1.211770
1884.416667	0.768970
1884.500000	0.893002
1884.583333	0.427959
1884.666667	0.492403
1884.750000	0.468752
1884.833333	0.027100
1884.916667	0.463840
1885.000000	0.236139
1885.083333	0.389721
1885.166667	0.299917
1885.250000	0.473331
1885.333333	0.076400
1885.416667	0.125788
1885.500000	0.213198
1885.583333	0.021000
1885.666667	0.076500
1885.750000	-0.036900
1885.833333	0.106432
1885.916667	0.017700
1886.000000	0.200230
1886.083333	0.150221
1886.166667	0.543753
1886.250000	0.882710
1886.333333	0.412724
1886.416667	0.879967
1886.500000	0.658722
1886.583333	0.486158
1886.666667	0.527243
1886.750000	0.125210
1886.833333	0.032400
1886.916667	-0.060700
1887.000000	-0.080400
1887.083333	-0.086600
1887.166667	-0.208418
1887.250000	0.399408
1887.333333	0.078800
1887.416667	0.020800
1887.500000	-0.250362
1887.583333	-0.396858
1887.666667	-0.490335
1887.750000	-0.476328
1887.833333	-0.647127
1887.916667	-0.594843
1888.000000	-0.531214
1888.083333	-0.724222
1888.166667	-0.758648
1888.250000	-1.030070
1888.333333	-0.614193
1888.416667	-0.639145
1888.500000	-0.579697
1888.583333	-0.562197
1888.666667	-0.678019
1888.750000	-0.488268
1888.833333	-0.259727
1888.916667	-0.609152
1889.000000	-0.454727
1889.083333	-0.439381
1889.166667	-0.733835
1889.250000	-0.417683
1889.333333	-0.350998
1889.416667	0.053600
1889.500000	-0.265503
1889.583333	-0.158140
1889.666667	-0.320198
1889.750000	-0.236692
1889.833333	-0.586317
1889.916667	-0.685692
1890.000000	-0.655188
1890.083333	-0.661774
1890.166667	-0.766100
1890.250000	-0.530031
1890.333333	-0.568848
1890.416667	-0.164358
1890.500000	-0.813997
1890.583333	-0.652897
1890.666667	-0.933369
1890.750000	-0.660145
1890.833333	-0.862341
1890.916667	-0.583450
1891.000000	-0.357342
1891.083333	-0.086400
1891.166667	-0.154669
1891.250000	-0.123657
1891.333333	0.001330
1891.416667	-0.031100
1891.500000	0.295702
1891.583333	0.210098
1891.666667	0.018200
1891.750000	-0.030700
1891.833333	0.038700
1891.916667	0.010800
1892.000000	0.608152
1892.083333	0.517881
1892.166667	-0.041500
1892.250000	-0.146500
1892.333333	-0.199903
1892.416667	-0.444283
1892.500000	-0.293938
1892.583333	-0.320511
1892.666667	-0.418867
1892.750000	-0.139372
1892.833333	-0.465395
1892.916667	-0.430758
1893.000000	-0.318735
1893.083333	-0.177217
1893.166667	0.241312
1893.250000	0.289652
1893.333333	0.461388
1893.416667	0.370581
1893.500000	0.145092
1893.583333	0.002420
1893.666667	0.311857
1893.750000	0.246527
1893.833333	0.211718
1893.916667	0.361370
1894.000000	0.386803
1894.083333	0.504230
1894.166667	0.646860
1894.250000	0.588448
1894.333333	0.339149
1894.416667	0.347883
1894.500000	0.049500
1894.583333	0.022000
1894.666667	-0.254438
1894.750000	0.269119
1894.833333	0.091700
1894.916667	0.232119
1895.000000	0.624792
1895.083333	0.893414
1895.166667	0.968655
1895.250000	0.751850
1895.333333	0.638138
1895.416667	0.283873
1895.500000	0.382982
1895.583333	0.021300
1895.666667	0.073600
1895.750000	-0.048000
1895.833333	-0.016800
1895.916667	0.098600
1896.000000	0.560337
1896.083333	0.723244
1896.166667	0.484077
1896.250000	0.525501
1896.333333	0.482439
1896.416667	0.161003
1896.500000	0.650061
1896.583333	0.507387
1896.666667	0.496563
1896.750000	0.192890
1896.833333	0.219593
1896.916667	0.202272
1897.000000	0.581682
1897.083333	0.500431
1897.166667	0.541857
1897.250000	0.449232
1897.333333	0.354786
1897.416667	0.379513
1897.500000	0.316597
1897.583333	0.110542
1897.666667	0.354633
1897.750000	0.371149
1897.833333	0.224022
1897.916667	0.805862
1898.000000	0.752651
1898.083333	0.884295
1898.166667	0.911226
1898.250000	0.821108
1898.333333	0.699986
1898.416667	0.710199
1898.500000	0.466282
1898.583333	0.240438
1898.666667	0.074500
1898.750000	0.065600
1898.833333	0.181791
1898.916667	0.328493
1899.000000	0.501133
1899.083333	0.484682
1899.166667	0.327902
1899.250000	0.240482
1899.333333	0.332170
1899.416667	0.163248
1899.500000	0.146893
1899.583333	0.254641
1899.666667	0.015600
1899.750000	-0.104662
1899.833333	0.078400
1899.916667	0.084800
1900.000000	-0.193190
1900.083333	-0.476463
1900.166667	-0.218042
1900.250000	-0.287352
1900.333333	-0.243464
1900.416667	0.455832
1900.500000	0.499233
1900.583333	0.754610
1900.666667	0.864479
1900.750000	1.043940
1900.833333	1.058600
1900.916667	1.044590
1901.000000	1.244880
1901.083333	1.204390
1901.166667	1.026070
1901.250000	0.941105
1901.333333	1.363800
1901.416667	1.101520
1901.500000	1.115570
1901.583333	1.166960
1901.666667	1.188750
1901.750000	1.088260
1901.833333	0.984941
1901.916667	1.341180
1902.000000	0.901865
1902.083333	0.729092
1902.166667	0.608543
1902.250000	0.140522
1902.333333	0.045900
1902.416667	-0.177334
1902.500000	-0.439489
1902.583333	-0.128326
1902.666667	-0.184742
1902.750000	0.029500
1902.833333	-0.139738
1902.916667	-0.076100
1903.000000	0.112717
1903.083333	-0.010600
1903.166667	0.183041
1903.250000	0.171728
1903.333333	0.271580
1903.416667	0.075400
1903.500000	-0.311945
1903.583333	-0.089800
1903.666667	-0.119293
1903.750000	0.066100
1903.833333	-0.149883
1903.916667	-0.117308
1904.000000	-0.108320
1904.083333	-0.029200
1904.166667	-0.173500
1904.250000	-0.020300
1904.333333	-0.519888
1904.416667	-0.760942
1904.500000	-1.082670
1904.583333	-0.783228
1904.666667	-1.055160
1904.750000	-1.267420
1904.833333	-1.321930
1904.916667	-1.295250
1905.000000	-1.238720
1905.083333	-1.322700
1905.166667	-1.339370
1905.250000	-1.252400
1905.333333	-0.956905
1905.416667	-0.640848
1905.500000	-0.543831
1905.583333	-0.444571
1905.666667	-0.167267
1905.750000	0.110043
1905.833333	-0.177279
1905.916667	-0.075000
1906.000000	-0.084300
1906.083333	0.029600
1906.166667	-0.055300
1906.250000	0.011600
1906.333333	0.045400
1906.416667	0.203728
1906.500000	0.349970
1906.583333	0.394609
1906.666667	0.589745
1906.750000	0.543701
1906.833333	0.588478
1906.916667	0.635902
1907.000000	0.707573
1907.083333	0.428207
1907.166667	0.283678
1907.250000	0.282652
1907.333333	-0.119083
1907.416667	-0.021500
1907.500000	0.103907
1907.583333	0.049200
1907.666667	-0.067600
1907.750000	0.023600
1907.833333	-0.046300
1907.916667	0.139780
1908.000000	0.094900
1908.083333	-0.043000
1908.166667	0.377979
1908.250000	0.329212
1908.333333	0.414425
1908.416667	0.155146
1908.500000	-0.091300
1908.583333	0.073800
1908.666667	0.484999
1908.750000	0.273682
1908.833333	0.247782
1908.916667	0.434639
1909.000000	0.723417
1909.083333	0.577875
1909.166667	0.306026
1909.250000	0.238903
1909.333333	-0.019200
1909.416667	-0.000650
1909.500000	0.243250
1909.583333	0.316862
1909.666667	-0.090400
1909.750000	-0.261848
1909.833333	-0.418327
1909.916667	-0.451365
1910.000000	-0.417677
1910.083333	-0.332987
1910.166667	-0.191628
1910.250000	-0.171328
1910.333333	-0.154856
1910.416667	-0.280859
1910.500000	-0.319353
1910.583333	-0.611362
1910.666667	-0.945480
1910.750000	-0.916927
1910.833333	-1.137710
1910.916667	-0.830463
1911.000000	-1.022200
1911.083333	-0.625483
1911.166667	-0.641407
1911.250000	-0.279207
1911.333333	-0.337603
1911.416667	-0.204111
1911.500000	-0.335430
1911.583333	-0.297867
1911.666667	-0.082200
1911.750000	0.059000
1911.833333	0.171129
1911.916667	0.005250
1912.000000	0.108490
1912.083333	0.105272
1912.166667	-0.053400
1912.250000	0.114458
1912.333333	0.096000
1912.416667	-0.463078
1912.500000	-0.569117
1912.583333	-0.055400
1912.666667	-0.050700
1912.750000	-0.063200
1912.833333	0.130362
1912.916667	0.109205
1913.000000	-0.175135
1913.083333	-0.332428
1913.166667	-0.270264
1913.250000	-0.155655
1913.333333	-0.130257
1913.416667	-0.246458
1913.500000	-0.021600
1913.583333	-0.156406
1913.666667	-0.336699
1913.750000	0.049300
1913.833333	-0.010800
1913.916667	-0.268671
1914.000000	-0.199261
1914.083333	-0.240181
1914.166667	-0.118647
1914.250000	-0.436928
1914.333333	-0.708469
1914.416667	-0.121767
1914.500000	-0.257519
1914.583333	0.284239
1914.666667	0.016500
1914.750000	0.115208
1914.833333	0.116655
1914.916667	0.582874
1915.000000	0.246538
1915.083333	0.097100
1915.166667	0.227430
1915.250000	0.328047
1915.333333	0.310682
1915.416667	0.212360
1915.500000	-0.108858
1915.583333	0.042500
1915.666667	0.051100
1915.750000	0.048100
1915.833333	-0.105478
1915.916667	0.063400
1916.000000	-0.097700
1916.083333	-0.621172
1916.166667	-0.919155
1916.250000	-0.601936
1916.333333	-0.853813
1916.416667	-0.492138
1916.500000	-0.776865
1916.583333	-0.931534
1916.666667	-0.592472
1916.750000	-0.299561
1916.833333	-0.841787
1916.916667	-0.634598
1917.000000	-0.527050
1917.083333	-0.584196
1917.166667	-0.594566
1917.250000	-0.340038
1917.333333	-0.364590
1917.416667	-0.170753
1917.500000	-0.253265
1917.583333	-0.219618
1917.666667	-0.172457
1917.750000	-0.151438
1917.833333	-0.150518
1917.916667	-0.116882
1918.000000	0.092700
1918.083333	0.480133
1918.166667	0.306562
1918.250000	0.208431
1918.333333	-0.077100
1918.416667	-0.339907
1918.500000	-0.060100
1918.583333	-0.110281
1918.666667	-0.203047
1918.750000	-0.122147
1918.833333	-0.021400
1918.916667	0.180861
1919.000000	0.380573
1919.083333	0.217014
1919.166667	-0.021600
1919.250000	0.162798
1919.333333	0.274040
1919.416667	0.243120
1919.500000	0.178007
1919.583333	0.470457
1919.666667	0.326180
1919.750000	0.535683
1919.833333	0.738121
1919.916667	0.643648
1920.000000	0.499443
1920.083333	0.449030
1920.166667	0.471092
1920.250000	0.458832
1920.333333	0.569468
1920.416667	0.668922
1920.500000	0.532993
1920.583333	0.475750
1920.666667	0.355093
1920.750000	0.386469
1920.833333	0.524580
1920.916667	0.584396
1921.000000	0.707529
1921.083333	0.549219
1921.166667	0.353495
1921.250000	0.760048
1921.333333	0.769503
1921.416667	0.567675
1921.500000	0.511572
1921.583333	0.292877
1921.666667	0.465168
1921.750000	0.461535
1921.833333	0.078700
1921.916667	-0.163702
1922.000000	-0.004730
1922.083333	-0.052600
1922.166667	0.065100
1922.250000	-0.080100
1922.333333	-0.407778
1922.416667	-0.517107
1922.500000	-1.001140
1922.583333	-0.794970
1922.666667	-1.011220
1922.750000	-0.894754
1922.833333	-0.892395
1922.916667	-1.026680
1923.000000	-0.923695
1923.083333	-0.954958
1923.166667	-0.510561
1923.250000	-0.399347
1923.333333	-0.106043
1923.416667	0.003830
1923.500000	0.127934
1923.583333	0.558149
1923.666667	0.645758
1923.750000	0.858126
1923.833333	1.345150
1923.916667	1.062660
1924.000000	0.997187
1924.083333	0.816708
1924.166667	0.683764
1924.250000	0.335062
1924.333333	0.332842
1924.416667	0.313946
1924.500000	0.210901
1924.583333	0.419872
1924.666667	0.177343
1924.750000	0.487907
1924.833333	0.845602
1924.916667	0.889381
1925.000000	0.771145
1925.083333	0.903513
1925.166667	0.805683
1925.250000	0.777977
1925.333333	0.874254
1925.416667	0.827524
1925.500000	0.730099
1925.583333	0.808283
1925.666667	0.568447
1925.750000	0.346422
1925.833333	0.508373
1925.916667	0.490328
1926.000000	0.742594
1926.083333	0.624250
1926.166667	0.311203
1926.250000	0.262993
1926.333333	0.475512
1926.416667	0.685198
1926.500000	0.882776
1926.583333	0.997189
1926.666667	1.089620
1926.750000	0.953503
1926.833333	0.969748
1926.916667	0.884672
1927.000000	0.578169
1927.083333	0.495241
1927.166667	0.194775
1927.250000	0.023800
1927.333333	-0.335115
1927.416667	-0.532324
1927.500000	-0.510736
1927.583333	-0.699217
1927.666667	-0.679090
1927.750000	-0.757700
1927.833333	-1.095380
1927.916667	-0.908010
1928.000000	-0.678522
1928.083333	-0.761786
1928.166667	-0.831472
1928.250000	-0.653618
1928.333333	-0.593645
1928.416667	-0.664165
1928.500000	-0.633739
1928.583333	-0.690548
1928.666667	-0.771635
1928.750000	-0.877728
1928.833333	-0.769482
1928.916667	-1.032200
1929.000000	-0.684208
1929.083333	-0.753283
1929.166667	-0.386461
1929.250000	-0.344568
1929.333333	0.013800
1929.416667	-0.046700
1929.500000	0.145582
1929.583333	0.083000
1929.666667	0.009630
1929.750000	0.285269
1929.833333	0.215076
1929.916667	0.504883
1930.000000	0.489454
1930.083333	0.583187
1930.166667	0.584806
1930.250000	0.733805
1930.333333	0.963915
1930.416667	0.986782
1930.500000	0.866032
1930.583333	0.536112
1930.666667	0.738672
1930.750000	0.530621
1930.833333	0.627420
1930.916667	0.784855
1931.000000	0.671955
1931.083333	0.951128
1931.166667	0.583797
1931.250000	0.325659
1931.333333	-0.086300
1931.416667	-0.206442
1931.500000	-0.399054
1931.583333	-0.791409
1931.666667	-1.157690
1931.750000	-1.114070
1931.833333	-0.953732
1931.916667	-1.426040
1932.000000	-1.758910
1932.083333	-1.499570
1932.166667	-1.721500
1932.250000	-1.096700
1932.333333	-1.037260
1932.416667	-1.118120
1932.500000	-0.658680
1932.583333	-0.602190
1932.666667	-0.814001
1932.750000	-0.943409
1932.833333	-0.662827
1932.916667	-0.273327
1933.000000	-0.341839
1933.083333	-0.691088
1933.166667	-0.507856
1933.250000	-0.619770
1933.333333	-0.491060
1933.416667	-0.584677
1933.500000	-0.355000
1933.583333	0.025800
1933.666667	-0.012200
1933.750000	0.173433
1933.833333	0.317991
1933.916667	0.386223
1934.000000	0.186718
1934.083333	0.320862
1934.166667	0.517805
1934.250000	0.368952
1934.333333	0.757158
1934.416667	0.673597
1934.500000	0.620508
1934.583333	0.466522
1934.666667	0.322048
1934.750000	0.214422
1934.833333	0.062900
1934.916667	-0.053700
1935.000000	0.404491
1935.083333	0.137297
1935.166667	-0.052400
1935.250000	0.215998
1935.333333	0.061200
1935.416667	0.098500
1935.500000	0.164507
1935.583333	-0.044300
1935.666667	0.316179
1935.750000	0.229368
1935.833333	0.466063
1935.916667	0.403322
1936.000000	0.313299
1936.083333	0.731400
1936.166667	0.244673
1936.250000	0.188744
1936.333333	0.144039
1936.416667	0.319613
1936.500000	0.104681
1936.583333	0.150724
1936.666667	0.258038
1936.750000	-0.017800
1936.833333	-0.057400
1936.916667	0.291063
1937.000000	0.048900
1937.083333	0.316128
1937.166667	-0.123861
1937.250000	-0.219458
1937.333333	-0.614157
1937.416667	-0.388037
1937.500000	-0.489479
1937.583333	-0.768162
1937.666667	-0.666689
1937.750000	-0.675112
1937.833333	-0.416611
1937.916667	-0.349127
1938.000000	-0.324642
1938.083333	-0.278162
1938.166667	-0.185617
1938.250000	-0.017000
1938.333333	0.206512
1938.416667	-0.008470
1938.500000	0.218466
1938.583333	0.189762
1938.666667	0.215471
1938.750000	0.641329
1938.833333	0.469097
1938.916667	0.618378
1939.000000	0.161510
1939.083333	0.086500
1939.166667	-0.126278
1939.250000	0.214535
1939.333333	0.019100
1939.416667	-0.499332
1939.500000	-0.413877
1939.583333	-0.577400
1939.666667	-0.741018
1939.750000	-0.324291
1939.833333	-0.112400
1939.916667	-0.269091
1940.000000	-0.268929
1940.083333	-0.437403
1940.166667	-0.424742
1940.250000	-0.223448
1940.333333	-0.626438
1940.416667	-0.380684
1940.500000	-0.694647
1940.583333	-0.587013
1940.666667	-0.708616
1940.750000	-0.525343
1940.833333	-0.161209
1940.916667	-0.456621
1941.000000	-0.371712
1941.083333	-1.003670
1941.166667	-0.846941
1941.250000	-0.879477
1941.333333	-0.943964
1941.416667	-0.846308
1941.500000	-0.792437
1941.583333	-0.225763
1941.666667	0.351292
1941.750000	0.555403
1941.833333	0.406542
1941.916667	0.327957
1942.000000	0.122429
1942.083333	0.286938
1942.166667	0.168228
1942.250000	-0.091100
1942.333333	-0.213503
1942.416667	-0.889196
1942.500000	-0.682079
1942.583333	-1.265540
1942.666667	-1.220550
1942.750000	-0.892513
1942.833333	-1.081540
1942.916667	-0.355633
1943.000000	-0.404888
1943.083333	-0.481836
1943.166667	-0.862843
1943.250000	-1.083410
1943.333333	-1.104350
1943.416667	-1.200460
1943.500000	-1.123100
1943.583333	-0.841488
1943.666667	-0.515739
1943.750000	-0.429533
1943.833333	-0.138510
1943.916667	-0.086800
1944.000000	0.310152
1944.083333	0.433023
1944.166667	0.578247
1944.250000	0.507551
1944.333333	0.419317
1944.416667	0.423056
1944.500000	0.549669
1944.583333	0.441248
1944.666667	0.126755
1944.750000	0.192543
1944.833333	0.372459
1944.916667	0.582394
1945.000000	0.766365
1945.083333	0.669844
1945.166667	0.579082
1945.250000	0.730839
1945.333333	0.646944
1945.416667	1.014330
1945.500000	0.787943
1945.583333	0.701735
1945.666667	0.579502
1945.750000	0.528692
1945.833333	-0.026100
1945.916667	0.234478
1946.000000	0.243853
1946.083333	0.317833
1946.166667	-0.045800
1946.250000	0.188131
1946.333333	0.048600
1946.416667	0.470922
1946.500000	0.209360
1946.583333	0.353479
1946.666667	0.245539
1946.750000	0.076100
1946.833333	0.171963
1946.916667	0.329395
1947.000000	0.445942
1947.083333	0.796223
1947.166667	0.915777
1947.250000	0.756641
1947.333333	0.811516
1947.416667	0.842010
1947.500000	1.117490
1947.583333	1.274690
1947.666667	0.988123
1947.750000	1.032680
1947.833333	0.648926
1947.916667	0.633493
1948.000000	0.475962
1948.083333	0.550022
1948.166667	0.675823
1948.250000	0.747952
1948.333333	0.763762
1948.416667	1.063280
1948.500000	0.527382
1948.583333	0.481377
1948.666667	0.517471
1948.750000	0.268480
1948.833333	0.309298
1948.916667	0.492691
1949.000000	0.225172
1949.083333	-0.280600
1949.166667	-0.261557
1949.250000	-0.612913
1949.333333	-0.906637
1949.416667	-0.977102
1949.500000	-1.064160
1949.583333	-0.720793
1949.666667	-0.995537
1949.750000	-0.755320
1949.833333	-0.678171
1949.916667	-0.141113
1950.000000	-0.316513
1950.083333	-0.163305
1950.166667	-0.402920
1950.250000	-0.065600
1950.333333	0.168732
1950.416667	0.105331
1950.500000	0.117813
1950.583333	-0.240967
1950.666667	0.126423
1950.750000	-0.233028
1950.833333	-0.365955
1950.916667	-0.075200
1951.000000	0.463627
1951.083333	0.513275
1951.166667	0.491039
1951.250000	0.719313
1951.333333	0.646378
1951.416667	0.825268
1951.500000	1.015080
1951.583333	1.199630
1951.666667	1.011710
1951.750000	0.915504
1951.833333	1.222280
1951.916667	0.774151
1952.000000	0.868652
1952.083333	0.635742
1952.166667	0.562168
1952.250000	0.754700
1952.333333	0.339252
1952.416667	0.259684
1952.500000	-0.115290
1952.583333	-0.092600
1952.666667	0.256834
1952.750000	-0.247107
1952.833333	-0.357273
1952.916667	-0.187952
1953.000000	-0.215714
1953.083333	-0.597298
1953.166667	-0.335932
1953.250000	-0.558542
1953.333333	-0.718876
1953.416667	-0.379066
1953.500000	-0.593559
1953.583333	-0.471720
1953.666667	-0.093300
1953.750000	-0.117838
1953.833333	0.015800
1953.916667	0.096600
1954.000000	0.375433
1954.083333	0.122690
1954.166667	0.057500
1954.250000	0.171875
1954.333333	0.632595
1954.416667	0.188850
1954.500000	0.040100
1954.583333	0.400249
1954.666667	0.601410
1954.750000	0.422897
1954.833333	0.248545
1954.916667	0.043100
1955.000000	0.287382
1955.083333	0.310972
1955.166667	0.419283
1955.250000	0.113955
1955.333333	0.404228
1955.416667	0.461670
1955.500000	0.629215
1955.583333	0.282982
1955.666667	0.612003
1955.750000	0.413219
1955.833333	0.389109
1955.916667	0.360893
1956.000000	0.623531
1956.083333	0.453922
1956.166667	0.759832
1956.250000	0.852755
1956.333333	0.887989
1956.416667	0.878399
1956.500000	0.750347
1956.583333	0.595284
1956.666667	0.587711
1956.750000	0.185608
1956.833333	0.002190
1956.916667	0.061800
1957.000000	-0.027000
1957.083333	-0.306707
1957.166667	-0.228947
1957.250000	-0.342169
1957.333333	-0.699997
1957.416667	-0.659857
1957.500000	-0.312286
1957.583333	-0.412828
1957.666667	-0.496639
1957.750000	-0.629927
1957.833333	-0.300047
1957.916667	-0.439917
1958.000000	-0.145367
1958.083333	-0.345331
1958.166667	-0.213678
1958.250000	0.414484
1958.333333	0.420998
1958.416667	0.335180
1958.500000	0.557148
1958.583333	0.803009
1958.666667	0.681320
1958.750000	1.011210
1958.833333	0.972570
1958.916667	1.465150
1959.000000	1.627360
1959.083333	1.748770
1959.166667	1.029190
1959.250000	1.351370
1959.333333	0.979942
1959.416667	0.698591
1959.500000	0.376068
1959.583333	0.437140
1959.666667	0.456470
1959.750000	0.035200
1959.833333	-0.288660
1959.916667	-0.223190
1960.000000	-0.349125
1960.083333	-0.770975
1960.166667	-0.683119
1960.250000	-0.655317
1960.333333	-0.641668
1960.416667	-0.576401
1960.500000	-0.584564
1960.583333	-0.146225
1960.666667	0.079600
1960.750000	0.029100
1960.833333	-0.304150
1960.916667	-0.097500
1961.000000	0.281710
1961.083333	0.031000
1961.166667	-0.084000
1961.250000	-0.034700
1961.333333	0.081700
1961.416667	-0.020500
1961.500000	0.217426
1961.583333	0.139545
1961.666667	-0.115774
1961.750000	0.137980
1961.833333	0.064100
1961.916667	0.264740
1962.000000	0.227877
1962.083333	0.102503
1962.166667	-0.025900
1962.250000	0.063800
1962.333333	-0.002960
1962.416667	-0.022200
1962.500000	0.015700
1962.583333	0.046200
1962.666667	0.139153
1962.750000	-0.112440
1962.833333	-0.482489
1962.916667	-0.429792
1963.000000	-0.189085
1963.083333	-0.063600
1963.166667	0.127644
1963.250000	0.709799
1963.333333	0.918829
1963.416667	1.316250
1963.500000	0.950615
1963.583333	0.901335
1963.666667	0.668453
1963.750000	0.623432
1963.833333	0.589712
1963.916667	0.575523
1964.000000	0.472403
1964.083333	0.090900
1964.166667	0.094300
1964.250000	-0.157608
1964.333333	-0.130873
1964.416667	-0.386648
1964.500000	-0.669607
1964.583333	-0.521833
1964.666667	-0.432631
1964.750000	-0.480053
1964.833333	-0.587070
1964.916667	0.072500
1965.000000	-0.083600
1965.083333	-0.105925
1965.166667	-0.574318
1965.250000	-0.700262
1965.333333	-0.869825
1965.416667	-0.827118
1965.500000	-0.451424
1965.583333	-0.560396
1965.666667	-0.760590
1965.750000	-0.205660
1965.833333	-0.135668
1965.916667	0.173822
1966.000000	0.338840
1966.083333	0.198996
1966.166667	0.579235
1966.250000	0.621025
1966.333333	0.630463
1966.416667	0.493208
1966.500000	0.362164
1966.583333	0.050500
1966.666667	-0.153143
1966.750000	-0.404613
1966.833333	-0.232925
1966.916667	-0.377350
1967.000000	-0.699957
1967.083333	-0.445795
1967.166667	-0.702694
1967.250000	-0.791143
1967.333333	-0.560526
1967.416667	-0.776377
1967.500000	-0.800501
1967.583333	-1.027790
1967.666667	-0.701941
1967.750000	-0.459047
1967.833333	-0.361477
1967.916667	-0.524019
1968.000000	-0.630262
1968.083333	-0.499620
1968.166667	-0.423918
1968.250000	-0.204071
1968.333333	-0.093700
1968.416667	-0.256430
1968.500000	-0.021200
1968.583333	-0.059700
1968.666667	0.063100
1968.750000	0.115145
1968.833333	0.237350
1968.916667	-0.130447
1969.000000	-0.005860
1969.083333	0.264223
1969.166667	0.515741
1969.250000	0.250002
1969.333333	0.468872
1969.416667	0.431313
1969.500000	0.130865
1969.583333	0.216492
1969.666667	-0.207109
1969.750000	-0.071300
1969.833333	0.101898
1969.916667	-0.091800
1970.000000	0.031200
1970.083333	-0.144463
1970.166667	0.255842
1970.250000	-0.123697
1970.333333	-0.060100
1970.416667	-0.106131
1970.500000	0.099800
1970.583333	-0.443977
1970.666667	-0.470169
1970.750000	-0.002530
1970.833333	-0.252537
1970.916667	-0.306545
1971.000000	-0.137159
1971.083333	-0.375978
1971.166667	-0.450130
1971.250000	-0.131937
1971.333333	-0.435911
1971.416667	-0.141552
1971.500000	-0.323856
1971.583333	-0.633368
1971.666667	-0.839678
1971.750000	-1.056480
1971.833333	-0.955858
1971.916667	-0.894754
1972.000000	-0.651646
1972.083333	-0.761391
1972.166667	-0.681273
1972.250000	-0.556324
1972.333333	-0.477247
1972.416667	-0.312452
1972.500000	-0.409986
1972.583333	-0.515903
1972.666667	-0.571922
1972.750000	-0.405998
1972.833333	-0.033100
1972.916667	-0.288927
1973.000000	-0.017200
1973.083333	-0.109777
1973.166667	-0.076900
1973.250000	0.021500
1973.333333	-0.077800
1973.416667	-0.159048
1973.500000	-0.100122
1973.583333	-0.112469
1973.666667	0.235493
1973.750000	0.338621
1973.833333	0.532703
1973.916667	0.342417
1974.000000	-0.063400
1974.083333	-0.096800
1974.166667	-0.240086
1974.250000	-0.471336
1974.333333	-0.798258
1974.416667	-0.668430
1974.500000	-0.600857
1974.583333	-0.698412
1974.666667	-0.817905
1974.750000	-0.516230
1974.833333	-0.312883
1974.916667	-0.218702
1975.000000	-0.133812
1975.083333	-0.028800
1975.166667	0.221899
1975.250000	-0.168459
1975.333333	-0.190975
1975.416667	-0.143686
1975.500000	-0.422583
1975.583333	-0.128998
1975.666667	-0.283108
1975.750000	0.004030
1975.833333	0.038600
1975.916667	0.037800
1976.000000	0.189859
1976.083333	0.602943
1976.166667	0.717703
1976.250000	0.543056
1976.333333	0.854364
1976.416667	0.547989
1976.500000	0.467335
1976.583333	0.255548
1976.666667	0.044000
1976.750000	0.371477
1976.833333	0.557169
1976.916667	0.570293
1977.000000	0.840473
1977.083333	0.510427
1977.166667	0.674383
1977.250000	0.529966
1977.333333	0.128363
1977.416667	-0.127031
1977.500000	0.319685
1977.583333	-0.014100
1977.666667	0.233383
1977.750000	0.567253
1977.833333	0.520002
1977.916667	0.548389
1978.000000	0.385582
1978.083333	0.276972
1978.166667	0.309725
1978.250000	-0.098700
1978.333333	-0.019800
1978.416667	-0.026600
1978.500000	-0.705492
1978.583333	-0.814379
1978.666667	-1.077080
1978.750000	-1.172810
1978.833333	-1.247730
1978.916667	-1.220250
1979.000000	-1.357720
1979.083333	-1.389400
1979.166667	-1.553320
1979.250000	-1.399720
1979.333333	-0.888128
1979.416667	-0.349428
1979.500000	-0.065500
1979.583333	-0.446609
1979.666667	-0.060400
1979.750000	0.250362
1979.833333	0.603510
1979.916667	0.745012
1980.000000	0.828732
1980.083333	1.059610
1980.166667	1.023760
1980.250000	1.013600
1980.333333	0.700525
1980.416667	0.610512
1980.500000	0.413559
1980.583333	0.068900
1980.666667	-0.185074
1980.750000	0.105753
1980.833333	0.310078
1980.916667	0.154823
1981.000000	0.179541
1981.083333	0.237740
1981.166667	0.448673
1981.250000	0.120598
1981.333333	-0.080600
1981.416667	0.215799
1981.500000	0.069700
1981.583333	-0.015800
1981.666667	-0.400970
1981.750000	-0.160488
1981.833333	0.033000
1981.916667	0.406548
1982.000000	0.049800
1982.083333	0.421793
1982.166667	0.264668
1982.250000	-0.125347
1982.333333	-0.334044
1982.416667	0.053000
1982.500000	-0.301498
1982.583333	-0.178360
1982.666667	-0.209196
1982.750000	-0.554298
1982.833333	-0.432688
1982.916667	-0.469555
1983.000000	-0.388817
1983.083333	-0.155411
1983.166667	-0.129763
1983.250000	-0.011800
1983.333333	0.259565
1983.416667	0.001390
1983.500000	0.340721
1983.583333	-0.307198
1983.666667	-0.407379
1983.750000	-0.375040
1983.833333	-0.136555
1983.916667	-0.294323
1984.000000	-0.191000
1984.083333	-0.230097
1984.166667	0.027600
1984.250000	-0.172575
1984.333333	-0.394550
1984.416667	-0.608532
1984.500000	-0.668575
1984.583333	-0.294930
1984.666667	-0.228178
1984.750000	0.081600
1984.833333	0.346409
1984.916667	0.120726
1985.000000	0.524033
1985.083333	0.434212
1985.166667	0.494238
1985.250000	0.287670
1985.333333	-0.013400
1985.416667	0.000261
1985.500000	0.080500
1985.583333	-0.267792
1985.666667	-0.201023
1985.750000	-0.232677
1985.833333	-0.582981
1985.916667	-0.293608
1986.000000	-0.539799
1986.083333	-0.873308
1986.166667	-1.126280
1986.250000	-0.987198
1986.333333	-1.114600
1986.416667	-0.713396
1986.500000	-1.243110
1986.583333	-1.055740
1986.666667	-1.027160
1986.750000	-0.788435
1986.833333	-0.857168
1986.916667	-0.814535
1987.000000	-0.723131
1987.083333	-0.557102
1987.166667	-0.601196
1987.250000	-0.137737
1987.333333	0.033700
1987.416667	0.129879
1987.500000	-0.138437
1987.583333	0.037800
1987.666667	0.171875
1987.750000	-0.156368
1987.833333	-0.184792
1987.916667	-0.199284
1988.000000	-0.252161
1988.083333	-0.127626
1988.166667	-0.175091
1988.250000	-0.061500
1988.333333	0.089400
1988.416667	0.058400
1988.500000	0.086500
1988.583333	0.046000
1988.666667	-0.376572
1988.750000	-0.043300
1988.833333	0.309370
1988.916667	0.492062
1989.000000	-0.236197
1989.083333	-0.321798
1989.166667	-0.534748
1989.250000	-0.597139
1989.333333	-0.781080
1989.416667	-0.833668
1989.500000	-0.522772
1989.583333	-0.525171
1989.666667	-0.725227
1989.750000	-0.868608
1989.833333	-0.911381
1989.916667	-1.078980
1990.000000	-0.910698
1990.083333	-0.693699
1990.166667	-0.533287
1990.250000	-0.185556
1990.333333	-0.396997
1990.416667	-0.147568
1990.500000	-0.397972
1990.583333	-0.558012
1990.666667	-0.217657
1990.750000	-0.462700
1990.833333	-0.541246
1990.916667	-0.890703
1991.000000	-0.798618
1991.083333	-0.981186
1991.166667	-0.760731
1991.250000	-0.686691
1991.333333	-0.398655
1991.416667	-0.265453
1991.500000	-0.159929
1991.583333	-0.008970
1991.666667	0.287523
1991.750000	0.888802
1991.833333	0.879990
1991.916667	0.842028
1992.000000	0.977167
1992.083333	1.099210
1992.166667	0.892685
1992.250000	0.791462
1992.333333	0.734882
1992.416667	0.654657
1992.500000	0.665268
1992.583333	0.487787
1992.666667	0.331900
1992.750000	0.700338
1992.833333	0.911776
1992.916667	0.880875
1993.000000	0.673828
1993.083333	0.240011
1993.166667	0.158289
1993.250000	0.178844
1993.333333	-0.092000
1993.416667	-0.311575
1993.500000	-0.307917
1993.583333	-0.668619
1993.666667	-0.819403
1993.750000	-0.678352
1993.833333	-1.022930
1993.916667	-0.991426
1994.000000	-1.074890
1994.083333	-1.339920
1994.166667	-1.136550
1994.250000	-1.311190
1994.333333	-1.743370
1994.416667	-1.418750
1994.500000	-1.412600
1994.583333	-1.477860
1994.666667	-1.465910
1994.750000	-1.585410
1994.833333	-1.808770
1994.916667	-1.721370
1995.000000	-1.464280
1995.083333	-1.131710
1995.166667	-1.237550
1995.250000	-0.852688
1995.333333	-0.964277
1995.416667	-0.859863
1995.500000	-0.282038
1995.583333	-0.291580
1995.666667	-0.667410
1995.750000	-0.298882
1995.833333	-0.405857
1995.916667	-0.499434
1996.000000	-0.430704
1996.083333	-0.846025
1996.166667	-0.835871
1996.250000	-0.564709
1996.333333	-0.551647
1996.416667	-0.433788
1996.500000	-0.322481
1996.583333	-0.151525
1996.666667	0.026500
1996.750000	0.003860
1996.833333	0.445513
1996.916667	0.222229
1997.000000	0.190042
1997.083333	-0.153572
1997.166667	-0.494780
1997.250000	-0.177069
1997.333333	-0.168159
1997.416667	-0.489086
1997.500000	-0.178322
1997.583333	-0.601500
1997.666667	-0.750818
1997.750000	-0.589043
1997.833333	-0.652309
1997.916667	-0.573196
1998.000000	-0.561333
1998.083333	-0.236483
1998.166667	-0.322638
1998.250000	-0.305962
1998.333333	-0.141125
1998.416667	-0.129953
1998.500000	-0.218643
1998.583333	0.045400
1998.666667	0.374149
1998.750000	0.333677
1998.833333	0.545839
1998.916667	0.625507
1999.000000	0.711348
1999.083333	0.659058
1999.166667	0.393251
1999.250000	0.222584
1999.333333	-0.249142
1999.416667	-0.524712
1999.500000	-0.157381
1999.583333	-0.182678
1999.666667	-0.357225
1999.750000	-0.481422
1999.833333	-0.392769
1999.916667	-0.513103
2000.000000	-0.370184
2000.083333	-0.371460
2000.166667	-0.101063
2000.250000	0.021700
2000.333333	-0.445011
2000.416667	-0.412182
2000.500000	-0.111994
2000.583333	-0.076600
2000.666667	-0.165211
2000.750000	0.010200
2000.833333	0.072100
2000.916667	0.326183
2001.000000	0.175070
2001.083333	0.038100
2001.166667	-0.009800
2001.250000	-0.233130
2001.333333	0.042600
2001.416667	0.181263
2001.500000	0.340631
2001.583333	0.740526
2001.666667	0.569754
2001.750000	0.502075
2001.833333	0.531214
2001.916667	0.724621
2002.000000	0.608490
2002.083333	0.591393
2002.166667	0.468248
2002.250000	0.691267
2002.333333	0.959095
2002.416667	0.931551
2002.500000	0.742050
2002.583333	0.798479
2002.666667	0.771326
2002.750000	0.899563
2002.833333	1.007100
2002.916667	0.966913
2003.000000	0.772917
2003.083333	0.719088
2003.166667	0.576900
2003.250000	0.508883
2003.333333	0.413992
2003.416667	0.359623
2003.500000	0.202723
2003.583333	-0.059800
2003.666667	-0.294973
2003.750000	-0.219862
2003.833333	-0.425159
2003.916667	-0.392607
2004.000000	-0.498234
2004.083333	-0.459919
2004.166667	-0.924572
2004.250000	-0.684208
2004.333333	-0.821508
2004.416667	-0.473488
2004.500000	-0.420042
2004.583333	-0.195427
2004.666667	-0.318108
2004.750000	-0.027000
2004.833333	-0.052900
2004.916667	-0.321617
2005.000000	-0.244308
2005.083333	0.004330
2005.166667	0.021000
2005.250000	-0.120077
2005.333333	-0.472618
2005.416667	-0.274031
2005.500000	-0.241016
2005.583333	-0.266706
2005.666667	-0.351646
2005.750000	-0.576927
2005.833333	-0.413071
2005.916667	-0.535738
2006.000000	-1.009650
2006.083333	-0.970245
2006.166667	-1.219510
2006.250000	-1.769340
2006.333333	-1.535520
2006.416667	-1.253730
2006.500000	-1.429310
2006.583333	-1.283060
2006.666667	-1.201690
2006.750000	-1.361630
2006.833333	-1.249280
2006.916667	-0.962166
2007.000000	-1.037480
2007.083333	-0.913181
2007.166667	-0.728989
2007.250000	-0.481216
2007.333333	-0.499672
2007.416667	-0.678545
2007.500000	-0.526957
2007.583333	-0.300762
2007.666667	-0.160368
2007.750000	0.018700
2007.833333	0.037300
2007.916667	-0.142908
2008.000000	0.017500
2008.083333	0.033600
2008.166667	-0.164751
2008.250000	-0.335217
2008.333333	-0.109787
2008.416667	0.029400
2008.500000	-0.367498
2008.583333	-0.535402
2008.666667	-0.379366
2008.750000	-0.760078
2008.833333	-0.783854
2008.916667	-0.915390
2009.000000	-1.222000
2009.083333	-1.146220
2009.166667	-1.128790
2009.250000	-0.884689
2009.333333	-0.403299
2009.416667	-0.202217
2009.500000	-0.097500
2009.583333	0.211533
2009.666667	0.379473
2009.750000	0.319033
2009.833333	-0.173159
2009.916667	-0.507048
2010.000000	-0.495399
2010.083333	0.006010
2010.166667	-0.513418
2010.250000	-0.667940
2010.333333	-0.623737
2010.416667	-0.887438
2010.500000	-0.763445
2010.583333	-0.567802
2010.666667	-0.168722
2010.750000	-0.281467
2010.833333	-0.119743
2010.916667	-0.143150
2011.000000	-0.092000
2011.083333	0.134188
2011.166667	0.172260
2011.250000	0.385933
2011.333333	0.454380
2011.416667	0.569952
2011.500000	0.510031
2011.583333	0.408569
2011.666667	0.634483
2011.750000	0.512911
2011.833333	0.685472
2011.916667	0.584318
2012.000000	0.581173
2012.083333	0.685646
2012.166667	0.594238
2012.250000	1.093560
2012.333333	1.095230
2012.416667	1.364540
2012.500000	0.937464
2012.583333	0.935221
2012.666667	0.881268
2012.750000	0.661970
2012.833333	0.478403
2012.916667	0.380768
2013.000000	0.043500
2013.083333	-0.271749
2013.166667	-0.253103
2013.250000	-0.144821
2013.333333	-0.210470
2013.416667	0.190321
2013.500000	-0.110302
2013.583333	0.116283
2013.666667	-0.133015
2013.750000	0.174089
2013.833333	0.191463
2013.916667	-0.176411
2014.000000	-0.289688
2014.083333	-0.238758
2014.166667	-0.026900
2014.250000	0.100510
2014.333333	0.256866
2014.416667	0.555273
2014.500000	0.606291
2014.583333	0.691578
2014.666667	0.804995
2014.750000	0.437178
2014.833333	0.370832
2014.916667	0.305984
2015.000000	0.072500
2015.083333	0.417391
2015.166667	0.071000
2015.250000	0.680853
2015.333333	0.769686
2015.416667	0.696865
2015.500000	0.894083
2015.583333	0.953033
2015.666667	0.628029
2015.750000	0.650942
2015.833333	0.812721
2015.916667	0.638712
2016.000000	0.767878
2016.083333	0.745619
2016.166667	0.940039
2016.250000	0.864809
2016.333333	0.743359
2016.416667	0.933308
2016.500000	0.220005
2016.583333	0.335939
2016.666667	0.408613
2016.750000	0.114521
2016.833333	0.565147
2016.916667	0.719822
2017.000000	0.727091
2017.083333	0.426792
2017.166667	0.784868
2017.250000	0.486113
2017.333333	0.385500
2017.416667	0.185457
2017.500000	0.525913
2017.583333	0.018200
2017.666667	0.341583
2017.750000	0.370363
2017.833333	0.163742
2017.916667	0.202091
2018.000000	-0.147966
2018.083333	-0.273058
2018.166667	-0.315258
2018.250000	-0.282999
2018.333333	-0.128719
2018.416667	-0.410257
2018.500000	-0.353018
2018.583333	-0.489918
2018.666667	-0.643467
2018.750000	-0.943489
2018.833333	-0.842806
2018.916667	-0.750824
2019.000000	-0.821873
2019.083333	-0.924023
2019.166667	-1.049130
2019.250000	-0.824175
2019.333333	-1.064920
2019.416667	-0.605278
2019.500000	-0.378517
2019.583333	-0.445019
2019.666667	-0.286106
2019.750000	-0.094500
2019.833333	-0.339918
2019.916667	-0.126547
2020.000000	0.345158
2020.083333	0.446548
2020.166667	0.360250
2020.250000	0.545094
2020.333333	0.429342
2020.416667	0.429293
2020.500000	0.649332
2020.583333	0.389023
2020.666667	0.340723
2020.750000	0.340952
2020.833333	0.222431
2020.916667	-0.012100
2021.000000	-0.205488
2021.083333	-0.344110
2021.166667	-0.221310
2021.250000	-0.484552
2021.333333	-0.606010
2021.416667	-0.599531
2021.500000	-0.585087
2021.583333	-0.335209
2021.666667	-0.248110
2021.750000	-0.041500
2021.833333	0.029500
2021.916667	-0.059400
2022.000000	0.035100
2022.083333	0.078500
