1950.000000	-0.917693
1950.083333	-1.072661
1950.166667	-0.614666
1950.250000	-0.989345
1950.333333	-0.751186
1950.416667	-0.705516
1950.500000	-0.615119
1950.583333	-0.218501
1950.666667	-0.472797
1950.750000	-0.408378
1950.833333	-0.706635
1950.916667	-0.397252
1951.000000	0.191158
1951.083333	-0.193842
1951.166667	-0.367754
1951.250000	0.040186
1951.333333	0.596186
1951.416667	1.238858
1951.500000	1.474228
1951.583333	1.253759
1951.666667	0.900899
1951.750000	1.130922
1951.833333	1.064545
1951.916667	0.691077
1952.000000	0.415237
1952.083333	0.344088
1952.166667	0.361639
1952.250000	-0.095360
1952.333333	0.003656
1952.416667	-0.118457
1952.500000	-0.473439
1952.583333	-0.186082
1952.666667	-0.242078
1952.750000	-0.010090
1952.833333	-0.251273
1952.916667	0.020775
1953.000000	0.165985
1953.083333	0.455959
1953.166667	0.586156
1953.250000	1.049476
1953.333333	1.032472
1953.416667	0.727804
1953.500000	0.678100
1953.583333	0.708818
1953.666667	1.000432
1953.750000	0.453496
1953.833333	0.518490
1953.916667	0.316468
1954.000000	-0.271863
1954.083333	-0.321490
1954.166667	-0.529329
1954.250000	-1.416874
1954.333333	-1.435279
1954.416667	-1.295174
1954.500000	-1.180029
1954.583333	-0.897472
1954.666667	-1.020571
1954.750000	-1.019067
1954.833333	-0.779788
1954.916667	-0.843697
1955.000000	-0.332567
1955.083333	-0.379508
1955.166667	-0.658312
1955.250000	-0.675644
1955.333333	-1.114896
1955.416667	-1.162899
1955.500000	-0.888422
1955.583333	-0.705164
1955.666667	-0.826102
1955.750000	-1.142638
1955.833333	-1.069151
1955.916667	-0.938129
1956.000000	-0.689830
1956.083333	-0.362758
1956.166667	-0.141654
1956.250000	-0.220433
1956.333333	-0.355475
1956.416667	-0.324050
1956.500000	-0.192314
1956.583333	-0.116656
1956.666667	-0.345799
1956.750000	-0.430067
1956.833333	-0.595610
1956.916667	-0.621342
1957.000000	-0.689651
1957.083333	0.015903
1957.166667	0.760991
1957.250000	1.004998
1957.333333	1.413722
1957.416667	1.532501
1957.500000	1.510273
1957.583333	1.354438
1957.666667	1.150649
1957.750000	0.970118
1957.833333	1.083539
1957.916667	1.106179
1958.000000	0.977586
1958.083333	0.979108
1958.166667	0.889354
1958.250000	0.906984
1958.333333	0.733996
1958.416667	0.544530
1958.500000	0.544924
1958.583333	0.148799
1958.666667	0.137030
1958.750000	0.267977
1958.833333	0.303167
1958.916667	0.209904
1959.000000	0.022450
1959.083333	0.067450
1959.166667	0.422446
1959.250000	0.452425
1959.333333	0.268059
1959.416667	-0.019886
1959.500000	-0.181833
1959.583333	-0.227764
1959.666667	0.145491
1959.750000	0.202138
1959.833333	0.216711
1959.916667	0.262750
1960.000000	0.204296
1960.083333	0.044555
1960.166667	-0.163332
1960.250000	-0.376524
1960.333333	-0.342181
1960.416667	-0.419557
1960.500000	-0.387121
1960.583333	-0.135207
1960.666667	0.143253
1960.750000	-0.224291
1960.833333	-0.487877
1960.916667	-0.085761
1961.000000	0.067570
1961.083333	0.493646
1961.166667	0.114718
1961.250000	0.093617
1961.333333	-0.095300
1961.416667	-0.018963
1961.500000	-0.720448
1961.583333	-0.321946
1961.666667	-0.557057
1961.750000	-0.246366
1961.833333	0.055307
1961.916667	-0.034223
1962.000000	0.057140
1962.083333	0.025583
1962.166667	-0.723052
1962.250000	-0.919036
1962.333333	-0.504435
1962.416667	-0.621331
1962.500000	-0.492643
1962.583333	-0.162150
1962.666667	-0.266192
1962.750000	-0.273618
1962.833333	-0.397926
1962.916667	-0.424919
1963.000000	-0.190861
1963.083333	-0.281705
1963.166667	0.078226
1963.250000	-0.107081
1963.333333	0.209159
1963.416667	0.235385
1963.500000	0.293954
1963.583333	0.527444
1963.666667	0.523434
1963.750000	0.482023
1963.833333	0.167907
1963.916667	0.206260
1964.000000	-0.046609
1964.083333	-0.074763
1964.166667	-0.261405
1964.250000	-0.593120
1964.333333	-1.232288
1964.416667	-1.021919
1964.500000	-0.753985
1964.583333	-0.965585
1964.666667	-0.521903
1964.750000	-0.499200
1964.833333	-0.400693
1964.916667	-0.733612
1965.000000	-0.395830
1965.083333	-0.097540
1965.166667	0.360133
1965.250000	0.814980
1965.333333	1.353290
1965.416667	1.276932
1965.500000	1.259993
1965.583333	1.119685
1965.666667	0.763296
1965.750000	0.999120
1965.833333	0.975254
1965.916667	0.959082
1966.000000	0.771798
1966.083333	0.302764
1966.166667	-0.427317
1966.250000	-0.363069
1966.333333	-0.706349
1966.416667	-0.662444
1966.500000	-0.144464
1966.583333	-0.163008
1966.666667	-0.368633
1966.750000	-0.325080
1966.833333	-0.295312
1966.916667	-0.298678
1967.000000	-0.309716
1967.083333	-0.096244
1967.166667	-0.307377
1967.250000	-0.324164
1967.333333	-0.368325
1967.416667	-0.417105
1967.500000	-0.419955
1967.583333	-0.669278
1967.666667	-0.826414
1967.750000	-0.640361
1967.833333	-0.870411
1967.916667	-0.735113
1968.000000	-0.901056
1968.083333	-0.855545
1968.166667	-0.924591
1968.250000	-0.772807
1968.333333	-1.013097
1968.416667	-0.641852
1968.500000	-0.134217
1968.583333	0.267654
1968.666667	0.527563
1968.750000	0.306689
1968.833333	0.252920
1968.916667	0.430512
1969.000000	0.347867
1969.083333	0.161414
1969.166667	0.804433
1969.250000	1.078081
1969.333333	1.463038
1969.416667	1.187630
1969.500000	0.656352
1969.583333	0.436886
1969.666667	0.562488
1969.750000	0.970257
1969.833333	0.802529
1969.916667	0.850729
1970.000000	0.687033
1970.083333	0.098729
1970.166667	-0.349913
1970.250000	-0.239042
1970.333333	-0.604229
1970.416667	-0.860012
1970.500000	-1.379927
1970.583333	-1.334595
1970.666667	-0.814628
1970.750000	-0.518929
1970.833333	-0.513531
1970.916667	-0.757187
1971.000000	-0.848267
1971.083333	-0.817864
1971.166667	-0.692721
1971.250000	-0.279407
1971.333333	-0.592375
1971.416667	-0.341658
1971.500000	-0.347589
1971.583333	-0.738674
1971.666667	-0.738159
1971.750000	-0.361493
1971.833333	-0.408641
1971.916667	-0.356464
1972.000000	-0.168108
1972.083333	0.267536
1972.166667	0.477472
1972.250000	0.863664
1972.333333	1.117202
1972.416667	1.271928
1972.500000	1.747474
1972.583333	1.855731
1972.666667	1.324260
1972.750000	1.588232
1972.833333	1.693539
1972.916667	1.926740
1973.000000	1.619806
1973.083333	0.921237
1973.166667	0.443523
1973.250000	-0.039314
1973.333333	-0.397508
1973.416667	-0.596995
1973.500000	-0.584480
1973.583333	-0.937713
1973.666667	-0.809996
1973.750000	-0.858787
1973.833333	-0.550040
1973.916667	-0.752468
1974.000000	-0.699151
1974.083333	-0.455851
1974.166667	-0.170008
1974.250000	-0.029743
1974.333333	0.180844
1974.416667	0.148204
1974.500000	-0.067773
1974.583333	-0.119682
1974.666667	-0.499388
1974.750000	-0.579642
1974.833333	-0.436972
1974.916667	-0.561269
1975.000000	-0.774521
1975.083333	-0.460009
1975.166667	-0.040942
1975.250000	0.097426
1975.333333	-0.370276
1975.416667	-0.526291
1975.500000	-0.540397
1975.583333	-0.501605
1975.666667	-0.907193
1975.750000	-0.951236
1975.833333	-1.190548
1975.916667	-1.188354
1976.000000	-0.958776
1976.083333	-0.441452
1976.166667	-0.116353
1976.250000	0.113401
1976.333333	0.545946
1976.416667	1.098159
1976.500000	1.133670
1976.583333	1.268909
1976.666667	0.883756
1976.750000	0.866458
1976.833333	0.766914
1976.916667	0.822804
1977.000000	0.853277
1977.083333	0.323113
1977.166667	0.329058
1977.250000	-0.308760
1977.333333	-0.202177
1977.416667	-0.154304
1977.500000	0.153704
1977.583333	-0.415811
1977.666667	-0.252522
1977.750000	0.004005
1977.833333	-0.111127
1977.916667	-0.100176
1978.000000	0.283285
1978.083333	0.154332
1978.166667	-0.183389
1978.250000	-0.275950
1978.333333	-0.513075
1978.416667	-0.850882
1978.500000	-0.614774
1978.583333	-0.809562
1978.666667	-0.581070
1978.750000	-0.409713
1978.833333	0.005450
1978.916667	0.327624
1979.000000	0.156248
1979.083333	-0.046144
1979.166667	-0.089027
1979.250000	0.050610
1979.333333	0.152472
1979.416667	0.159334
1979.500000	0.095487
1979.583333	0.390053
1979.666667	0.491969
1979.750000	0.546454
1979.833333	0.287254
1979.916667	0.119380
1980.000000	0.167474
1980.083333	0.063107
1980.166667	0.097743
1980.250000	0.050725
1980.333333	0.438707
1980.416667	0.171016
1980.500000	-0.450905
1980.583333	-0.270493
1980.666667	-0.081779
1980.750000	-0.217993
1980.833333	-0.010295
1980.916667	-0.294523
1981.000000	-0.821854
1981.083333	-0.547834
1981.166667	-0.224329
1981.250000	-0.295522
1981.333333	-0.384978
1981.416667	-0.192724
1981.500000	-0.279349
1981.583333	-0.319152
1981.666667	-0.182366
1981.750000	-0.023661
1981.833333	0.038434
1981.916667	0.337220
1982.000000	0.357585
1982.083333	0.203987
1982.166667	-0.061660
1982.250000	0.055204
1982.333333	0.292581
1982.416667	0.319616
1982.500000	0.508298
1982.583333	0.801325
1982.666667	1.165647
1982.750000	1.506136
1982.833333	1.974175
1982.916667	2.372880
1983.000000	2.319713
1983.083333	1.903173
1983.166667	1.928815
1983.250000	2.225439
1983.333333	2.732221
1983.416667	2.979591
1983.500000	2.747476
1983.583333	2.071328
1983.666667	1.122844
1983.750000	0.866465
1983.833333	0.398660
1983.916667	0.384421
1984.000000	0.049348
1984.083333	-0.049485
1984.166667	0.194851
1984.250000	0.178277
1984.333333	-0.397516
1984.416667	-0.575071
1984.500000	-0.320317
1984.583333	-0.253550
1984.666667	-0.197816
1984.750000	-0.295614
1984.833333	-0.128315
1984.916667	-0.426071
1985.000000	-0.529931
1985.083333	-0.671085
1985.166667	-0.392977
1985.250000	-0.610027
1985.333333	-0.795693
1985.416667	-0.609790
1985.500000	-0.857473
1985.583333	-0.732167
1985.666667	-0.600575
1985.750000	-0.422266
1985.833333	-0.461083
1985.916667	-0.271556
1986.000000	-0.028980
1986.083333	0.124673
1986.166667	-0.073299
1986.250000	-0.318318
1986.333333	-0.395597
1986.416667	-0.584913
1986.500000	-0.309335
1986.583333	0.087417
1986.666667	0.253842
1986.750000	0.430668
1986.833333	0.519377
1986.916667	0.531449
1987.000000	0.815173
1987.083333	1.002143
1987.166667	1.281720
1987.250000	1.259237
1987.333333	1.146682
1987.416667	0.964470
1987.500000	1.071034
1987.583333	1.111343
1987.666667	1.277533
1987.750000	1.303036
1987.833333	1.065100
1987.916667	1.091182
1988.000000	0.678758
1988.083333	0.243330
1988.166667	0.019431
1988.250000	-0.288441
1988.333333	-0.411066
1988.416667	-1.027258
1988.500000	-1.059584
1988.583333	-0.929962
1988.666667	-0.624411
1988.750000	-0.646507
1988.833333	-0.460908
1988.916667	-0.547202
1989.000000	-0.188108
1989.083333	0.052520
1989.166667	-0.316047
1989.250000	-0.142436
1989.333333	-0.458961
1989.416667	-0.301641
1989.500000	-0.203719
1989.583333	-0.029378
1989.666667	-0.138227
1989.750000	-0.024533
1989.833333	0.016202
1989.916667	-0.096556
1990.000000	-0.006371
1990.083333	0.252863
1990.166667	0.063708
1990.250000	0.183558
1990.333333	0.311279
1990.416667	0.152292
1990.500000	-0.188369
1990.583333	0.023763
1990.666667	0.099654
1990.750000	0.006516
1990.833333	-0.099110
1990.916667	0.084544
1991.000000	0.110627
1991.083333	0.267578
1991.166667	0.418948
1991.250000	0.012377
1991.333333	0.530376
1991.416667	0.531884
1991.500000	0.714763
1991.583333	0.553892
1991.666667	0.566135
1991.750000	0.689613
1991.833333	0.731447
1991.916667	0.775654
1992.000000	0.694759
1992.083333	0.780798
1992.166667	1.107456
1992.250000	1.433886
1992.333333	1.456813
1992.416667	0.618611
1992.500000	0.123899
1992.583333	-0.019485
1992.666667	-0.081505
1992.750000	0.145730
1992.833333	0.117911
1992.916667	-0.021482
1993.000000	0.125166
1993.083333	0.478963
1993.166667	0.616645
1993.250000	0.973938
1993.333333	1.006203
1993.416667	0.718979
1993.500000	0.345070
1993.583333	0.343851
1993.666667	0.318048
1993.750000	0.490650
1993.833333	0.305649
1993.916667	0.325128
1994.000000	0.286421
1994.083333	0.018017
1994.166667	-0.226248
1994.250000	-0.311455
1994.333333	-0.081615
1994.416667	-0.116226
1994.500000	-0.252934
1994.583333	-0.340477
1994.666667	0.056665
1994.750000	0.688741
1994.833333	0.718773
1994.916667	0.826392
1995.000000	1.044646
1995.083333	0.688806
1995.166667	0.215702
1995.250000	-0.150147
1995.333333	-0.377770
1995.416667	-0.009553
1995.500000	0.014475
1995.583333	-0.231838
1995.666667	-0.050973
1995.750000	-0.094845
1995.833333	-0.011046
1995.916667	-0.152799
1996.000000	-0.083197
1996.083333	-0.030101
1996.166667	0.143853
1996.250000	-0.506854
1996.333333	-0.552149
1996.416667	-0.685222
1996.500000	-0.641039
1996.583333	-0.412717
1996.666667	-0.413159
1996.750000	-0.313392
1996.833333	-0.500122
1996.916667	-0.559706
1997.000000	-0.292859
1997.083333	0.023653
1997.166667	0.435850
1997.250000	0.617623
1997.333333	1.453209
1997.416667	2.005822
1997.500000	2.573561
1997.583333	2.878757
1997.666667	2.945114
1997.750000	2.917768
1997.833333	3.043771
1997.916667	3.285695
1998.000000	3.039933
1998.083333	2.524043
1998.166667	2.224864
1998.250000	2.163727
1998.333333	2.044964
1998.416667	1.548589
1998.500000	1.204793
1998.583333	0.908057
1998.666667	0.462843
1998.750000	0.468859
1998.833333	0.186578
1998.916667	0.111474
1999.000000	-0.114981
1999.083333	0.218050
1999.166667	0.474090
1999.250000	-0.207792
1999.333333	-0.053173
1999.416667	-0.295493
1999.500000	-0.391110
1999.583333	-0.175829
1999.666667	-0.481745
1999.750000	-0.389347
1999.833333	-0.647257
1999.916667	-0.613171
2000.000000	-0.488385
2000.083333	-0.163255
2000.166667	0.027834
2000.250000	0.390259
2000.333333	0.212397
2000.416667	-0.370479
2000.500000	-0.408627
2000.583333	-0.204888
2000.666667	-0.044109
2000.750000	0.071590
2000.833333	-0.328925
2000.916667	-0.096704
2001.000000	-0.109657
2001.083333	0.171199
2001.166667	0.742380
2001.250000	0.598790
2001.333333	-0.004515
2001.416667	-0.268685
2001.500000	-0.220255
2001.583333	-0.120323
2001.666667	-0.272989
2001.750000	-0.324834
2001.833333	-0.396588
2001.916667	-0.123831
2002.000000	-0.087562
2002.083333	0.366874
2002.166667	0.819216
2002.250000	0.624387
2002.333333	0.507385
2002.416667	0.281152
2002.500000	0.123612
2002.583333	0.248974
2002.666667	0.414108
2002.750000	0.941690
2002.833333	1.074317
2002.916667	0.999931
2003.000000	0.652593
2003.083333	0.552019
2003.166667	0.371958
2003.250000	-0.022854
2003.333333	-0.503117
2003.416667	-0.393173
2003.500000	-0.022949
2003.583333	0.248105
2003.666667	0.246667
2003.750000	0.717757
2003.833333	0.719551
2003.916667	0.585035
2004.000000	0.549513
2004.083333	0.457860
2004.166667	0.261828
2004.250000	0.220674
2004.333333	-0.409379
2004.416667	-0.380290
2004.500000	-0.326824
2004.583333	-0.117718
2004.666667	0.244133
2004.750000	0.546396
2004.833333	0.523871
2004.916667	0.552821
2005.000000	0.443347
2005.083333	-0.098881
2005.166667	0.102567
2005.250000	0.384294
2005.333333	0.456006
2005.416667	0.165780
2005.500000	0.260214
2005.583333	0.455656
2005.666667	-0.025785
2005.750000	-0.157545
2005.833333	-0.401311
2005.916667	-0.168986
2006.000000	0.189986
2006.083333	0.509440
2006.166667	0.288204
2006.250000	-0.040759
2006.333333	0.276290
2006.416667	0.238585
2006.500000	0.555082
2006.583333	0.941199
2006.666667	1.160077
2006.750000	1.417090
2006.833333	1.125973
2006.916667	0.989630
2007.000000	0.994534
2007.083333	0.583872
2007.166667	0.076506
2007.250000	-0.123280
2007.333333	-0.472403
2007.416667	-0.529943
2007.500000	-0.441552
2007.583333	-0.574272
2007.666667	-0.790293
2007.750000	-0.750532
2007.833333	-1.055883
2007.916667	-0.795962
2008.000000	-0.321868
2008.083333	0.210334
2008.166667	0.537019
2008.250000	0.364019
2008.333333	0.357148
2008.416667	0.459674
2008.500000	0.699665
2008.583333	0.955088
2008.666667	0.741701
2008.750000	0.393925
2008.833333	0.096265
2008.916667	-0.032255
2009.000000	0.071215
2009.083333	0.169167
2009.166667	-0.033995
2009.250000	0.451144
2009.333333	0.523680
2009.416667	0.800328
2009.500000	0.962434
2009.583333	1.041447
2009.666667	0.696983
2009.750000	0.791105
2009.833333	0.838987
2009.916667	0.949256
2010.000000	0.798630
2010.083333	0.764437
2010.166667	0.657576
2010.250000	1.002385
2010.333333	0.547109
2010.416667	0.055463
2010.500000	-0.391801
2010.583333	-0.334019
2010.666667	-0.360335
2010.750000	-0.634648
2010.833333	-0.666892
2010.916667	-0.722134
2011.000000	-0.177631
2011.083333	0.319059
2011.166667	0.136234
2011.250000	0.330327
2011.333333	0.501330
2011.416667	0.733858
2011.500000	0.482790
2011.583333	0.316697
2011.666667	-0.061112
2011.750000	-0.100435
2011.833333	-0.269179
2011.916667	-0.264742
2012.000000	-0.052889
2012.083333	0.547652
2012.166667	0.505614
2012.250000	0.954676
2012.333333	0.818181
2012.416667	1.194734
2012.500000	1.123587
2012.583333	0.801620
2012.666667	0.850188
2012.750000	0.564719
2012.833333	0.306631
2012.916667	0.038970
2013.000000	0.023564
2013.083333	0.011591
2013.166667	0.292480
2013.250000	-0.043901
2013.333333	-0.480639
2013.416667	-0.651689
2013.500000	-0.571684
2013.583333	-0.280073
2013.666667	0.029933
2013.750000	0.273245
2013.833333	0.152938
2013.916667	0.259554
2014.000000	0.520208
2014.083333	0.067439
2014.166667	0.346662
2014.250000	0.273639
2014.333333	0.955966
2014.416667	1.189745
2014.500000	1.052769
2014.583333	1.031029
2014.666667	0.822534
2014.750000	1.002005
2014.833333	0.881503
2014.916667	0.678774
2015.000000	0.477202
2015.083333	0.260349
2015.166667	0.440106
2015.250000	0.962738
2015.333333	1.550556
2015.416667	1.706707
2015.500000	2.029464
2015.583333	1.875791
2015.666667	2.101693
2015.750000	2.285488
2015.833333	2.175827
2015.916667	2.271762
2016.000000	1.987604
2016.083333	1.343726
2016.166667	1.412639
2016.250000	0.884695
2016.333333	0.675381
2016.416667	0.579714
2016.500000	0.217995
2016.583333	0.311471
2016.666667	0.578631
2016.750000	0.579306
2016.833333	0.458746
2016.916667	0.515319
2017.000000	0.891293
2017.083333	1.332612
2017.166667	1.500791
2017.250000	0.988146
2017.333333	0.761771
2017.416667	0.394809
2017.500000	0.270485
2017.583333	0.178213
2017.666667	0.031477
2017.750000	-0.079758
2017.833333	-0.391099
2017.916667	-0.490104
2018.000000	-0.508569
2018.083333	-0.194923
2018.166667	-0.092004
2018.250000	-0.098343
2018.333333	0.038064
2018.416667	-0.020520
2018.500000	0.221138
2018.583333	0.302176
2018.666667	0.429498
2018.750000	0.762872
2018.833333	0.792678
2018.916667	0.910403
2019.000000	0.789312
2019.083333	0.719769
2019.166667	0.537621
2019.250000	0.476459
2019.333333	0.555825
2019.416667	0.301364
2019.500000	0.273438
2019.583333	0.262119
2019.666667	-0.054294
2019.750000	-0.021347
2019.833333	0.206190
2019.916667	0.365577
2020.000000	0.331403
2020.083333	0.858975
2020.166667	0.752269
2020.250000	0.751288
2020.333333	0.354267
2020.416667	-0.100190
2020.500000	-0.315266
2020.583333	-0.172158
2020.666667	-0.459869
2020.750000	-0.257085
2020.833333	-0.271708
2020.916667	-0.052490
2021.000000	0.021274
2021.083333	0.121106
2021.166667	0.248102
2021.250000	-0.101844
2021.333333	-0.005979
2021.416667	0.175092
2021.500000	0.454341
2021.583333	0.365241
2021.666667	0.258848
2021.750000	0.497867
2021.833333	0.098041
2021.916667	-0.447934
2022.000000	-0.441358
2022.083333	-0.482196
2022.166667	0.199960
2022.250000	-0.201250
2022.333333	-0.492001
2022.416667	-0.428295
2022.500000	-0.237133
2022.583333	0.046210
2022.666667	-0.235415
2022.750000	-0.483082
2022.833333	-0.415327
2022.916667	-0.065177
2023.000000	0.254885
