1950.000000	-0.133113
1950.083333	-0.692429
1950.166667	-0.269114
1950.250000	-0.196647
1950.333333	-0.505820
1950.416667	-0.692411
1950.500000	-0.489941
1950.583333	-0.619554
1950.666667	-0.353279
1950.750000	-0.421930
1950.833333	-0.527974
1950.916667	-0.131240
1951.000000	-0.524633
1951.083333	-0.535621
1951.166667	-0.414474
1951.250000	-0.373040
1951.333333	-0.570366
1951.416667	-0.542782
1951.500000	-0.552834
1951.583333	-0.547032
1951.666667	-0.435788
1951.750000	-0.108930
1951.833333	-0.214297
1951.916667	-0.035081
1952.000000	-0.052477
1952.083333	0.145463
1952.166667	0.228829
1952.250000	0.155893
1952.333333	0.217381
1952.416667	-0.015437
1952.500000	0.016397
1952.583333	0.031221
1952.666667	0.059284
1952.750000	-0.163496
1952.833333	-0.257646
1952.916667	-0.315320
1953.000000	0.112822
1953.083333	0.085017
1953.166667	0.169830
1953.250000	0.478074
1953.333333	0.339321
1953.416667	0.135889
1953.500000	-0.003001
1953.583333	-0.357303
1953.666667	-0.363492
1953.750000	-0.151008
1953.833333	-0.111289
1953.916667	0.042060
1954.000000	-0.227649
1954.083333	-0.027323
1954.166667	-0.234600
1954.250000	-0.401017
1954.333333	-0.202941
1954.416667	-0.365632
1954.500000	-0.246494
1954.583333	-0.257218
1954.666667	-0.189893
1954.750000	-0.036149
1954.833333	0.015834
1954.916667	-0.158057
1955.000000	0.177614
1955.083333	-0.006402
1955.166667	-0.314056
1955.250000	-0.314634
1955.333333	-0.560361
1955.416667	-0.575428
1955.500000	-0.346010
1955.583333	-0.278261
1955.666667	-0.248259
1955.750000	-0.439760
1955.833333	-0.433046
1955.916667	-0.493425
1956.000000	-0.286579
1956.083333	-0.420638
1956.166667	-0.070248
1956.250000	-0.326735
1956.333333	-0.237381
1956.416667	-0.064642
1956.500000	-0.102498
1956.583333	-0.016476
1956.666667	0.046258
1956.750000	0.048865
1956.833333	-0.204013
1956.916667	-0.237148
1957.000000	-0.100450
1957.083333	-0.314830
1957.166667	0.097569
1957.250000	-0.182978
1957.333333	0.036865
1957.416667	-0.405421
1957.500000	-0.192028
1957.583333	-0.036404
1957.666667	0.003263
1957.750000	0.277005
1957.833333	0.030154
1957.916667	-0.171412
1958.000000	0.325824
1958.083333	0.146694
1958.166667	0.006826
1958.250000	0.117763
1958.333333	0.120096
1958.416667	-0.203959
1958.500000	-0.320793
1958.583333	-0.182426
1958.666667	0.037539
1958.750000	-0.001417
1958.833333	0.177565
1958.916667	0.122256
1959.000000	0.141507
1959.083333	-0.117418
1959.166667	-0.369154
1959.250000	-0.411281
1959.333333	-0.129914
1959.416667	-0.161219
1959.500000	-0.543437
1959.583333	-0.271824
1959.666667	-0.016961
1959.750000	-0.159354
1959.833333	-0.148540
1959.916667	0.022064
1960.000000	-0.344677
1960.083333	-0.326642
1960.166667	-0.465397
1960.250000	-0.334548
1960.333333	-0.139854
1960.416667	-0.244824
1960.500000	-0.403133
1960.583333	-0.226806
1960.666667	-0.054894
1960.750000	-0.279299
1960.833333	-0.447069
1960.916667	-0.059563
1961.000000	0.199473
1961.083333	0.491769
1961.166667	0.800174
1961.250000	0.845531
1961.333333	0.712460
1961.416667	0.875295
1961.500000	0.631244
1961.583333	0.283511
1961.666667	0.067855
1961.750000	0.278285
1961.833333	0.247530
1961.916667	0.234466
1962.000000	-0.058703
1962.083333	0.121526
1962.166667	0.179015
1962.250000	-0.148691
1962.333333	-0.356979
1962.416667	-0.340103
1962.500000	-0.060490
1962.583333	-0.063421
1962.666667	0.042770
1962.750000	0.193691
1962.833333	0.268649
1962.916667	0.317286
1963.000000	-0.144751
1963.083333	-0.177189
1963.166667	-0.396610
1963.250000	-0.143860
1963.333333	-0.451405
1963.416667	-0.321060
1963.500000	-0.240788
1963.583333	-0.293398
1963.666667	-0.386593
1963.750000	-0.150587
1963.833333	-0.000569
1963.916667	-0.463795
1964.000000	-0.486492
1964.083333	-0.131738
1964.166667	-0.025706
1964.250000	-0.228130
1964.333333	-0.661788
1964.416667	-0.580687
1964.500000	-0.762134
1964.583333	-0.629282
1964.666667	-0.620267
1964.750000	-0.546457
1964.833333	-0.436153
1964.916667	-0.172507
1965.000000	-0.513386
1965.083333	-0.716826
1965.166667	-0.844053
1965.250000	-0.630188
1965.333333	-0.808900
1965.416667	-0.904969
1965.500000	-0.546934
1965.583333	-0.352847
1965.666667	-0.024130
1965.750000	-0.479828
1965.833333	-0.550359
1965.916667	-0.262900
1966.000000	0.017756
1966.083333	0.399623
1966.166667	-0.159973
1966.250000	-0.225681
1966.333333	0.067707
1966.416667	0.238242
1966.500000	0.318569
1966.583333	0.209779
1966.666667	0.469527
1966.750000	-0.207939
1966.833333	0.059878
1966.916667	-0.040860
1967.000000	-0.059830
1967.083333	0.106132
1967.166667	0.365692
1967.250000	0.340989
1967.333333	0.219745
1967.416667	0.206832
1967.500000	-0.010724
1967.583333	-0.003495
1967.666667	-0.071129
1967.750000	0.020257
1967.833333	0.098026
1967.916667	-0.032875
1968.000000	-0.483536
1968.083333	-0.231613
1968.166667	-0.410722
1968.250000	-0.484800
1968.333333	-0.325212
1968.416667	-0.287998
1968.500000	-0.461148
1968.583333	-0.185351
1968.666667	-0.183733
1968.750000	-0.282810
1968.833333	-0.566267
1968.916667	-0.402766
1969.000000	0.128691
1969.083333	0.501980
1969.166667	0.695307
1969.250000	0.656162
1969.333333	0.540741
1969.416667	0.143458
1969.500000	0.195447
1969.583333	0.263533
1969.666667	0.129224
1969.750000	0.377278
1969.833333	0.423060
1969.916667	0.529800
1970.000000	0.591130
1970.083333	0.292513
1970.166667	0.133794
1970.250000	-0.065325
1970.333333	-0.049499
1970.416667	-0.158891
1970.500000	0.094079
1970.583333	0.196379
1970.666667	0.108843
1970.750000	-0.088974
1970.833333	0.191220
1970.916667	-0.043442
1971.000000	0.103868
1971.083333	-0.392143
1971.166667	-0.233931
1971.250000	0.163538
1971.333333	0.169170
1971.416667	-0.290950
1971.500000	-0.027672
1971.583333	-0.166108
1971.666667	-0.396324
1971.750000	-0.364075
1971.833333	-0.320174
1971.916667	-0.203508
1972.000000	-0.018574
1972.083333	-0.274208
1972.166667	-0.217838
1972.250000	0.094126
1972.333333	0.297396
1972.416667	0.404921
1972.500000	0.147208
1972.583333	0.357711
1972.666667	0.301060
1972.750000	0.241350
1972.833333	0.171499
1972.916667	0.427184
1973.000000	0.402856
1973.083333	0.186797
1973.166667	0.562364
1973.250000	0.419557
1973.333333	0.484563
1973.416667	0.207377
1973.500000	0.226256
1973.583333	0.075521
1973.666667	0.155474
1973.750000	0.305012
1973.833333	0.170446
1973.916667	-0.030774
1974.000000	0.341257
1974.083333	0.205631
1974.166667	0.071682
1974.250000	-0.136927
1974.333333	0.002246
1974.416667	0.183469
1974.500000	0.148803
1974.583333	-0.008167
1974.666667	-0.192509
1974.750000	-0.169631
1974.833333	-0.066861
1974.916667	0.213693
1975.000000	0.049093
1975.083333	-0.103314
1975.166667	-0.304996
1975.250000	-0.106749
1975.333333	0.105549
1975.416667	0.117011
1975.500000	0.200031
1975.583333	0.011906
1975.666667	-0.228265
1975.750000	-0.435404
1975.833333	-0.066921
1975.916667	-0.314564
1976.000000	0.038032
1976.083333	0.281749
1976.166667	0.606800
1976.250000	0.271506
1976.333333	0.425903
1976.416667	0.459714
1976.500000	0.261835
1976.583333	0.199753
1976.666667	0.019427
1976.750000	0.039406
1976.833333	0.238771
1976.916667	0.427041
1977.000000	0.486088
1977.083333	0.219160
1977.166667	0.589610
1977.250000	0.381875
1977.333333	0.492354
1977.416667	0.580052
1977.500000	0.552867
1977.583333	0.376286
1977.666667	0.570840
1977.750000	0.463994
1977.833333	0.424413
1977.916667	0.358734
1978.000000	0.441865
1978.083333	0.397698
1978.166667	0.324316
1978.250000	0.228421
1978.333333	0.250985
1978.416667	0.370100
1978.500000	0.256955
1978.583333	0.761344
1978.666667	0.667560
1978.750000	0.898656
1978.833333	0.561029
1978.916667	-0.008111
1979.000000	0.096213
1979.083333	0.080911
1979.166667	0.316949
1979.250000	0.347660
1979.333333	0.191697
1979.416667	0.193001
1979.500000	0.145307
1979.583333	0.328900
1979.666667	0.400745
1979.750000	0.620744
1979.833333	0.462051
1979.916667	0.453713
1980.000000	0.231666
1980.083333	0.132396
1980.166667	0.039563
1980.250000	0.337896
1980.333333	0.522348
1980.416667	0.574210
1980.500000	0.504886
1980.583333	0.331260
1980.666667	0.241501
1980.750000	0.365844
1980.833333	0.602582
1980.916667	0.461774
1981.000000	0.646321
1981.083333	0.432888
1981.166667	0.492384
1981.250000	0.192055
1981.333333	0.184065
1981.416667	-0.238633
1981.500000	-0.239567
1981.583333	-0.117725
1981.666667	-0.146393
1981.750000	0.059687
1981.833333	0.330016
1981.916667	0.395713
1982.000000	0.348063
1982.083333	0.205666
1982.166667	0.331996
1982.250000	0.687208
1982.333333	0.527958
1982.416667	0.361383
1982.500000	0.471619
1982.583333	0.637936
1982.666667	0.541056
1982.750000	0.418992
1982.833333	0.326946
1982.916667	0.383563
1983.000000	0.279598
1983.083333	0.610758
1983.166667	0.932946
1983.250000	0.968104
1983.333333	0.767623
1983.416667	0.926839
1983.500000	0.779779
1983.583333	0.857661
1983.666667	0.389379
1983.750000	0.232245
1983.833333	0.175901
1983.916667	0.158186
1984.000000	0.139355
1984.083333	0.033412
1984.166667	0.016526
1984.250000	0.040645
1984.333333	0.052358
1984.416667	-0.009046
1984.500000	-0.228736
1984.583333	-0.010344
1984.666667	-0.179248
1984.750000	0.039216
1984.833333	0.041203
1984.916667	0.239156
1985.000000	0.163536
1985.083333	0.097174
1985.166667	0.181081
1985.250000	0.366653
1985.333333	0.436198
1985.416667	0.025050
1985.500000	0.250712
1985.583333	0.388918
1985.666667	0.374091
1985.750000	0.192889
1985.833333	0.028561
1985.916667	-0.101735
1986.000000	0.166212
1986.083333	0.098132
1986.166667	0.262228
1986.250000	0.419855
1986.333333	0.495917
1986.416667	0.159168
1986.500000	0.042840
1986.583333	0.029338
1986.666667	0.097410
1986.750000	0.233060
1986.833333	0.279998
1986.916667	0.581544
1987.000000	0.438347
1987.083333	0.614346
1987.166667	0.892789
1987.250000	0.944295
1987.333333	1.057188
1987.416667	0.383134
1987.500000	0.441295
1987.583333	0.632801
1987.666667	0.771367
1987.750000	0.450280
1987.833333	0.403086
1987.916667	0.633131
1988.000000	0.953208
1988.083333	0.808648
1988.166667	0.791233
1988.250000	0.680747
1988.333333	0.505039
1988.416667	0.475143
1988.500000	0.528387
1988.583333	0.661795
1988.666667	0.484071
1988.750000	0.338747
1988.833333	0.381960
1988.916667	0.176652
1989.000000	0.133679
1989.083333	0.205239
1989.166667	0.047152
1989.250000	0.053625
1989.333333	0.250959
1989.416667	-0.012324
1989.500000	0.388831
1989.583333	0.412204
1989.666667	0.381293
1989.750000	0.280816
1989.833333	0.083096
1989.916667	0.172124
1990.000000	0.200075
1990.083333	0.146562
1990.166667	0.195571
1990.250000	0.446963
1990.333333	0.468474
1990.416667	0.286663
1990.500000	0.328527
1990.583333	0.450962
1990.666667	0.601209
1990.750000	0.444631
1990.833333	0.219128
1990.916667	0.527734
1991.000000	0.662659
1991.083333	0.705865
1991.166667	0.819566
1991.250000	0.819570
1991.333333	0.900675
1991.416667	0.452260
1991.500000	0.222233
1991.583333	0.401328
1991.666667	0.565451
1991.750000	0.416428
1991.833333	0.393891
1991.916667	0.068450
1992.000000	0.522702
1992.083333	0.365262
1992.166667	0.397518
1992.250000	0.537984
1992.333333	0.680366
1992.416667	0.383153
1992.500000	0.433342
1992.583333	0.079985
1992.666667	0.043228
1992.750000	0.107676
1992.833333	0.289252
1992.916667	0.205338
1993.000000	0.386920
1993.083333	0.452228
1993.166667	0.118817
1993.250000	0.337009
1993.333333	0.748772
1993.416667	0.411047
1993.500000	0.032184
1993.583333	0.093776
1993.666667	-0.116568
1993.750000	-0.102409
1993.833333	-0.152451
1993.916667	0.100896
1994.000000	0.165186
1994.083333	-0.235586
1994.166667	0.117321
1994.250000	0.455088
1994.333333	0.546790
1994.416667	0.154699
1994.500000	0.205655
1994.583333	0.364358
1994.666667	0.261673
1994.750000	0.321132
1994.833333	0.114823
1994.916667	0.216325
1995.000000	0.166607
1995.083333	0.545624
1995.166667	0.210380
1995.250000	0.328278
1995.333333	0.333591
1995.416667	0.200404
1995.500000	0.359428
1995.583333	0.501918
1995.666667	0.400027
1995.750000	0.376536
1995.833333	0.317142
1995.916667	0.040520
1996.000000	0.309569
1996.083333	0.417006
1996.166667	0.296412
1996.250000	0.293382
1996.333333	0.222528
1996.416667	0.044964
1996.500000	-0.206301
1996.583333	-0.033242
1996.666667	0.174787
1996.750000	-0.107897
1996.833333	0.212870
1996.916667	0.325181
1997.000000	0.252726
1997.083333	0.120096
1997.166667	0.458426
1997.250000	0.430247
1997.333333	0.317208
1997.416667	0.286584
1997.500000	0.191708
1997.583333	0.551854
1997.666667	0.598111
1997.750000	0.298605
1997.833333	0.337299
1997.916667	0.349676
1998.000000	1.085838
1998.083333	1.048050
1998.166667	0.968271
1998.250000	0.824447
1998.333333	0.801735
1998.416667	0.509796
1998.500000	0.348725
1998.583333	0.225270
1998.666667	0.337013
1998.750000	0.280596
1998.833333	0.286991
1998.916667	0.355021
1999.000000	0.414020
1999.083333	0.622454
1999.166667	0.790314
1999.250000	0.611091
1999.333333	0.453443
1999.416667	0.383688
1999.500000	0.347519
1999.583333	0.262491
1999.666667	0.263862
1999.750000	-0.157919
1999.833333	0.152528
1999.916667	0.129382
2000.000000	0.168182
2000.083333	0.205312
2000.166667	0.355110
2000.250000	0.615874
2000.333333	0.540053
2000.416667	0.377250
2000.500000	0.249819
2000.583333	0.331052
2000.666667	0.272339
2000.750000	0.138677
2000.833333	0.216219
2000.916667	0.428523
2001.000000	0.311944
2001.083333	0.721607
2001.166667	0.933983
2001.250000	0.842274
2001.333333	0.715546
2001.416667	0.329961
2001.500000	0.166057
2001.583333	0.352522
2001.666667	0.567157
2001.750000	0.417538
2001.833333	0.510440
2001.916667	0.571415
2002.000000	0.527696
2002.083333	0.691185
2002.166667	0.695646
2002.250000	0.395455
2002.333333	0.326132
2002.416667	0.301914
2002.500000	0.431000
2002.583333	0.674446
2002.666667	0.756839
2002.750000	0.465123
2002.833333	0.389794
2002.916667	0.324270
2003.000000	0.556103
2003.083333	0.684551
2003.166667	0.645236
2003.250000	0.829405
2003.333333	0.756039
2003.416667	0.524389
2003.500000	0.276406
2003.583333	0.305709
2003.666667	0.409148
2003.750000	0.283944
2003.833333	0.394560
2003.916667	0.674738
2004.000000	0.813034
2004.083333	0.736838
2004.166667	0.695842
2004.250000	0.957272
2004.333333	0.592961
2004.416667	0.033009
2004.500000	0.115147
2004.583333	0.610949
2004.666667	0.680627
2004.750000	0.509093
2004.833333	0.482896
2004.916667	0.669896
2005.000000	0.855067
2005.083333	0.780494
2005.166667	0.905693
2005.250000	0.770271
2005.333333	0.818103
2005.416667	0.596669
2005.500000	0.588500
2005.583333	0.528313
2005.666667	0.491030
2005.750000	0.537311
2005.833333	0.249669
2005.916667	0.525767
2006.000000	0.827120
2006.083333	0.924451
2006.166667	0.903507
2006.250000	0.941885
2006.333333	0.903744
2006.416667	0.783336
2006.500000	0.478067
2006.583333	0.671554
2006.666667	0.458149
2006.750000	0.399103
2006.833333	0.749095
2006.916667	1.008942
2007.000000	1.059074
2007.083333	0.998469
2007.166667	0.836156
2007.250000	0.882366
2007.333333	0.921601
2007.416667	0.759941
2007.500000	0.523314
2007.583333	0.671734
2007.666667	0.630445
2007.750000	0.551107
2007.833333	0.576547
2007.916667	0.525962
2008.000000	0.621157
2008.083333	0.210636
2008.166667	0.218527
2008.250000	0.242867
2008.333333	0.417383
2008.416667	0.159507
2008.500000	0.034319
2008.583333	0.300509
2008.666667	0.409184
2008.750000	0.545525
2008.833333	0.721574
2008.916667	0.689472
2009.000000	0.796589
2009.083333	0.770472
2009.166667	0.866349
2009.250000	0.691076
2009.333333	0.840003
2009.416667	0.760600
2009.500000	0.405851
2009.583333	0.460502
2009.666667	0.573770
2009.750000	0.635133
2009.833333	0.631969
2009.916667	0.891388
2010.000000	1.067560
2010.083333	1.038467
2010.166667	0.930043
2010.250000	1.322652
2010.333333	1.253221
2010.416667	0.958043
2010.500000	0.753711
2010.583333	0.623749
2010.666667	0.422341
2010.750000	0.521424
2010.833333	0.669270
2010.916667	0.677070
2011.000000	0.938717
2011.083333	0.619718
2011.166667	0.761639
2011.250000	1.046978
2011.333333	1.012126
2011.416667	0.969186
2011.500000	0.773110
2011.583333	0.749168
2011.666667	0.527381
2011.750000	0.527451
2011.833333	0.734245
2011.916667	0.520317
2012.000000	0.358219
2012.083333	0.412020
2012.166667	0.434915
2012.250000	0.719117
2012.333333	0.793209
2012.416667	0.583773
2012.500000	0.515603
2012.583333	0.837010
2012.666667	0.664314
2012.750000	0.646036
2012.833333	0.696005
2012.916667	0.560084
2013.000000	0.699232
2013.083333	0.510652
2013.166667	0.476104
2013.250000	0.450997
2013.333333	0.367749
2013.416667	0.235214
2013.500000	0.327187
2013.583333	0.527404
2013.666667	0.700509
2013.750000	0.588910
2013.833333	0.790912
2013.916667	0.547719
2014.000000	0.530147
2014.083333	0.661857
2014.166667	0.871991
2014.250000	0.717267
2014.333333	0.623922
2014.416667	0.358583
2014.500000	0.443917
2014.583333	0.566571
2014.666667	0.532791
2014.750000	0.709704
2014.833333	0.825063
2014.916667	0.955474
2015.000000	0.621379
2015.083333	0.332375
2015.166667	0.444904
2015.250000	0.865175
2015.333333	1.024493
2015.416667	0.748080
2015.500000	0.748042
2015.583333	1.021007
2015.666667	0.886755
2015.750000	1.095993
2015.833333	0.933006
2015.916667	1.219630
2016.000000	1.119346
2016.083333	0.825049
2016.166667	1.346035
2016.250000	1.172564
2016.333333	0.775642
2016.416667	0.226436
2016.500000	0.119690
2016.583333	0.321525
2016.666667	0.214311
2016.750000	0.479083
2016.833333	0.659843
2016.916667	0.838798
2017.000000	1.074091
2017.083333	1.354702
2017.166667	1.149619
2017.250000	1.107346
2017.333333	0.998405
2017.416667	0.936755
2017.500000	0.878052
2017.583333	0.797213
2017.666667	0.790360
2017.750000	0.738809
2017.833333	0.584443
2017.916667	0.407808
2018.000000	0.170197
2018.083333	0.577829
2018.166667	0.429312
2018.250000	0.737165
2018.333333	0.733695
2018.416667	0.492162
2018.500000	0.578064
2018.583333	0.702956
2018.666667	0.726371
2018.750000	0.446708
2018.833333	0.452944
2018.916667	0.723534
2019.000000	0.998253
2019.083333	0.769327
2019.166667	1.020691
2019.250000	1.181666
2019.333333	0.835379
2019.416667	0.396563
2019.500000	0.426223
2019.583333	0.628256
2019.666667	0.334624
2019.750000	0.712953
2019.833333	0.760759
2019.916667	0.740790
2020.000000	0.921949
2020.083333	0.698257
2020.166667	0.813273
2020.250000	0.764594
2020.333333	0.618817
2020.416667	0.392257
2020.500000	0.349331
2020.583333	0.363659
2020.666667	0.371104
2020.750000	0.410686
2020.833333	0.348714
2020.916667	0.565366
2021.000000	0.646584
2021.083333	1.164224
2021.166667	0.884976
2021.250000	0.967956
2021.333333	0.708268
2021.416667	0.320557
2021.500000	0.310784
2021.583333	0.359111
2021.666667	0.367505
2021.750000	0.527145
2021.833333	1.046577
2021.916667	0.829251
2022.000000	0.895169
2022.083333	0.493155
2022.166667	0.631869
2022.250000	0.760361
2022.333333	0.738138
2022.416667	0.043004
2022.500000	0.064175
2022.583333	0.214535
2022.666667	0.362911
2022.750000	0.218704
2022.833333	0.337598
2022.916667	0.262246
2023.000000	0.755831
