1880.000000	0.406629
1880.083333	0.406244
1880.166667	0.405858
1880.250000	0.405470
1880.333333	0.405080
1880.416667	0.404689
1880.500000	0.404296
1880.583333	0.403902
1880.666667	0.381182
1880.750000	0.380896
1880.833333	0.380614
1880.916667	0.380336
1881.000000	0.380063
1881.083333	0.379794
1881.166667	0.379529
1881.250000	0.379269
1881.333333	0.379013
1881.416667	0.378762
1881.500000	0.378516
1881.583333	0.378274
1881.666667	0.382864
1881.750000	0.382261
1881.833333	0.381657
1881.916667	0.381051
1882.000000	0.380444
1882.083333	0.379835
1882.166667	0.379224
1882.250000	0.378613
1882.333333	0.378000
1882.416667	0.377387
1882.500000	0.376772
1882.583333	0.376156
1882.666667	0.376959
1882.750000	0.376290
1882.833333	0.375620
1882.916667	0.374950
1883.000000	0.374279
1883.083333	0.373609
1883.166667	0.372939
1883.250000	0.372269
1883.333333	0.371599
1883.416667	0.370929
1883.500000	0.370261
1883.583333	0.369592
1883.666667	0.320298
1883.750000	0.320254
1883.833333	0.320218
1883.916667	0.320189
1884.000000	0.320168
1884.083333	0.320155
1884.166667	0.320150
1884.250000	0.320152
1884.333333	0.320162
1884.416667	0.320179
1884.500000	0.320205
1884.583333	0.320238
1884.666667	0.323361
1884.750000	0.323143
1884.833333	0.322933
1884.916667	0.322730
1885.000000	0.322535
1885.083333	0.322348
1885.166667	0.322168
1885.250000	0.321995
1885.333333	0.321830
1885.416667	0.321673
1885.500000	0.321524
1885.583333	0.321382
1885.666667	0.398936
1885.750000	0.398417
1885.833333	0.397894
1885.916667	0.397368
1886.000000	0.396837
1886.083333	0.396303
1886.166667	0.395765
1886.250000	0.395223
1886.333333	0.394678
1886.416667	0.394129
1886.500000	0.393576
1886.583333	0.393020
1886.666667	0.374944
1886.750000	0.374792
1886.833333	0.374646
1886.916667	0.374504
1887.000000	0.374368
1887.083333	0.374238
1887.166667	0.374113
1887.250000	0.373993
1887.333333	0.373879
1887.416667	0.373770
1887.500000	0.373667
1887.583333	0.373569
1887.666667	0.404044
1887.750000	0.403506
1887.833333	0.402963
1887.916667	0.402413
1888.000000	0.401859
1888.083333	0.401300
1888.166667	0.400735
1888.250000	0.400166
1888.333333	0.399591
1888.416667	0.399012
1888.500000	0.398428
1888.583333	0.397840
1888.666667	0.402624
1888.750000	0.402120
1888.833333	0.401608
1888.916667	0.401089
1889.000000	0.400564
1889.083333	0.400031
1889.166667	0.399491
1889.250000	0.398944
1889.333333	0.398390
1889.416667	0.397829
1889.500000	0.397261
1889.583333	0.396686
1889.666667	0.342355
1889.750000	0.341822
1889.833333	0.341294
1889.916667	0.340771
1890.000000	0.340253
1890.083333	0.339740
1890.166667	0.339233
1890.250000	0.338731
1890.333333	0.338235
1890.416667	0.337744
1890.500000	0.337259
1890.583333	0.336780
1890.666667	0.420944
1890.750000	0.420935
1890.833333	0.420925
1890.916667	0.420913
1891.000000	0.420901
1891.083333	0.420887
1891.166667	0.420872
1891.250000	0.420856
1891.333333	0.420839
1891.416667	0.420821
1891.500000	0.420802
1891.583333	0.420781
1891.666667	0.354186
1891.750000	0.355349
1891.833333	0.356505
1891.916667	0.357653
1892.000000	0.358793
1892.083333	0.359925
1892.166667	0.361049
1892.250000	0.362164
1892.333333	0.363271
1892.416667	0.364370
1892.500000	0.365460
1892.583333	0.366541
1892.666667	0.324098
1892.750000	0.323857
1892.833333	0.323623
1892.916667	0.323396
1893.000000	0.323178
1893.083333	0.322966
1893.166667	0.322762
1893.250000	0.322566
1893.333333	0.322377
1893.416667	0.322196
1893.500000	0.322023
1893.583333	0.321857
1893.666667	0.374441
1893.750000	0.374307
1893.833333	0.374179
1893.916667	0.374057
1894.000000	0.373940
1894.083333	0.373828
1894.166667	0.373722
1894.250000	0.373621
1894.333333	0.373526
1894.416667	0.373436
1894.500000	0.373352
1894.583333	0.373274
1894.666667	0.124338
1894.750000	0.126384
1894.833333	0.128422
1894.916667	0.130453
1895.000000	0.132477
1895.083333	0.134493
1895.166667	0.136501
1895.250000	0.138501
1895.333333	0.140494
1895.416667	0.142478
1895.500000	0.144454
1895.583333	0.146422
1895.666667	0.332461
1895.750000	0.332652
1895.833333	0.332835
1895.916667	0.333009
1896.000000	0.333176
1896.083333	0.333335
1896.166667	0.333486
1896.250000	0.333628
1896.333333	0.333763
1896.416667	0.333890
1896.500000	0.334009
1896.583333	0.334120
1896.666667	0.420938
1896.750000	0.420947
1896.833333	0.420955
1896.916667	0.420962
1897.000000	0.420968
1897.083333	0.420973
1897.166667	0.420977
1897.250000	0.420980
1897.333333	0.420981
1897.416667	0.420982
1897.500000	0.420982
1897.583333	0.420981
1897.666667	0.419670
1897.750000	0.419605
1897.833333	0.419538
1897.916667	0.419469
1898.000000	0.419398
1898.083333	0.419324
1898.166667	0.419249
1898.250000	0.419171
1898.333333	0.419090
1898.416667	0.419008
1898.500000	0.418923
1898.583333	0.418835
1898.666667	0.333223
1898.750000	0.333061
1898.833333	0.332891
1898.916667	0.332713
1899.000000	0.332527
1899.083333	0.332334
1899.166667	0.332132
1899.250000	0.331923
1899.333333	0.331707
1899.416667	0.331482
1899.500000	0.331250
1899.583333	0.331009
1899.666667	-0.118071
1899.750000	-0.117921
1899.833333	-0.117759
1899.916667	-0.117584
1900.000000	-0.117398
1900.083333	-0.117199
1900.166667	-0.116988
1900.250000	-0.116765
1900.333333	-0.116530
1900.416667	-0.116283
1900.500000	-0.116023
1900.583333	-0.115751
1900.666667	0.420925
1900.750000	0.420914
1900.833333	0.420901
1900.916667	0.420888
1901.000000	0.420873
1901.083333	0.420857
1901.166667	0.420840
1901.250000	0.420822
1901.333333	0.420803
1901.416667	0.420782
1901.500000	0.420761
1901.583333	0.420738
1901.666667	-0.024368
1901.750000	-0.022886
1901.833333	-0.021394
1901.916667	-0.019892
1902.000000	-0.018380
1902.083333	-0.016859
1902.166667	-0.015327
1902.250000	-0.013786
1902.333333	-0.012235
1902.416667	-0.010674
1902.500000	-0.009104
1902.583333	-0.007525
1902.666667	-0.084376
1902.750000	-0.085252
1902.833333	-0.086117
1902.916667	-0.086971
1903.000000	-0.087815
1903.083333	-0.088648
1903.166667	-0.089470
1903.250000	-0.090282
1903.333333	-0.091083
1903.416667	-0.091873
1903.500000	-0.092652
1903.583333	-0.093420
1903.666667	-0.015610
1903.750000	-0.017023
1903.833333	-0.018429
1903.916667	-0.019827
1904.000000	-0.021218
1904.083333	-0.022602
1904.166667	-0.023978
1904.250000	-0.025346
1904.333333	-0.026707
1904.416667	-0.028060
1904.500000	-0.029405
1904.583333	-0.030742
1904.666667	-0.030205
1904.750000	-0.031538
1904.833333	-0.032862
1904.916667	-0.034178
1905.000000	-0.035486
1905.083333	-0.036786
1905.166667	-0.038077
1905.250000	-0.039360
1905.333333	-0.040635
1905.416667	-0.041901
1905.500000	-0.043159
1905.583333	-0.044407
1905.666667	-0.307902
1905.750000	-0.307437
1905.833333	-0.306962
1905.916667	-0.306478
1906.000000	-0.305985
1906.083333	-0.305482
1906.166667	-0.304969
1906.250000	-0.304446
1906.333333	-0.303914
1906.416667	-0.303372
1906.500000	-0.302820
1906.583333	-0.302259
1906.666667	0.301162
1906.750000	0.301946
1906.833333	0.302719
1906.916667	0.303482
1907.000000	0.304234
1907.083333	0.304977
1907.166667	0.305710
1907.250000	0.306432
1907.333333	0.307145
1907.416667	0.307847
1907.500000	0.308540
1907.583333	0.309223
1907.666667	-0.118804
1907.750000	-0.118852
1907.833333	-0.118889
1907.916667	-0.118913
1908.000000	-0.118925
1908.083333	-0.118925
1908.166667	-0.118913
1908.250000	-0.118890
1908.333333	-0.118854
1908.416667	-0.118806
1908.500000	-0.118745
1908.583333	-0.118673
1908.666667	0.005648
1908.750000	0.004139
1908.833333	0.002637
1908.916667	0.001140
1909.000000	-0.000350
1909.083333	-0.001834
1909.166667	-0.003312
1909.250000	-0.004783
1909.333333	-0.006248
1909.416667	-0.007706
1909.500000	-0.009158
1909.583333	-0.010602
1909.666667	-0.239274
1909.750000	-0.240648
1909.833333	-0.242023
1909.916667	-0.243397
1910.000000	-0.244771
1910.083333	-0.246145
1910.166667	-0.247519
1910.250000	-0.248892
1910.333333	-0.250265
1910.416667	-0.251636
1910.500000	-0.253007
1910.583333	-0.254377
1910.666667	0.029230
1910.750000	0.030862
1910.833333	0.032483
1910.916667	0.034094
1911.000000	0.035695
1911.083333	0.037286
1911.166667	0.038866
1911.250000	0.040435
1911.333333	0.041994
1911.416667	0.043542
1911.500000	0.045079
1911.583333	0.046606
1911.666667	0.290926
1911.750000	0.291835
1911.833333	0.292733
1911.916667	0.293621
1912.000000	0.294498
1912.083333	0.295364
1912.166667	0.296221
1912.250000	0.297066
1912.333333	0.297902
1912.416667	0.298726
1912.500000	0.299541
1912.583333	0.300345
1912.666667	-0.185214
1912.750000	-0.183511
1912.833333	-0.181797
1912.916667	-0.180073
1913.000000	-0.178339
1913.083333	-0.176595
1913.166667	-0.174840
1913.250000	-0.173076
1913.333333	-0.171301
1913.416667	-0.169516
1913.500000	-0.167722
1913.583333	-0.165918
1913.666667	-0.387267
1913.750000	-0.386523
1913.833333	-0.385772
1913.916667	-0.385014
1914.000000	-0.384248
1914.083333	-0.383475
1914.166667	-0.382696
1914.250000	-0.381909
1914.333333	-0.381115
1914.416667	-0.380315
1914.500000	-0.379507
1914.583333	-0.378693
1914.666667	-0.313508
1914.750000	-0.314642
1914.833333	-0.315778
1914.916667	-0.316915
1915.000000	-0.318054
1915.083333	-0.319194
1915.166667	-0.320335
1915.250000	-0.321477
1915.333333	-0.322620
1915.416667	-0.323763
1915.500000	-0.324907
1915.583333	-0.326052
1915.666667	-0.395533
1915.750000	-0.395857
1915.833333	-0.396184
1915.916667	-0.396513
1916.000000	-0.396845
1916.083333	-0.397179
1916.166667	-0.397515
1916.250000	-0.397853
1916.333333	-0.398194
1916.416667	-0.398536
1916.500000	-0.398880
1916.583333	-0.399226
1916.666667	-0.411211
1916.750000	-0.410896
1916.833333	-0.410579
1916.916667	-0.410260
1917.000000	-0.409939
1917.083333	-0.409616
1917.166667	-0.409291
1917.250000	-0.408964
1917.333333	-0.408636
1917.416667	-0.408306
1917.500000	-0.407975
1917.583333	-0.407643
1917.666667	-0.377031
1917.750000	-0.376575
1917.833333	-0.376111
1917.916667	-0.375640
1918.000000	-0.375161
1918.083333	-0.374675
1918.166667	-0.374181
1918.250000	-0.373679
1918.333333	-0.373169
1918.416667	-0.372651
1918.500000	-0.372126
1918.583333	-0.371592
1918.666667	-0.416950
1918.750000	-0.416848
1918.833333	-0.416747
1918.916667	-0.416647
1919.000000	-0.416549
1919.083333	-0.416453
1919.166667	-0.416359
1919.250000	-0.416266
1919.333333	-0.416174
1919.416667	-0.416085
1919.500000	-0.415998
1919.583333	-0.415912
1919.666667	-0.226370
1919.750000	-0.226417
1919.833333	-0.226475
1919.916667	-0.226545
1920.000000	-0.226627
1920.083333	-0.226721
1920.166667	-0.226827
1920.250000	-0.226945
1920.333333	-0.227075
1920.416667	-0.227217
1920.500000	-0.227371
1920.583333	-0.227537
1920.666667	-0.248537
1920.750000	-0.247864
1920.833333	-0.247200
1920.916667	-0.246546
1921.000000	-0.245900
1921.083333	-0.245263
1921.166667	-0.244636
1921.250000	-0.244018
1921.333333	-0.243410
1921.416667	-0.242811
1921.500000	-0.242221
1921.583333	-0.241642
1921.666667	-0.004202
1921.750000	-0.004672
1921.833333	-0.005156
1921.916667	-0.005655
1922.000000	-0.006168
1922.083333	-0.006696
1922.166667	-0.007238
1922.250000	-0.007795
1922.333333	-0.008366
1922.416667	-0.008951
1922.500000	-0.009551
1922.583333	-0.010166
1922.666667	0.002362
1922.750000	0.002502
1922.833333	0.002628
1922.916667	0.002738
1923.000000	0.002835
1923.083333	0.002917
1923.166667	0.002985
1923.250000	0.003038
1923.333333	0.003076
1923.416667	0.003101
1923.500000	0.003110
1923.583333	0.003105
1923.666667	-0.376729
1923.750000	-0.376268
1923.833333	-0.375799
1923.916667	-0.375323
1924.000000	-0.374839
1924.083333	-0.374348
1924.166667	-0.373849
1924.250000	-0.373341
1924.333333	-0.372826
1924.416667	-0.372303
1924.500000	-0.371773
1924.583333	-0.371234
1924.666667	-0.175680
1924.750000	-0.174036
1924.833333	-0.172392
1924.916667	-0.170749
1925.000000	-0.169107
1925.083333	-0.167465
1925.166667	-0.165824
1925.250000	-0.164185
1925.333333	-0.162546
1925.416667	-0.160909
1925.500000	-0.159273
1925.583333	-0.157639
1925.666667	-0.044739
1925.750000	-0.043645
1925.833333	-0.042561
1925.916667	-0.041489
1926.000000	-0.040428
1926.083333	-0.039378
1926.166667	-0.038339
1926.250000	-0.037312
1926.333333	-0.036296
1926.416667	-0.035292
1926.500000	-0.034299
1926.583333	-0.033318
1926.666667	-0.266904
1926.750000	-0.265460
1926.833333	-0.264009
1926.916667	-0.262552
1927.000000	-0.261089
1927.083333	-0.259619
1927.166667	-0.258143
1927.250000	-0.256660
1927.333333	-0.255172
1927.416667	-0.253677
1927.500000	-0.252177
1927.583333	-0.250670
1927.666667	0.160578
1927.750000	0.159191
1927.833333	0.157790
1927.916667	0.156376
1928.000000	0.154949
1928.083333	0.153508
1928.166667	0.152054
1928.250000	0.150587
1928.333333	0.149107
1928.416667	0.147613
1928.500000	0.146106
1928.583333	0.144586
1928.666667	0.211919
1928.750000	0.211196
1928.833333	0.210460
1928.916667	0.209711
1929.000000	0.208948
1929.083333	0.208172
1929.166667	0.207383
1929.250000	0.206580
1929.333333	0.205763
1929.416667	0.204933
1929.500000	0.204090
1929.583333	0.203233
1929.666667	-0.181493
1929.750000	-0.179849
1929.833333	-0.178205
1929.916667	-0.176561
1930.000000	-0.174917
1930.083333	-0.173273
1930.166667	-0.171629
1930.250000	-0.169987
1930.333333	-0.168345
1930.416667	-0.166703
1930.500000	-0.165063
1930.583333	-0.163424
1930.666667	-0.302370
1930.750000	-0.301130
1930.833333	-0.299881
1930.916667	-0.298624
1931.000000	-0.297359
1931.083333	-0.296085
1931.166667	-0.294803
1931.250000	-0.293513
1931.333333	-0.292214
1931.416667	-0.290908
1931.500000	-0.289593
1931.583333	-0.288271
1931.666667	0.138970
1931.750000	0.137389
1931.833333	0.135796
1931.916667	0.134190
1932.000000	0.132571
1932.083333	0.130940
1932.166667	0.129295
1932.250000	0.127638
1932.333333	0.125969
1932.416667	0.124287
1932.500000	0.122592
1932.583333	0.120885
1932.666667	0.385474
1932.750000	0.385384
1932.833333	0.385288
1932.916667	0.385185
1933.000000	0.385076
1933.083333	0.384961
1933.166667	0.384839
1933.250000	0.384710
1933.333333	0.384575
1933.416667	0.384433
1933.500000	0.384284
1933.583333	0.384129
1933.666667	0.318579
1933.750000	0.317368
1933.833333	0.316144
1933.916667	0.314906
1934.000000	0.313655
1934.083333	0.312391
1934.166667	0.311114
1934.250000	0.309823
1934.333333	0.308519
1934.416667	0.307202
1934.500000	0.305871
1934.583333	0.304528
1934.666667	0.384882
1934.750000	0.384756
1934.833333	0.384623
1934.916667	0.384483
1935.000000	0.384337
1935.083333	0.384184
1935.166667	0.384024
1935.250000	0.383858
1935.333333	0.383684
1935.416667	0.383504
1935.500000	0.383317
1935.583333	0.383123
1935.666667	0.406227
1935.750000	0.405634
1935.833333	0.405028
1935.916667	0.404409
1936.000000	0.403777
1936.083333	0.403132
1936.166667	0.402473
1936.250000	0.401802
1936.333333	0.401117
1936.416667	0.400418
1936.500000	0.399707
1936.583333	0.398982
1936.666667	0.421969
1936.750000	0.421844
1936.833333	0.421704
1936.916667	0.421549
1937.000000	0.421379
1937.083333	0.421193
1937.166667	0.420993
1937.250000	0.420778
1937.333333	0.420547
1937.416667	0.420302
1937.500000	0.420041
1937.583333	0.419765
1937.666667	0.421198
1937.750000	0.421123
1937.833333	0.421047
1937.916667	0.420970
1938.000000	0.420891
1938.083333	0.420812
1938.166667	0.420733
1938.250000	0.420652
1938.333333	0.420571
1938.416667	0.420490
1938.500000	0.420408
1938.583333	0.420325
1938.666667	0.145070
1938.750000	0.143126
1938.833333	0.141188
1938.916667	0.139255
1939.000000	0.137328
1939.083333	0.135407
1939.166667	0.133492
1939.250000	0.131583
1939.333333	0.129680
1939.416667	0.127785
1939.500000	0.125896
1939.583333	0.124013
1939.666667	0.219204
1939.750000	0.218758
1939.833333	0.218325
1939.916667	0.217905
1940.000000	0.217500
1940.083333	0.217107
1940.166667	0.216728
1940.250000	0.216363
1940.333333	0.216012
1940.416667	0.215674
1940.500000	0.215350
1940.583333	0.215039
1940.666667	0.212106
1940.750000	0.212008
1940.833333	0.211923
1940.916667	0.211853
1941.000000	0.211797
1941.083333	0.211754
1941.166667	0.211726
1941.250000	0.211711
1941.333333	0.211710
1941.416667	0.211723
1941.500000	0.211750
1941.583333	0.211791
1941.666667	0.228917
1941.750000	0.229576
1941.833333	0.230246
1941.916667	0.230927
1942.000000	0.231618
1942.083333	0.232321
1942.166667	0.233034
1942.250000	0.233758
1942.333333	0.234492
1942.416667	0.235237
1942.500000	0.235992
1942.583333	0.236757
1942.666667	0.211898
1942.750000	0.211833
1942.833333	0.211781
1942.916667	0.211743
1943.000000	0.211719
1943.083333	0.211709
1943.166667	0.211713
1943.250000	0.211731
1943.333333	0.211762
1943.416667	0.211807
1943.500000	0.211866
1943.583333	0.211939
1943.666667	0.372019
1943.750000	0.371272
1943.833333	0.370524
1943.916667	0.369776
1944.000000	0.369027
1944.083333	0.368278
1944.166667	0.367530
1944.250000	0.366781
1944.333333	0.366033
1944.416667	0.365286
1944.500000	0.364538
1944.583333	0.363792
1944.666667	0.422344
1944.750000	0.422370
1944.833333	0.422391
1944.916667	0.422408
1945.000000	0.422421
1945.083333	0.422429
1945.166667	0.422433
1945.250000	0.422432
1945.333333	0.422428
1945.416667	0.422420
1945.500000	0.422408
1945.583333	0.422392
1945.666667	0.247209
1945.750000	0.248101
1945.833333	0.249002
1945.916667	0.249911
1946.000000	0.250829
1946.083333	0.251755
1946.166667	0.252688
1946.250000	0.253630
1946.333333	0.254579
1946.416667	0.255536
1946.500000	0.256501
1946.583333	0.257473
1946.666667	0.396148
1946.750000	0.395287
1946.833333	0.394413
1946.916667	0.393528
1947.000000	0.392631
1947.083333	0.391722
1947.166667	0.390802
1947.250000	0.389870
1947.333333	0.388928
1947.416667	0.387974
1947.500000	0.387010
1947.583333	0.386034
1947.666667	0.341407
1947.750000	0.342083
1947.833333	0.342766
1947.916667	0.343454
1948.000000	0.344148
1948.083333	0.344849
1948.166667	0.345555
1948.250000	0.346266
1948.333333	0.346983
1948.416667	0.347705
1948.500000	0.348432
1948.583333	0.349165
1948.666667	0.343470
1948.750000	0.344311
1948.833333	0.345143
1948.916667	0.345966
1949.000000	0.346779
1949.083333	0.347582
1949.166667	0.348375
1949.250000	0.349159
1949.333333	0.349934
1949.416667	0.350699
1949.500000	0.351454
1949.583333	0.352200
1949.666667	0.115217
1949.750000	0.113377
1949.833333	0.111546
1949.916667	0.109722
1950.000000	0.107908
1950.083333	0.106101
1950.166667	0.104303
1950.250000	0.102514
1950.333333	0.100734
1950.416667	0.098963
1950.500000	0.097201
1950.583333	0.095448
1950.666667	0.037008
1950.750000	0.035711
1950.833333	0.034428
1950.916667	0.033158
1951.000000	0.031902
1951.083333	0.030661
1951.166667	0.029432
1951.250000	0.028218
1951.333333	0.027018
1951.416667	0.025832
1951.500000	0.024660
1951.583333	0.023502
1951.666667	0.419896
1951.750000	0.419981
1951.833333	0.420066
1951.916667	0.420151
1952.000000	0.420237
1952.083333	0.420322
1952.166667	0.420407
1952.250000	0.420491
1952.333333	0.420576
1952.416667	0.420659
1952.500000	0.420743
1952.583333	0.420825
1952.666667	0.384620
1952.750000	0.384480
1952.833333	0.384333
1952.916667	0.384180
1953.000000	0.384020
1953.083333	0.383854
1953.166667	0.383680
1953.250000	0.383500
1953.333333	0.383313
1953.416667	0.383118
1953.500000	0.382917
1953.583333	0.382709
1953.666667	0.419300
1953.750000	0.419381
1953.833333	0.419463
1953.916667	0.419545
1954.000000	0.419629
1954.083333	0.419712
1954.166667	0.419796
1954.250000	0.419881
1954.333333	0.419966
1954.416667	0.420051
1954.500000	0.420136
1954.583333	0.420221
1954.666667	0.381606
1954.750000	0.382442
1954.833333	0.383270
1954.916667	0.384089
1955.000000	0.384900
1955.083333	0.385703
1955.166667	0.386497
1955.250000	0.387282
1955.333333	0.388059
1955.416667	0.388826
1955.500000	0.389586
1955.583333	0.390336
1955.666667	0.255551
1955.750000	0.254540
1955.833333	0.253537
1955.916667	0.252544
1956.000000	0.251561
1956.083333	0.250588
1956.166667	0.249624
1956.250000	0.248670
1956.333333	0.247726
1956.416667	0.246793
1956.500000	0.245870
1956.583333	0.244957
1956.666667	0.319366
1956.750000	0.317728
1956.833333	0.316079
1956.916667	0.314418
1957.000000	0.312747
1957.083333	0.311065
1957.166667	0.309373
1957.250000	0.307669
1957.333333	0.305956
1957.416667	0.304232
1957.500000	0.302498
1957.583333	0.300754
1957.666667	0.418149
1957.750000	0.418207
1957.833333	0.418268
1957.916667	0.418330
1958.000000	0.418393
1958.083333	0.418459
1958.166667	0.418526
1958.250000	0.418594
1958.333333	0.418664
1958.416667	0.418736
1958.500000	0.418809
1958.583333	0.418883
1958.666667	0.420722
1958.750000	0.420642
1958.833333	0.420561
1958.916667	0.420479
1959.000000	0.420397
1959.083333	0.420315
1959.166667	0.420232
1959.250000	0.420150
1959.333333	0.420067
1959.416667	0.419985
1959.500000	0.419902
1959.583333	0.419820
1959.666667	0.422395
1959.750000	0.422373
1959.833333	0.422346
1959.916667	0.422313
1960.000000	0.422275
1960.083333	0.422231
1960.166667	0.422181
1960.250000	0.422125
1960.333333	0.422063
1960.416667	0.421995
1960.500000	0.421920
1960.583333	0.421839
1960.666667	0.394441
1960.750000	0.393621
1960.833333	0.392787
1960.916667	0.391940
1961.000000	0.391078
1961.083333	0.390203
1961.166667	0.389313
1961.250000	0.388409
1961.333333	0.387491
1961.416667	0.386559
1961.500000	0.385613
1961.583333	0.384653
1961.666667	0.272674
1961.750000	0.270789
1961.833333	0.268898
1961.916667	0.266999
1962.000000	0.265094
1962.083333	0.263182
1962.166667	0.261264
1962.250000	0.259340
1962.333333	0.257410
1962.416667	0.255474
1962.500000	0.253533
1962.583333	0.251586
1962.666667	0.407237
1962.750000	0.406667
1962.833333	0.406083
1962.916667	0.405487
1963.000000	0.404877
1963.083333	0.404255
1963.166667	0.403620
1963.250000	0.402971
1963.333333	0.402310
1963.416667	0.401635
1963.500000	0.400947
1963.583333	0.400245
1963.666667	0.005649
1963.750000	0.006517
1963.833333	0.007398
1963.916667	0.008293
1964.000000	0.009201
1964.083333	0.010122
1964.166667	0.011056
1964.250000	0.012003
1964.333333	0.012963
1964.416667	0.013936
1964.500000	0.014922
1964.583333	0.015920
1964.666667	0.286564
1964.750000	0.287904
1964.833333	0.289236
1964.916667	0.290558
1965.000000	0.291872
1965.083333	0.293176
1965.166667	0.294471
1965.250000	0.295758
1965.333333	0.297034
1965.416667	0.298302
1965.500000	0.299561
1965.583333	0.300810
1965.666667	0.361845
1965.750000	0.362452
1965.833333	0.363049
1965.916667	0.363638
1966.000000	0.364218
1966.083333	0.364789
1966.166667	0.365352
1966.250000	0.365906
1966.333333	0.366452
1966.416667	0.366989
1966.500000	0.367517
1966.583333	0.368037
1966.666667	0.029369
1966.750000	0.030531
1966.833333	0.031704
1966.916667	0.032889
1967.000000	0.034086
1967.083333	0.035293
1967.166667	0.036512
1967.250000	0.037742
1967.333333	0.038983
1967.416667	0.040235
1967.500000	0.041498
1967.583333	0.042771
1967.666667	0.124226
1967.750000	0.125767
1967.833333	0.127300
1967.916667	0.128823
1968.000000	0.130337
1968.083333	0.131841
1968.166667	0.133336
1968.250000	0.134822
1968.333333	0.136298
1968.416667	0.137765
1968.500000	0.139221
1968.583333	0.140668
1968.666667	-0.377626
1968.750000	-0.378084
1968.833333	-0.378535
1968.916667	-0.378976
1969.000000	-0.379410
1969.083333	-0.379835
1969.166667	-0.380253
1969.250000	-0.380662
1969.333333	-0.381063
1969.416667	-0.381456
1969.500000	-0.381841
1969.583333	-0.382219
1969.666667	-0.266956
1969.750000	-0.265512
1969.833333	-0.264062
1969.916667	-0.262605
1970.000000	-0.261141
1970.083333	-0.259672
1970.166667	-0.258196
1970.250000	-0.256713
1970.333333	-0.255225
1970.416667	-0.253731
1970.500000	-0.252231
1970.583333	-0.250725
1970.666667	-0.150429
1970.750000	-0.148806
1970.833333	-0.147185
1970.916667	-0.145567
1971.000000	-0.143952
1971.083333	-0.142340
1971.166667	-0.140731
1971.250000	-0.139125
1971.333333	-0.137522
1971.416667	-0.135923
1971.500000	-0.134328
1971.583333	-0.132736
1971.666667	-0.260960
1971.750000	-0.260151
1971.833333	-0.259350
1971.916667	-0.258556
1972.000000	-0.257770
1972.083333	-0.256991
1972.166667	-0.256221
1972.250000	-0.255458
1972.333333	-0.254703
1972.416667	-0.253957
1972.500000	-0.253218
1972.583333	-0.252488
1972.666667	-0.380478
1972.750000	-0.379672
1972.833333	-0.378859
1972.916667	-0.378040
1973.000000	-0.377214
1973.083333	-0.376381
1973.166667	-0.375542
1973.250000	-0.374696
1973.333333	-0.373845
1973.416667	-0.372986
1973.500000	-0.372122
1973.583333	-0.371252
1973.666667	-0.243378
1973.750000	-0.245241
1973.833333	-0.247101
1973.916667	-0.248958
1974.000000	-0.250810
1974.083333	-0.252659
1974.166667	-0.254503
1974.250000	-0.256343
1974.333333	-0.258179
1974.416667	-0.260009
1974.500000	-0.261835
1974.583333	-0.263656
1974.666667	-0.419491
1974.750000	-0.419296
1974.833333	-0.419093
1974.916667	-0.418883
1975.000000	-0.418665
1975.083333	-0.418441
1975.166667	-0.418209
1975.250000	-0.417970
1975.333333	-0.417724
1975.416667	-0.417470
1975.500000	-0.417208
1975.583333	-0.416939
1975.666667	-0.421033
1975.750000	-0.420840
1975.833333	-0.420635
1975.916667	-0.420419
1976.000000	-0.420190
1976.083333	-0.419949
1976.166667	-0.419697
1976.250000	-0.419433
1976.333333	-0.419157
1976.416667	-0.418870
1976.500000	-0.418572
1976.583333	-0.418262
1976.666667	-0.417021
1976.750000	-0.416659
1976.833333	-0.416286
1976.916667	-0.415903
1977.000000	-0.415509
1977.083333	-0.415104
1977.166667	-0.414689
1977.250000	-0.414264
1977.333333	-0.413829
1977.416667	-0.413383
1977.500000	-0.412928
1977.583333	-0.412463
1977.666667	-0.373113
1977.750000	-0.372250
1977.833333	-0.371380
1977.916667	-0.370505
1978.000000	-0.369624
1978.083333	-0.368737
1978.166667	-0.367844
1978.250000	-0.366945
1978.333333	-0.366041
1978.416667	-0.365132
1978.500000	-0.364217
1978.583333	-0.363297
1978.666667	-0.398361
1978.750000	-0.398941
1978.833333	-0.399515
1978.916667	-0.400084
1979.000000	-0.400647
1979.083333	-0.401204
1979.166667	-0.401755
1979.250000	-0.402299
1979.333333	-0.402838
1979.416667	-0.403370
1979.500000	-0.403896
1979.583333	-0.404416
1979.666667	-0.319319
1979.750000	-0.318802
1979.833333	-0.318292
1979.916667	-0.317791
1980.000000	-0.317298
1980.083333	-0.316812
1980.166667	-0.316335
1980.250000	-0.315866
1980.333333	-0.315405
1980.416667	-0.314953
1980.500000	-0.314509
1980.583333	-0.314073
1980.666667	-0.353933
1980.750000	-0.352673
1980.833333	-0.351403
1980.916667	-0.350125
1981.000000	-0.348837
1981.083333	-0.347541
1981.166667	-0.346236
1981.250000	-0.344922
1981.333333	-0.343600
1981.416667	-0.342269
1981.500000	-0.340930
1981.583333	-0.339583
1981.666667	-0.366104
1981.750000	-0.366842
1981.833333	-0.367580
1981.916667	-0.368316
1982.000000	-0.369051
1982.083333	-0.369786
1982.166667	-0.370519
1982.250000	-0.371251
1982.333333	-0.371981
1982.416667	-0.372709
1982.500000	-0.373436
1982.583333	-0.374161
1982.666667	-0.414810
1982.750000	-0.415108
1982.833333	-0.415403
1982.916667	-0.415694
1983.000000	-0.415980
1983.083333	-0.416262
1983.166667	-0.416539
1983.250000	-0.416812
1983.333333	-0.417079
1983.416667	-0.417342
1983.500000	-0.417600
1983.583333	-0.417853
1983.666667	-0.389677
1983.750000	-0.389435
1983.833333	-0.389196
1983.916667	-0.388962
1984.000000	-0.388732
1984.083333	-0.388506
1984.166667	-0.388285
1984.250000	-0.388068
1984.333333	-0.387855
1984.416667	-0.387647
1984.500000	-0.387443
1984.583333	-0.387244
1984.666667	-0.181831
1984.750000	-0.179777
1984.833333	-0.177718
1984.916667	-0.175656
1985.000000	-0.173591
1985.083333	-0.171523
1985.166667	-0.169451
1985.250000	-0.167377
1985.333333	-0.165300
1985.416667	-0.163220
1985.500000	-0.161138
1985.583333	-0.159053
1985.666667	-0.413157
1985.750000	-0.413474
1985.833333	-0.413789
1985.916667	-0.414100
1986.000000	-0.414408
1986.083333	-0.414711
1986.166667	-0.415011
1986.250000	-0.415307
1986.333333	-0.415599
1986.416667	-0.415887
1986.500000	-0.416170
1986.583333	-0.416449
1986.666667	-0.104324
1986.750000	-0.103874
1986.833333	-0.103438
1986.916667	-0.103014
1987.000000	-0.102603
1987.083333	-0.102206
1987.166667	-0.101821
1987.250000	-0.101450
1987.333333	-0.101092
1987.416667	-0.100747
1987.500000	-0.100415
1987.583333	-0.100096
1987.666667	-0.373036
1987.750000	-0.373799
1987.833333	-0.374554
1987.916667	-0.375301
1988.000000	-0.376040
1988.083333	-0.376771
1988.166667	-0.377493
1988.250000	-0.378208
1988.333333	-0.378915
1988.416667	-0.379613
1988.500000	-0.380304
1988.583333	-0.380987
1988.666667	-0.104419
1988.750000	-0.103817
1988.833333	-0.103203
1988.916667	-0.102577
1989.000000	-0.101939
1989.083333	-0.101289
1989.166667	-0.100626
1989.250000	-0.099951
1989.333333	-0.099264
1989.416667	-0.098565
1989.500000	-0.097853
1989.583333	-0.097130
1989.666667	0.310546
1989.750000	0.311200
1989.833333	0.311843
1989.916667	0.312478
1990.000000	0.313102
1990.083333	0.313717
1990.166667	0.314322
1990.250000	0.314918
1990.333333	0.315504
1990.416667	0.316080
1990.500000	0.316648
1990.583333	0.317205
1990.666667	-0.118734
1990.750000	-0.118659
1990.833333	-0.118573
1990.916667	-0.118474
1991.000000	-0.118364
1991.083333	-0.118241
1991.166667	-0.118106
1991.250000	-0.117959
1991.333333	-0.117800
1991.416667	-0.117628
1991.500000	-0.117445
1991.583333	-0.117249
1991.666667	0.076856
1991.750000	0.075182
1991.833333	0.073509
1991.916667	0.071838
1992.000000	0.070168
1992.083333	0.068500
1992.166667	0.066834
1992.250000	0.065170
1992.333333	0.063508
1992.416667	0.061849
1992.500000	0.060192
1992.583333	0.058537
1992.666667	0.125507
1992.750000	0.125881
1992.833333	0.126266
1992.916667	0.126662
1993.000000	0.127070
1993.083333	0.127489
1993.166667	0.127920
1993.250000	0.128362
1993.333333	0.128816
1993.416667	0.129281
1993.500000	0.129758
1993.583333	0.130245
1993.666667	0.239602
1993.750000	0.238354
1993.833333	0.237108
1993.916667	0.235864
1994.000000	0.234621
1994.083333	0.233381
1994.166667	0.232142
1994.250000	0.230905
1994.333333	0.229670
1994.416667	0.228438
1994.500000	0.227208
1994.583333	0.225981
1994.666667	0.410420
1994.750000	0.410061
1994.833333	0.409698
1994.916667	0.409333
1995.000000	0.408965
1995.083333	0.408594
1995.166667	0.408221
1995.250000	0.407846
1995.333333	0.407468
1995.416667	0.407088
1995.500000	0.406705
1995.583333	0.406321
1995.666667	0.420868
1995.750000	0.420883
1995.833333	0.420897
1995.916667	0.420910
1996.000000	0.420922
1996.083333	0.420933
1996.166667	0.420942
1996.250000	0.420951
1996.333333	0.420958
1996.416667	0.420965
1996.500000	0.420970
1996.583333	0.420975
1996.666667	0.216767
1996.750000	0.215565
1996.833333	0.214367
1996.916667	0.213172
1997.000000	0.211981
1997.083333	0.210793
1997.166667	0.209610
1997.250000	0.208431
1997.333333	0.207255
1997.416667	0.206084
1997.500000	0.204917
1997.583333	0.203755
1997.666667	0.405316
1997.750000	0.405676
1997.833333	0.406034
1997.916667	0.406391
1998.000000	0.406745
1998.083333	0.407098
1998.166667	0.407448
1998.250000	0.407796
1998.333333	0.408142
1998.416667	0.408486
1998.500000	0.408828
1998.583333	0.409166
1998.666667	0.387494
1998.750000	0.386846
1998.833333	0.386196
1998.916667	0.385544
1999.000000	0.384890
1999.083333	0.384234
1999.166667	0.383576
1999.250000	0.382917
1999.333333	0.382256
1999.416667	0.381593
1999.500000	0.380930
1999.583333	0.380265
1999.666667	0.359207
1999.750000	0.360336
1999.833333	0.361457
1999.916667	0.362569
2000.000000	0.363673
2000.083333	0.364768
2000.166667	0.365855
2000.250000	0.366933
2000.333333	0.368003
2000.416667	0.369063
2000.500000	0.370115
2000.583333	0.371157
2000.666667	0.150144
2000.750000	0.150969
2000.833333	0.151804
2000.916667	0.152649
2001.000000	0.153503
2001.083333	0.154368
2001.166667	0.155243
2001.250000	0.156127
2001.333333	0.157022
2001.416667	0.157926
2001.500000	0.158839
2001.583333	0.159762
2001.666667	0.422293
2001.750000	0.422332
2001.833333	0.422365
2001.916667	0.422392
2002.000000	0.422412
2002.083333	0.422425
2002.166667	0.422432
2002.250000	0.422433
2002.333333	0.422426
2002.416667	0.422414
2002.500000	0.422394
2002.583333	0.422368
2002.666667	0.296238
2002.750000	0.297349
2002.833333	0.298461
2002.916667	0.299576
2003.000000	0.300692
2003.083333	0.301810
2003.166667	0.302930
2003.250000	0.304052
2003.333333	0.305175
2003.416667	0.306299
2003.500000	0.307424
2003.583333	0.308551
2003.666667	0.421781
2003.750000	0.421868
2003.833333	0.421949
2003.916667	0.422024
2004.000000	0.422093
2004.083333	0.422156
2004.166667	0.422212
2004.250000	0.422262
2004.333333	0.422306
2004.416667	0.422343
2004.500000	0.422374
2004.583333	0.422399
2004.666667	0.375197
2004.750000	0.374449
2004.833333	0.373695
2004.916667	0.372933
2005.000000	0.372164
2005.083333	0.371387
2005.166667	0.370603
2005.250000	0.369812
2005.333333	0.369014
2005.416667	0.368209
2005.500000	0.367396
2005.583333	0.366576
2005.666667	0.418328
2005.750000	0.418224
2005.833333	0.418117
2005.916667	0.418007
2006.000000	0.417894
2006.083333	0.417778
2006.166667	0.417659
2006.250000	0.417537
2006.333333	0.417412
2006.416667	0.417284
2006.500000	0.417152
2006.583333	0.417017
2006.666667	0.384154
2006.750000	0.384468
2006.833333	0.384786
2006.916667	0.385107
2007.000000	0.385430
2007.083333	0.385757
2007.166667	0.386086
2007.250000	0.386418
2007.333333	0.386752
2007.416667	0.387089
2007.500000	0.387428
2007.583333	0.387770
2007.666667	0.356607
2007.750000	0.357651
2007.833333	0.358692
2007.916667	0.359727
2008.000000	0.360757
2008.083333	0.361783
2008.166667	0.362803
2008.250000	0.363817
2008.333333	0.364826
2008.416667	0.365830
2008.500000	0.366828
2008.583333	0.367820
2008.666667	0.358985
2008.750000	0.358384
2008.833333	0.357785
2008.916667	0.357187
2009.000000	0.356592
2009.083333	0.355999
2009.166667	0.355408
2009.250000	0.354820
2009.333333	0.354234
2009.416667	0.353650
2009.500000	0.353069
2009.583333	0.352491
2009.666667	0.387328
2009.750000	0.386741
2009.833333	0.386152
2009.916667	0.385560
2010.000000	0.384966
2010.083333	0.384370
2010.166667	0.383772
2010.250000	0.383172
2010.333333	0.382570
2010.416667	0.381967
2010.500000	0.381362
2010.583333	0.380755
2010.666667	0.374293
2010.750000	0.373497
2010.833333	0.372695
2010.916667	0.371887
2011.000000	0.371074
2011.083333	0.370255
2011.166667	0.369430
2011.250000	0.368600
2011.333333	0.367764
2011.416667	0.366922
2011.500000	0.366075
2011.583333	0.365223
2011.666667	0.421178
2011.750000	0.421117
2011.833333	0.421055
2011.916667	0.420993
2012.000000	0.420931
2012.083333	0.420868
2012.166667	0.420805
2012.250000	0.420742
2012.333333	0.420678
2012.416667	0.420615
2012.500000	0.420552
2012.583333	0.420488
2012.666667	0.405429
2012.750000	0.404966
2012.833333	0.404495
2012.916667	0.404018
2013.000000	0.403533
2013.083333	0.403042
2013.166667	0.402543
2013.250000	0.402038
2013.333333	0.401525
2013.416667	0.401005
2013.500000	0.400478
2013.583333	0.399944
2013.666667	0.402204
2013.750000	0.401693
2013.833333	0.401176
2013.916667	0.400651
2014.000000	0.400120
2014.083333	0.399581
2014.166667	0.399035
2014.250000	0.398483
2014.333333	0.397923
2014.416667	0.397356
2014.500000	0.396782
2014.583333	0.396201
2014.666667	0.421108
2014.750000	0.421167
2014.833333	0.421225
2014.916667	0.421283
2015.000000	0.421341
2015.083333	0.421397
2015.166667	0.421453
2015.250000	0.421508
2015.333333	0.421562
2015.416667	0.421615
2015.500000	0.421666
2015.583333	0.421717
2015.666667	0.419937
2015.750000	0.419709
2015.833333	0.419471
2015.916667	0.419225
2016.000000	0.418968
2016.083333	0.418703
2016.166667	0.418428
2016.250000	0.418145
2016.333333	0.417852
2016.416667	0.417551
2016.500000	0.417241
2016.583333	0.416922
2016.666667	0.411745
2016.750000	0.411390
2016.833333	0.411027
2016.916667	0.410658
2017.000000	0.410282
2017.083333	0.409899
2017.166667	0.409509
2017.250000	0.409113
2017.333333	0.408709
2017.416667	0.408299
2017.500000	0.407881
2017.583333	0.407457
2017.666667	0.422433
2017.750000	0.422430
2017.833333	0.422425
2017.916667	0.422416
2018.000000	0.422405
2018.083333	0.422390
2018.166667	0.422373
2018.250000	0.422353
2018.333333	0.422330
2018.416667	0.422305
2018.500000	0.422278
2018.583333	0.422248
2018.666667	0.418453
2018.750000	0.418465
2018.833333	0.418478
2018.916667	0.418494
2019.000000	0.418511
2019.083333	0.418529
2019.166667	0.418549
2019.250000	0.418571
2019.333333	0.418594
2019.416667	0.418619
2019.500000	0.418645
2019.583333	0.418673
2019.666667	0.390978
2019.750000	0.390600
2019.833333	0.390224
2019.916667	0.389851
2020.000000	0.389479
2020.083333	0.389110
2020.166667	0.388743
2020.250000	0.388379
2020.333333	0.388018
2020.416667	0.387659
2020.500000	0.387303
2020.583333	0.386950
2020.666667	0.422063
2020.750000	0.421970
2020.833333	0.421866
2020.916667	0.421752
2021.000000	0.421628
2021.083333	0.421494
2021.166667	0.421350
2021.250000	0.421195
2021.333333	0.421031
2021.416667	0.420857
2021.500000	0.420673
2021.583333	0.420479
2021.666667	0.400718
2021.750000	0.401324
2021.833333	0.401919
2021.916667	0.402505
2022.000000	0.403080
2022.083333	0.403645
2022.166667	0.404199
2022.250000	0.404744
2022.333333	0.405279
2022.416667	0.405804
2022.500000	0.406319
2022.583333	0.406824
