1950.000000 -1.080043
1950.083333 -1.153040
1950.166667 -1.274735
1950.250000 -1.339869
1950.333333 -0.237861
1950.416667 0.017166
1950.500000 0.373098
1950.583333 0.402955
1950.666667 1.025871
1950.750000 0.138658
1950.833333 -0.387348
1950.916667 -0.039151
1951.000000 0.235887
1951.083333 0.960108
1951.166667 0.311166
1951.250000 0.383788
1951.333333 -0.112873
1951.416667 -0.316947
1951.500000 -0.216088
1951.583333 0.193020
1951.666667 -0.040191
1951.750000 0.098393
1951.833333 0.223293
1951.916667 0.302926
1952.000000 -0.050193
1952.083333 -0.210182
1952.166667 -0.089683
1952.250000 -0.673621
1952.333333 -0.209308
1952.416667 -0.133673
1952.500000 -0.320659
1952.583333 0.342350
1952.666667 0.194727
1952.750000 0.219942
1952.833333 0.669901
1952.916667 0.462649
1953.000000 0.211975
1953.083333 -0.075170
1953.166667 -0.207585
1953.250000 0.038413
1953.333333 0.125572
1953.416667 0.033483
1953.500000 -0.170486
1953.583333 0.044865
1953.666667 0.031862
1953.750000 0.020203
1953.833333 -0.300025
1953.916667 -0.211598
1954.000000 -0.455815
1954.083333 -0.290004
1954.166667 -0.530520
1954.250000 -0.359693
1954.333333 -0.230350
1954.416667 0.403451
1954.500000 0.611961
1954.583333 0.536342
1954.666667 0.459866
1954.750000 0.141018
1954.833333 0.225167
1954.916667 0.255027
1955.000000 0.024882
1955.083333 -0.148892
1955.166667 0.032409
1955.250000 -0.810845
1955.333333 -0.855303
1955.416667 -0.420078
1955.500000 -0.146964
1955.583333 -0.488907
1955.666667 0.127625
1955.750000 0.013021
1955.833333 0.300357
1955.916667 -0.119731
1956.000000 -0.115158
1956.083333 0.337207
1956.166667 0.273661
1956.250000 0.076414
1956.333333 -0.098642
1956.416667 -0.461430
1956.500000 -0.293479
1956.583333 0.145222
1956.666667 -0.247853
1956.750000 -0.705534
1956.833333 -0.271436
1956.916667 -0.365030
1957.000000 0.103251
1957.083333 0.386413
1957.166667 0.555678
1957.250000 0.092959
1957.333333 0.230978
1957.416667 0.274897
1957.500000 0.674443
1957.583333 1.058379
1957.666667 1.274235
1957.750000 1.595130
1957.833333 0.580936
1957.916667 -0.417470
1958.000000 -0.542097
1958.083333 -0.266178
1958.166667 -0.410996
1958.250000 -0.209834
1958.333333 0.525248
1958.416667 0.942392
1958.500000 -0.126973
1958.583333 0.377467
1958.666667 0.416901
1958.750000 0.453613
1958.833333 0.620494
1958.916667 0.275981
1959.000000 0.379269
1959.083333 0.037526
1959.166667 -0.419720
1959.250000 0.059155
1959.333333 0.395233
1959.416667 0.344675
1959.500000 0.083527
1959.583333 0.374888
1959.666667 0.102176
1959.750000 -0.232268
1959.833333 0.817177
1959.916667 0.451458
1960.000000 0.175918
1960.083333 0.417488
1960.166667 0.531061
1960.250000 0.410531
1960.333333 0.468511
1960.416667 -0.064024
1960.500000 -0.170374
1960.583333 0.282683
1960.666667 0.596788
1960.750000 0.683953
1960.833333 0.568089
1960.916667 1.049664
1961.000000 0.814031
1961.083333 0.798973
1961.166667 1.043822
1961.250000 1.296906
1961.333333 0.621849
1961.416667 0.775077
1961.500000 0.221969
1961.583333 -0.226658
1961.666667 -0.113043
1961.750000 0.109103
1961.833333 0.063845
1961.916667 0.416129
1962.000000 0.528346
1962.083333 0.169934
1962.166667 0.322242
1962.250000 0.153739
1962.333333 0.119061
1962.416667 -0.173298
1962.500000 0.279563
1962.583333 0.440130
1962.666667 0.321911
1962.750000 0.269285
1962.833333 0.897411
1962.916667 0.517542
1963.000000 1.060870
1963.083333 0.072684
1963.166667 -0.216871
1963.250000 -0.386914
1963.333333 0.142688
1963.416667 0.265568
1963.500000 -0.008572
1963.583333 0.547764
1963.666667 0.597978
1963.750000 0.780581
1963.833333 0.017242
1963.916667 0.068340
1964.000000 0.059205
1964.083333 -0.056539
1964.166667 -0.845563
1964.250000 -1.189511
1964.333333 -0.738164
1964.416667 -0.025055
1964.500000 -0.015108
1964.583333 -0.219734
1964.666667 -0.265557
1964.750000 0.435462
1964.833333 0.470004
1964.916667 0.733592
1965.000000 1.467204
1965.083333 0.853084
1965.166667 0.230422
1965.250000 -0.663140
1965.333333 -0.577676
1965.416667 0.098332
1965.500000 -0.073487
1965.583333 -0.206140
1965.666667 -0.052682
1965.750000 0.104101
1965.833333 0.340866
1965.916667 1.313513
1966.000000 2.136708
1966.083333 2.495395
1966.166667 2.449948
1966.250000 0.615594
1966.333333 0.426928
1966.416667 0.464815
1966.500000 0.666050
1966.583333 1.507038
1966.666667 1.966508
1966.750000 2.723498
1966.833333 3.364334
1966.916667 1.996492
1967.000000 1.020060
1967.083333 0.061611
1967.166667 0.081593
1967.250000 -0.454832
1967.333333 -0.015352
1967.416667 -0.368196
1967.500000 0.154735
1967.583333 1.021106
1967.666667 1.449927
1967.750000 2.664766
1967.833333 2.553827
1967.916667 1.361571
1968.000000 0.860208
1968.083333 0.850244
1968.166667 1.265110
1968.250000 1.378740
1968.333333 0.813246
1968.416667 0.497791
1968.500000 -0.077811
1968.583333 0.072264
1968.666667 1.058663
1968.750000 1.386919
1968.833333 1.184178
1968.916667 0.478897
1969.000000 0.992311
1969.083333 0.094154
1969.166667 -0.145192
1969.250000 -1.002470
1969.333333 -0.601236
1969.416667 -0.331283
1969.500000 -1.393089
1969.583333 -0.902383
1969.666667 0.773555
1969.750000 0.412728
1969.833333 0.375225
1969.916667 1.028467
1970.000000 0.650692
1970.083333 0.996555
1970.166667 0.831972
1970.250000 0.733895
1970.333333 0.436788
1970.416667 0.649338
1970.500000 0.154037
1970.583333 0.666656
1970.666667 0.279502
1970.750000 -0.153496
1970.833333 -0.008446
1970.916667 -0.154695
1971.000000 0.530309
1971.083333 1.147601
1971.166667 0.968944
1971.250000 0.288051
1971.333333 -0.445709
1971.416667 -0.325752
1971.500000 -0.221729
1971.583333 -0.324411
1971.666667 0.402457
1971.750000 -0.198873
1971.833333 0.084505
1971.916667 0.114935
1972.000000 0.050435
1972.083333 0.731732
1972.166667 1.123749
1972.250000 1.796031
1972.333333 1.144383
1972.416667 1.515680
1972.500000 0.579624
1972.583333 0.632004
1972.666667 0.197947
1972.750000 -0.229744
1972.833333 -0.258171
1972.916667 0.412842
1973.000000 0.303731
1973.083333 0.892863
1973.166667 0.893011
1973.250000 0.509163
1973.333333 -0.135025
1973.416667 -0.380870
1973.500000 -0.013711
1973.583333 -0.658595
1973.666667 -0.924027
1973.750000 -0.516722
1973.833333 -1.256964
1973.916667 -0.941730
1974.000000 -1.397850
1974.083333 -0.117297
1974.166667 0.223474
1974.250000 -0.532805
1974.333333 -0.776064
1974.416667 -0.053048
1974.500000 -0.187834
1974.583333 -0.127880
1974.666667 -0.058127
1974.750000 0.467887
1974.833333 0.280752
1974.916667 0.780144
1975.000000 0.405785
1975.083333 0.607891
1975.166667 0.241824
1975.250000 1.137900
1975.333333 -0.071127
1975.416667 1.214170
1975.500000 0.247463
1975.583333 0.137922
1975.666667 1.295637
1975.750000 0.946666
1975.833333 -0.530436
1975.916667 0.013718
1976.000000 -0.252006
1976.083333 -0.453734
1976.166667 -0.750824
1976.250000 -1.382067
1976.333333 -1.291192
1976.416667 -1.087288
1976.500000 -0.698155
1976.583333 -1.147700
1976.666667 -1.049707
1976.750000 -0.187816
1976.833333 -0.600505
1976.916667 -0.198938
1977.000000 0.309568
1977.083333 1.034775
1977.166667 1.073786
1977.250000 0.153000
1977.333333 0.172542
1977.416667 0.052964
1977.500000 0.421707
1977.583333 0.298700
1977.666667 -0.438710
1977.750000 -0.980991
1977.833333 -0.698444
1977.916667 -0.810751
1978.000000 -0.266099
1978.083333 0.987066
1978.166667 0.548725
1978.250000 0.368275
1978.333333 0.141715
1978.416667 -0.079939
1978.500000 -0.174597
1978.583333 -1.106162
1978.666667 -0.524848
1978.750000 0.359559
1978.833333 -0.174496
1978.916667 0.343807
1979.000000 0.742270
1979.083333 0.653103
1979.166667 0.979624
1979.250000 0.953882
1979.333333 0.850733
1979.416667 0.435320
1979.500000 -0.287271
1979.583333 -0.278416
1979.666667 0.106793
1979.750000 0.452391
1979.833333 -0.290838
1979.916667 -0.616292
1980.000000 -0.301079
1980.083333 -0.537151
1980.166667 -0.569172
1980.250000 -0.938242
1980.333333 -1.089689
1980.416667 -0.782110
1980.500000 -0.933928
1980.583333 -1.069102
1980.666667 -1.231327
1980.750000 -0.318029
1980.833333 0.449168
1980.916667 0.477443
1981.000000 0.407701
1981.083333 0.516386
1981.166667 0.609360
1981.250000 -0.253104
1981.333333 -0.755302
1981.416667 -0.340563
1981.500000 -0.570575
1981.583333 -0.385435
1981.666667 -0.109818
1981.750000 0.710052
1981.833333 -0.260665
1981.916667 0.653389
1982.000000 1.315508
1982.083333 1.081253
1982.166667 0.762147
1982.250000 -1.105809
1982.333333 -0.382400
1982.416667 -0.344053
1982.500000 -0.716678
1982.583333 -0.673119
1982.666667 1.078223
1982.750000 1.196596
1982.833333 -0.018708
1982.916667 0.340592
1983.000000 0.862075
1983.083333 0.968649
1983.166667 0.427499
1983.250000 -0.578434
1983.333333 -0.124701
1983.416667 0.076505
1983.500000 -0.042682
1983.583333 -0.425807
1983.666667 0.295847
1983.750000 0.111301
1983.833333 -0.358956
1983.916667 0.104510
1984.000000 0.751510
1984.083333 1.053907
1984.166667 1.057521
1984.250000 -0.766916
1984.333333 -0.236163
1984.416667 0.283041
1984.500000 -0.475876
1984.583333 -0.764611
1984.666667 0.342115
1984.750000 1.512470
1984.833333 -0.158049
1984.916667 -0.330631
1985.000000 0.440916
1985.083333 -0.007882
1985.166667 -0.752249
1985.250000 -1.921544
1985.333333 -1.056722
1985.416667 -0.281404
1985.500000 -1.077674
1985.583333 -0.369888
1985.666667 0.142235
1985.750000 -0.643778
1985.833333 -1.138355
1985.916667 -0.748865
1986.000000 0.015851
1986.083333 0.266410
1986.166667 0.398966
1986.250000 -0.597376
1986.333333 -0.251653
1986.416667 0.888710
1986.500000 0.041288
1986.583333 0.192551
1986.666667 0.694440
1986.750000 -0.269506
1986.833333 -1.485756
1986.916667 -1.138262
1987.000000 -0.638548
1987.083333 -0.084500
1987.166667 -0.628284
1987.250000 -2.326009
1987.333333 -2.958827
1987.416667 -1.476036
1987.500000 -0.432404
1987.583333 -0.826921
1987.666667 -0.208915
1987.750000 -0.332533
1987.833333 -1.101952
1987.916667 0.073904
1988.000000 0.618521
1988.083333 0.650704
1988.166667 0.640815
1988.250000 -1.033447
1988.333333 -0.807419
1988.416667 0.269526
1988.500000 0.704043
1988.583333 0.217196
1988.666667 -0.286838
1988.750000 0.165353
1988.833333 -1.785318
1988.916667 -1.071375
1989.000000 -0.436887
1989.083333 0.098414
1989.166667 0.522596
1989.250000 -0.318469
1989.333333 0.130210
1989.416667 -0.220947
1989.500000 -0.282296
1989.583333 -0.370515
1989.666667 0.795976
1989.750000 0.269252
1989.833333 -0.828486
1989.916667 -0.864745
1990.000000 0.121751
1990.083333 0.505711
1990.166667 0.426881
1990.250000 -0.412990
1990.333333 -0.272624
1990.416667 -0.324249
1990.500000 -0.366551
1990.583333 -0.593032
1990.666667 0.015589
1990.750000 0.412745
1990.833333 0.242738
1990.916667 0.728016
1991.000000 0.330465
1991.083333 -0.074642
1991.166667 -0.009186
1991.250000 -1.262939
1991.333333 -1.051578
1991.416667 0.205234
1991.500000 0.699235
1991.583333 0.367060
1991.666667 0.304639
1991.750000 1.740876
1991.833333 -0.251188
1991.916667 -0.489431
1992.000000 0.400751
1992.083333 -0.047456
1992.166667 0.128330
1992.250000 -1.533889
1992.333333 -1.052826
1992.416667 -0.023628
1992.500000 -0.490894
1992.583333 0.317900
1992.666667 0.254912
1992.750000 0.012084
1992.833333 -0.906234
1992.916667 -0.656019
1993.000000 -0.259386
1993.083333 -0.130740
1993.166667 -0.173124
1993.250000 -1.257221
1993.333333 -0.667866
1993.416667 0.429856
1993.500000 -0.664142
1993.583333 -0.503447
1993.666667 -0.254266
1993.750000 0.020107
1993.833333 -1.421997
1993.916667 -1.583415
1994.000000 -0.077387
1994.083333 -0.003641
1994.166667 0.068340
1994.250000 -0.894214
1994.333333 -0.359768
1994.416667 -0.013757
1994.500000 -0.314779
1994.583333 -0.075573
1994.666667 1.366108
1994.750000 1.988486
1994.833333 -0.506613
1994.916667 -0.346838
1995.000000 0.386484
1995.083333 0.922211
1995.166667 0.820988
1995.250000 -1.123142
1995.333333 -0.518447
1995.416667 1.154994
1995.500000 0.373995
1995.583333 -0.163456
1995.666667 0.342358
1995.750000 -0.070323
1995.833333 -1.078081
1995.916667 -0.718312
1996.000000 0.453521
1996.083333 0.814985
1996.166667 0.329744
1996.250000 -1.568233
1996.333333 0.310204
1996.416667 0.079118
1996.500000 0.259078
1996.583333 -0.447866
1996.666667 -0.150236
1996.750000 -0.035791
1996.833333 0.103754
1996.916667 0.671041
1997.000000 0.815634
1997.083333 0.495637
1997.166667 0.191041
1997.250000 -1.998492
1997.333333 -0.475724
1997.416667 0.028790
1997.500000 0.504631
1997.583333 -0.231371
1997.666667 -0.426214
1997.750000 0.171153
1997.833333 -0.807209
1997.916667 -0.052578
1998.000000 0.709354
1998.083333 0.512970
1998.166667 0.331473
1998.250000 -0.821882
1998.333333 -0.569127
1998.416667 1.020425
1998.500000 0.465167
1998.583333 0.355250
1998.666667 0.193286
1998.750000 0.622823
1998.833333 -0.117688
1998.916667 -0.191799
1999.000000 0.774430
1999.083333 1.015878
1999.166667 0.663085
1999.250000 -0.418151
1999.333333 -0.490405
1999.416667 1.026610
1999.500000 1.114849
1999.583333 0.683916
1999.666667 0.251795
1999.750000 0.906627
1999.833333 -0.807637
1999.916667 -0.584720
2000.000000 -0.010926
2000.083333 -0.127731
2000.166667 -0.138628
2000.250000 -0.575379
2000.333333 0.067965
2000.416667 0.420287
2000.500000 0.227256
2000.583333 0.328666
2000.666667 0.154850
2000.750000 0.398469
2000.833333 0.284029
2000.916667 1.247015
2001.000000 1.713395
2001.083333 1.023932
2001.166667 1.294556
2001.250000 -0.181405
2001.333333 0.268473
2001.416667 -0.138095
2001.500000 1.389519
2001.583333 1.349518
2001.666667 1.187496
2001.750000 1.196495
2001.833333 -0.434683
2001.916667 -0.792451
2002.000000 -0.157100
2002.083333 0.024217
2002.166667 0.325857
2002.250000 -1.033524
2002.333333 0.637160
2002.416667 0.605449
2002.500000 1.313212
2002.583333 0.028996
2002.666667 1.092214
2002.750000 1.241083
2002.833333 -0.048243
2002.916667 -0.004861
2003.000000 0.788690
2003.083333 0.794651
2003.166667 0.378599
2003.250000 -1.899340
2003.333333 -0.004900
2003.416667 0.587450
2003.500000 -0.401831
2003.583333 -0.178727
2003.666667 0.246074
2003.750000 0.446802
2003.833333 -0.508165
2003.916667 -0.000359
2004.000000 0.106471
2004.083333 0.386103
2004.166667 -0.146556
2004.250000 -1.233394
2004.333333 -0.851633
2004.416667 -0.348089
2004.500000 -0.255419
2004.583333 0.045883
2004.666667 0.531134
2004.750000 0.850595
2004.833333 0.689826
2004.916667 0.128501
2005.000000 0.643482
2005.083333 -0.221642
2005.166667 -0.507054
2005.250000 -1.034392
2005.333333 0.161040
2005.416667 0.959291
2005.500000 0.762683
2005.583333 0.870642
2005.666667 1.398103
2005.750000 0.868997
2005.833333 -0.419373
2005.916667 -0.046092
2006.000000 -0.382562
2006.083333 -0.878690
2006.166667 -0.795524
2006.250000 -0.986810
2006.333333 -0.476051
2006.416667 0.791934
2006.500000 0.286268
2006.583333 1.234205
2006.666667 0.762102
2006.750000 1.286893
2006.833333 -0.438253
2006.916667 0.037050
2007.000000 0.467462
2007.083333 0.199183
2007.166667 0.199201
2007.250000 -0.403611
2007.333333 0.816871
2007.416667 1.778712
2007.500000 1.190395
2007.583333 1.351228
2007.666667 1.825935
2007.750000 1.703913
2007.833333 -0.317760
2007.916667 -0.267905
2008.000000 0.294239
2008.083333 0.157186
2008.166667 0.229036
2008.250000 -0.276786
2008.333333 0.119263
2008.416667 0.876011
2008.500000 0.544580
2008.583333 0.619243
2008.666667 1.002569
2008.750000 0.739751
2008.833333 0.289965
2008.916667 0.273929
2009.000000 0.655750
2009.083333 0.817059
2009.166667 -0.170564
2009.250000 -0.797968
2009.333333 -0.338080
2009.416667 0.818501
2009.500000 0.652621
2009.583333 -0.401818
2009.666667 0.521680
2009.750000 1.338261
2009.833333 0.460810
2009.916667 0.738202
2010.000000 1.129905
2010.083333 1.423905
2010.166667 0.861152
2010.250000 -0.587181
2010.333333 0.754577
2010.416667 1.676093
2010.500000 1.644486
2010.583333 1.834959
2010.666667 0.885699
2010.750000 0.097451
2010.833333 0.142365
2010.916667 0.699606
2011.000000 0.606336
2011.083333 -0.214637
2011.166667 -0.007276
2011.250000 -1.704647
2011.333333 -0.679440
2011.416667 1.040953
2011.500000 0.659044
2011.583333 0.161938
2011.666667 0.789690
2011.750000 0.150652
2011.833333 -1.421649
2011.916667 -1.087173
2012.000000 -0.589526
2012.083333 -0.326221
2012.166667 -0.588718
2012.250000 -0.842955
2012.333333 1.685930
2012.416667 1.770810
2012.500000 1.447935
2012.583333 0.992102
2012.666667 1.187878
2012.750000 2.415086
2012.833333 1.361038
2012.916667 0.696771
2013.000000 1.171652
2013.083333 0.548974
2013.166667 0.625005
2013.250000 -0.737353
2013.333333 1.724192
2013.416667 1.635820
2013.500000 1.031100
2013.583333 0.634085
2013.666667 0.655876
2013.750000 -0.475997
2013.833333 -0.074300
2013.916667 -0.234226
2014.000000 0.510875
2014.083333 0.905187
2014.166667 0.999560
2014.250000 -0.137415
2014.333333 0.898041
2014.416667 1.151603
2014.500000 0.638491
2014.583333 0.748983
2014.666667 0.800511
2014.750000 0.606363
2014.833333 -0.358347
2014.916667 0.062109
2015.000000 0.018556
2015.083333 0.076636
2015.166667 0.115543
2015.250000 -1.316265
2015.333333 0.046266
2015.416667 0.788986
2015.500000 0.089440
2015.583333 0.566363
2015.666667 1.685903
2015.750000 1.207427
2015.833333 -0.065644
2015.916667 0.247319
2016.000000 0.322925
2016.083333 0.374249
2016.166667 0.947508
2016.250000 0.345711
2016.333333 0.791371
2016.416667 1.459493
2016.500000 1.540197
2016.583333 1.321587
2016.666667 1.313857
2016.750000 0.402761
2016.833333 -0.909896
2016.916667 -0.995005
2017.000000 -0.006106
2017.083333 -0.098073
2017.166667 0.516296
2017.250000 -0.313207
2017.333333 0.050306
2017.416667 0.793501
2017.500000 0.899787
2017.583333 1.157497
2017.666667 1.667866
2017.750000 0.759546
2017.833333 0.155225
2017.916667 0.316808
2018.000000 0.809831
2018.083333 0.573479
2018.166667 0.385527
2018.250000 0.244608
2018.333333 1.377307
2018.416667 1.795576
2018.500000 1.434337
2018.583333 1.033147
2018.666667 1.518888
2018.750000 1.512739
2018.833333 0.783565
2018.916667 0.130381
2019.000000 0.682654
2019.083333 0.694326
2019.166667 0.839446
2019.250000 -0.379754
2019.333333 0.338939
2019.416667 2.161860
2019.500000 0.847409
2019.583333 0.237030
2019.666667 0.930466
2019.750000 1.550673
2019.833333 1.104295
2019.916667 0.581359
2020.000000 1.237012
2020.083333 0.908098
2020.166667 1.258870
2020.250000 -0.402462
2020.333333 -0.163098
2020.416667 0.890577
2020.500000 0.958056
2020.583333 0.310681
2020.666667 1.935920
2020.750000 2.866162
2020.833333 1.469932
2020.916667 0.595326
2021.000000 0.846933
2021.083333 0.451128
2021.166667 0.455820
2021.250000 -0.846447
2021.333333 0.061194
2021.416667 0.788955
2021.500000 1.704732
2021.583333 1.081811
2021.666667 0.761101
2021.750000 0.409840
2021.833333 0.296575
2021.916667 0.607938
2022.000000 0.711970
2022.083333 0.208665
2022.166667 -0.208545
2022.250000 -1.160015
2022.333333 -0.176666
2022.416667 1.264197
2022.500000 0.797296
2022.583333 1.349150
2022.666667 1.091789
2022.750000 1.108520
2022.833333 0.392949
2022.916667 0.538167
2023.000000 0.893770
