1856.000000	0.312307
1856.083333	0.311011
1856.166667	0.256550
1856.250000	0.143898
1856.333333	-0.030059
1856.416667	-0.096019
1856.500000	-0.212330
1856.583333	-0.120635
1856.666667	0.039545
1856.750000	0.023216
1856.833333	-0.055652
1856.916667	-0.148900
1857.000000	-0.135093
1857.083333	-0.395257
1857.166667	-0.466017
1857.250000	-0.358951
1857.333333	-0.149468
1857.416667	-0.148819
1857.500000	-0.218021
1857.583333	-0.325956
1857.666667	-0.459141
1857.750000	-0.318832
1857.833333	-0.216853
1857.916667	-0.231356
1858.000000	-0.438995
1858.083333	-0.400758
1858.166667	-0.353007
1858.250000	-0.215733
1858.333333	-0.508058
1858.416667	-0.670085
1858.500000	-0.648285
1858.583333	-0.443151
1858.666667	-0.281905
1858.750000	-0.198697
1858.833333	-0.086848
1858.916667	-0.294317
1859.000000	-0.423112
1859.083333	-0.566716
1859.166667	-0.520987
1859.250000	-0.466298
1859.333333	-0.401029
1859.416667	-0.307382
1859.500000	-0.579074
1859.583333	-0.360561
1859.666667	-0.257103
1859.750000	-0.148774
1859.833333	-0.250525
1859.916667	-0.121809
1860.000000	-0.197823
1860.083333	-0.133018
1860.166667	-0.174506
1860.250000	-0.317240
1860.333333	-0.444559
1860.416667	-0.197660
1860.500000	-0.226466
1860.583333	-0.082663
1860.666667	-0.068522
1860.750000	-0.041103
1860.833333	0.078058
1860.916667	-0.288817
1861.000000	-0.765841
1861.083333	-1.171481
1861.166667	-0.655223
1861.250000	-0.397456
1861.333333	-0.365662
1861.416667	-0.341499
1861.500000	-0.309620
1861.583333	-0.286529
1861.666667	-0.403101
1861.750000	-0.235655
1861.833333	-0.047085
1861.916667	-0.217563
1862.000000	-0.325793
1862.083333	-0.552102
1862.166667	-0.600562
1862.250000	-0.691114
1862.333333	-0.559477
1862.416667	-0.230056
1862.500000	-0.233708
1862.583333	-0.247479
1862.666667	-0.338101
1862.750000	-0.507247
1862.833333	-0.488180
1862.916667	-0.380355
1863.000000	-0.405986
1863.083333	-0.580012
1863.166667	-0.294968
1863.250000	-0.382437
1863.333333	-0.397548
1863.416667	-0.512821
1863.500000	-0.786375
1863.583333	-0.991209
1863.666667	-0.495712
1863.750000	-0.295021
1863.833333	-0.165953
1863.916667	-0.182473
1864.000000	-0.259398
1864.083333	-0.518623
1864.166667	-0.328797
1864.250000	-0.245835
1864.333333	-0.461462
1864.416667	-0.207196
1864.500000	-0.170265
1864.583333	-0.437239
1864.666667	-0.199908
1864.750000	0.059677
1864.833333	0.252181
1864.916667	0.214284
1865.000000	0.206223
1865.083333	0.050868
1865.166667	-0.080604
1865.250000	-0.234396
1865.333333	-0.350931
1865.416667	-0.329802
1865.500000	-0.082276
1865.583333	0.178519
1865.666667	0.186175
1865.750000	0.050085
1865.833333	-0.036367
1865.916667	0.015402
1866.000000	0.204972
1866.083333	0.211282
1866.166667	0.476245
1866.250000	0.355354
1866.333333	0.172950
1866.416667	0.023284
1866.500000	-0.013288
1866.583333	0.084719
1866.666667	0.137718
1866.750000	0.175372
1866.833333	0.160354
1866.916667	0.040970
1867.000000	-0.005601
1867.083333	-0.097248
1867.166667	-0.132724
1867.250000	-0.387223
1867.333333	-0.322198
1867.416667	-0.527566
1867.500000	-0.708988
1867.583333	-0.590256
1867.666667	-0.531998
1867.750000	-0.434184
1867.833333	-0.519443
1867.916667	-0.503851
1868.000000	-0.415412
1868.083333	-0.259636
1868.166667	-0.336680
1868.250000	-0.186783
1868.333333	-0.294100
1868.416667	-0.424615
1868.500000	-0.415891
1868.583333	-0.171515
1868.666667	0.269874
1868.750000	0.275512
1868.833333	0.204698
1868.916667	0.047263
1869.000000	-0.357201
1869.083333	-0.335142
1869.166667	-0.238222
1869.250000	-0.092838
1869.333333	-0.138412
1869.416667	-0.116762
1869.500000	-0.257857
1869.583333	-0.261262
1869.666667	-0.242620
1869.750000	-0.035857
1869.833333	0.059441
1869.916667	0.258948
1870.000000	0.318995
1870.083333	0.379219
1870.166667	0.177732
1870.250000	0.132427
1870.333333	-0.036329
1870.416667	-0.292812
1870.500000	-0.446164
1870.583333	-0.254462
1870.666667	-0.291538
1870.750000	-0.162901
1870.833333	0.016689
1870.916667	-0.013080
1871.000000	-0.167554
1871.083333	-0.211554
1871.166667	-0.028585
1871.250000	-0.155687
1871.333333	-0.188157
1871.416667	-0.272828
1871.500000	-0.398807
1871.583333	-0.415339
1871.666667	-0.302339
1871.750000	-0.213287
1871.833333	-0.086561
1871.916667	0.114048
1872.000000	0.063301
1872.083333	-0.099150
1872.166667	-0.041629
1872.250000	0.090058
1872.333333	0.214832
1872.416667	-0.082904
1872.500000	-0.190971
1872.583333	-0.065851
1872.666667	0.052473
1872.750000	0.212902
1872.833333	0.240473
1872.916667	0.246398
1873.000000	0.053922
1873.083333	0.122869
1873.166667	0.041955
1873.250000	-0.030017
1873.333333	0.044433
1873.416667	-0.278019
1873.500000	-0.095460
1873.583333	-0.045874
1873.666667	0.050025
1873.750000	-0.046249
1873.833333	0.207205
1873.916667	-0.101016
1874.000000	-0.274221
1874.083333	-0.574826
1874.166667	-0.578080
1874.250000	-0.513103
1874.333333	-0.157044
1874.416667	-0.329708
1874.500000	-0.449397
1874.583333	-0.563772
1874.666667	-0.413174
1874.750000	-0.614540
1874.833333	-0.586295
1874.916667	-0.299085
1875.000000	-0.322632
1875.083333	-0.374204
1875.166667	-0.483177
1875.250000	-0.373256
1875.333333	-0.457979
1875.416667	-0.321401
1875.500000	0.076012
1875.583333	-0.392695
1875.666667	-0.336715
1875.750000	-0.378668
1875.833333	-0.421639
1875.916667	-0.216392
1876.000000	-0.629607
1876.083333	-0.595425
1876.166667	-0.232074
1876.250000	-0.020496
1876.333333	0.032694
1876.416667	0.082528
1876.500000	0.046687
1876.583333	-0.403418
1876.666667	-0.003381
1876.750000	-0.109460
1876.833333	-0.102935
1876.916667	0.062974
1877.000000	-0.075099
1877.083333	-0.368759
1877.166667	-0.015829
1877.250000	0.326188
1877.333333	0.326015
1877.416667	0.170310
1877.500000	0.218286
1877.583333	0.149147
1877.666667	0.709455
1877.750000	1.014583
1877.833333	0.553849
1877.916667	0.357484
1878.000000	0.008050
1878.083333	-0.160384
1878.166667	-0.178140
1878.250000	0.067871
1878.333333	0.126393
1878.416667	0.122821
1878.500000	0.165286
1878.583333	0.405005
1878.666667	0.189802
1878.750000	0.055806
1878.833333	0.437484
1878.916667	0.594318
1879.000000	0.585320
1879.083333	0.255213
1879.166667	-0.016792
1879.250000	0.309313
1879.333333	0.374824
1879.416667	0.327187
1879.500000	-0.009620
1879.583333	-0.185591
1879.666667	-0.115293
1879.750000	-0.253527
1879.833333	-0.126066
1879.916667	-0.128127
1880.000000	-0.195566
1880.083333	-0.255153
1880.166667	0.009470
1880.250000	-0.268741
1880.333333	-0.355266
1880.416667	-0.048946
1880.500000	-0.368693
1880.583333	0.005715
1880.666667	-0.114782
1880.750000	0.269600
1880.833333	0.243666
1880.916667	-0.228097
1881.000000	0.007175
1881.083333	-0.104283
1881.166667	-0.061777
1881.250000	0.349367
1881.333333	0.024050
1881.416667	0.132907
1881.500000	-0.226777
1881.583333	0.145305
1881.666667	0.032336
1881.750000	0.084865
1881.833333	-0.352850
1881.916667	-0.185601
1882.000000	-0.401766
1882.083333	-0.540387
1882.166667	-0.728845
1882.250000	-0.879893
1882.333333	-0.659379
1882.416667	-0.914582
1882.500000	-0.376523
1882.583333	-0.155504
1882.666667	0.282932
1882.750000	0.014372
1882.833333	-0.026617
1882.916667	-0.072889
1883.000000	-0.170897
1883.083333	-0.587542
1883.166667	-0.286991
1883.250000	0.022545
1883.333333	-0.039699
1883.416667	-0.136992
1883.500000	-0.548319
1883.583333	-0.076979
1883.666667	-0.010522
1883.750000	0.123903
1883.833333	0.212011
1883.916667	0.027597
1884.000000	-0.233936
1884.083333	-0.544020
1884.166667	-0.395404
1884.250000	-0.027415
1884.333333	0.140594
1884.416667	-0.120604
1884.500000	-0.477507
1884.583333	-0.498027
1884.666667	-0.679770
1884.750000	-0.676429
1884.833333	-0.435883
1884.916667	-0.147593
1885.000000	-0.096856
1885.083333	-0.320234
1885.166667	-0.060766
1885.250000	-0.550356
1885.333333	0.015376
1885.416667	-0.535371
1885.500000	-0.379571
1885.583333	-0.281653
1885.666667	-0.068606
1885.750000	0.371727
1885.833333	0.312642
1885.916667	0.486384
1886.000000	0.323279
1886.083333	0.378983
1886.166667	0.080726
1886.250000	-0.151336
1886.333333	-0.198922
1886.416667	-0.123587
1886.500000	-0.448122
1886.583333	-0.195314
1886.666667	-0.015959
1886.750000	0.049442
1886.833333	-0.121572
1886.916667	0.058580
1887.000000	-0.222096
1887.083333	-0.264187
1887.166667	-0.106953
1887.250000	-0.068243
1887.333333	-0.037218
1887.416667	-0.236900
1887.500000	-0.419618
1887.583333	-0.555470
1887.666667	-0.078245
1887.750000	0.309836
1887.833333	0.322998
1887.916667	0.210123
1888.000000	0.024400
1888.083333	0.025493
1888.166667	0.141819
1888.250000	0.070002
1888.333333	-0.123111
1888.416667	-0.138954
1888.500000	-0.082385
1888.583333	-0.236775
1888.666667	-0.103403
1888.750000	0.439378
1888.833333	-0.204429
1888.916667	-0.120401
1889.000000	-0.048070
1889.083333	0.187201
1889.166667	0.147989
1889.250000	0.221317
1889.333333	0.183165
1889.416667	0.132618
1889.500000	0.087808
1889.583333	0.049124
1889.666667	-0.214503
1889.750000	0.158428
1889.833333	0.046502
1889.916667	0.109388
1890.000000	-0.012834
1890.083333	0.002381
1890.166667	0.117560
1890.250000	0.242094
1890.333333	0.238760
1890.416667	-0.451680
1890.500000	-0.314035
1890.583333	-0.404442
1890.666667	-0.298586
1890.750000	-0.449056
1890.833333	-0.432881
1890.916667	-0.103298
1891.000000	-0.118337
1891.083333	-0.318717
1891.166667	-0.038832
1891.250000	0.060421
1891.333333	0.249059
1891.416667	0.047513
1891.500000	-0.092349
1891.583333	0.138289
1891.666667	-0.003429
1891.750000	-0.087163
1891.833333	-0.012983
1891.916667	-0.012107
1892.000000	-0.123213
1892.083333	0.181995
1892.166667	-0.143811
1892.250000	-0.205019
1892.333333	-0.388957
1892.416667	-0.724533
1892.500000	-0.653406
1892.583333	-0.353154
1892.666667	-0.236495
1892.750000	0.130818
1892.833333	-0.323100
1892.916667	-0.395591
1893.000000	-0.213881
1893.083333	-0.422528
1893.166667	-0.670814
1893.250000	-0.840015
1893.333333	-1.121936
1893.416667	-0.690947
1893.500000	-0.262544
1893.583333	-0.124348
1893.666667	-0.248714
1893.750000	-0.012894
1893.833333	0.107126
1893.916667	0.067475
1894.000000	-0.258725
1894.083333	-0.231305
1894.166667	-0.307232
1894.250000	-0.514905
1894.333333	-0.424186
1894.416667	-0.258228
1894.500000	-0.388357
1894.583333	-0.409720
1894.666667	-0.169770
1894.750000	-0.067192
1894.833333	-0.205439
1894.916667	-0.200905
1895.000000	0.240000
1895.083333	0.308432
1895.166667	0.053666
1895.250000	-0.227486
1895.333333	-0.461604
1895.416667	-0.465848
1895.500000	-0.470199
1895.583333	-0.229918
1895.666667	-0.587578
1895.750000	-0.285215
1895.833333	-0.311704
1895.916667	-0.048537
1896.000000	-0.271531
1896.083333	-0.273165
1896.166667	-0.204161
1896.250000	-0.126135
1896.333333	-0.015880
1896.416667	-0.332427
1896.500000	-0.325798
1896.583333	-0.061546
1896.666667	0.144233
1896.750000	0.271936
1896.833333	0.262065
1896.916667	0.324845
1897.000000	0.168324
1897.083333	0.023473
1897.166667	-0.136765
1897.250000	-0.124633
1897.333333	-0.298789
1897.416667	-0.463546
1897.500000	-0.062553
1897.583333	-0.169083
1897.666667	0.367672
1897.750000	0.215651
1897.833333	-0.597244
1897.916667	-0.359706
1898.000000	-0.427121
1898.083333	-0.450445
1898.166667	-0.308370
1898.250000	-0.350673
1898.333333	-0.429754
1898.416667	-0.427506
1898.500000	-0.362977
1898.583333	-0.801122
1898.666667	-0.888329
1898.750000	-0.388736
1898.833333	-0.347500
1898.916667	-0.450193
1899.000000	-0.620796
1899.083333	-0.500542
1899.166667	-0.401964
1899.250000	-0.623731
1899.333333	-0.416507
1899.416667	-0.376564
1899.500000	-0.467127
1899.583333	-0.374301
1899.666667	-0.246225
1899.750000	-0.230795
1899.833333	-0.301494
1899.916667	-0.202675
1900.000000	-0.224056
1900.083333	-0.091490
1900.166667	-0.088042
1900.250000	0.204017
1900.333333	0.031446
1900.416667	-0.136606
1900.500000	-0.189129
1900.583333	-0.269578
1900.666667	-0.490281
1900.750000	-0.078686
1900.833333	0.038994
1900.916667	0.042169
1901.000000	-0.288784
1901.083333	-0.018234
1901.166667	0.240057
1901.250000	0.225419
1901.333333	-0.090417
1901.416667	-0.179160
1901.500000	-0.045483
1901.583333	-0.016131
1901.666667	-0.120253
1901.750000	0.125451
1901.833333	0.112839
1901.916667	0.301506
1902.000000	0.041243
1902.083333	-0.032063
1902.166667	-0.118019
1902.250000	-0.203746
1902.333333	0.006278
1902.416667	-0.365958
1902.500000	-0.512319
1902.583333	-0.437655
1902.666667	-0.255418
1902.750000	-0.010071
1902.833333	-0.246153
1902.916667	-0.078218
1903.000000	-0.255532
1903.083333	-0.413744
1903.166667	-0.459896
1903.250000	-0.347042
1903.333333	-0.128996
1903.416667	-0.263134
1903.500000	-0.913748
1903.583333	-0.890370
1903.666667	-0.760166
1903.750000	-0.847958
1903.833333	-0.599186
1903.916667	-0.330391
1904.000000	-0.286347
1904.083333	-0.187582
1904.166667	-0.295837
1904.250000	-0.366263
1904.333333	-0.753350
1904.416667	-0.622923
1904.500000	-0.848215
1904.583333	-0.996859
1904.666667	-0.802269
1904.750000	-0.351216
1904.833333	-0.428927
1904.916667	-0.544695
1905.000000	-0.407759
1905.083333	-0.684412
1905.166667	-0.705780
1905.250000	-0.437544
1905.333333	-0.229356
1905.416667	-0.169164
1905.500000	-0.301438
1905.583333	-0.204631
1905.666667	-0.265606
1905.750000	0.094899
1905.833333	0.208930
1905.916667	0.028678
1906.000000	-0.098954
1906.083333	-0.214184
1906.166667	-0.168041
1906.250000	-0.150820
1906.333333	-0.238341
1906.416667	-0.246416
1906.500000	-0.434154
1906.583333	-0.406261
1906.666667	-0.302537
1906.750000	-0.222027
1906.833333	-0.050989
1906.916667	0.041811
1907.000000	-0.054069
1907.083333	-0.178406
1907.166667	-0.292791
1907.250000	-0.364958
1907.333333	-0.250687
1907.416667	-0.408014
1907.500000	-0.474131
1907.583333	-0.698029
1907.666667	-0.778608
1907.750000	-0.417058
1907.833333	-0.431730
1907.916667	-0.361692
1908.000000	-0.239857
1908.083333	-0.287364
1908.166667	-0.398111
1908.250000	-0.323072
1908.333333	-0.254574
1908.416667	-0.160927
1908.500000	-0.443143
1908.583333	-0.400532
1908.666667	-0.231561
1908.750000	-0.488718
1908.833333	-0.610291
1908.916667	-0.479461
1909.000000	-0.277349
1909.083333	-0.281395
1909.166667	-0.169018
1909.250000	-0.202634
1909.333333	0.054248
1909.416667	-0.131145
1909.500000	-0.290759
1909.583333	-0.187752
1909.666667	0.036933
1909.750000	-0.061616
1909.833333	0.003010
1909.916667	-0.037270
1910.000000	-0.402637
1910.083333	-0.204599
1910.166667	-0.478741
1910.250000	-0.318857
1910.333333	-0.383880
1910.416667	-0.335799
1910.500000	-0.348476
1910.583333	-0.275069
1910.666667	-0.030526
1910.750000	-0.328478
1910.833333	-0.285482
1910.916667	-0.221300
1911.000000	-0.239878
1911.083333	-0.542937
1911.166667	-0.503403
1911.250000	-0.449893
1911.333333	-0.366905
1911.416667	-0.642030
1911.500000	-0.572967
1911.583333	-0.655439
1911.666667	-0.519680
1911.750000	-0.235469
1911.833333	-0.122050
1911.916667	-0.052069
1912.000000	-0.385456
1912.083333	-0.378386
1912.166667	-0.256572
1912.250000	-0.139288
1912.333333	-0.364401
1912.416667	-0.071549
1912.500000	-0.475240
1912.583333	-0.392943
1912.666667	-0.241691
1912.750000	-0.035840
1912.833333	-0.379863
1912.916667	-0.490357
1913.000000	-0.505446
1913.083333	-0.490573
1913.166667	-0.743666
1913.250000	-0.341347
1913.333333	-0.354253
1913.416667	-0.806575
1913.500000	-0.542741
1913.583333	-0.485150
1913.666667	-0.183535
1913.750000	-0.219600
1913.833333	-0.482717
1913.916667	-0.492701
1914.000000	-0.334059
1914.083333	-0.635383
1914.166667	-0.458393
1914.250000	-0.489301
1914.333333	-0.468757
1914.416667	-0.331722
1914.500000	-0.605539
1914.583333	-0.299862
1914.666667	-0.461664
1914.750000	-0.190238
1914.833333	-0.069781
1914.916667	0.168252
1915.000000	0.077803
1915.083333	0.072377
1915.166667	0.090292
1915.250000	0.104916
1915.333333	-0.205859
1915.416667	0.118503
1915.500000	-0.264056
1915.583333	0.006280
1915.666667	-0.107158
1915.750000	0.005950
1915.833333	0.419375
1915.916667	0.222069
1916.000000	-0.260268
1916.083333	-0.092276
1916.166667	0.105953
1916.250000	-0.196560
1916.333333	-0.057204
1916.416667	-0.080342
1916.500000	0.117821
1916.583333	-0.248784
1916.666667	-0.107963
1916.750000	-0.408297
1916.833333	-0.036731
1916.916667	0.109890
1917.000000	-0.014410
1917.083333	-0.125804
1917.166667	-0.162799
1917.250000	-0.353873
1917.333333	-0.569471
1917.416667	-0.578399
1917.500000	-0.514422
1917.583333	-0.564644
1917.666667	-0.586244
1917.750000	-0.526114
1917.833333	-0.353154
1917.916667	0.013081
1918.000000	-0.116715
1918.083333	0.007642
1918.166667	-0.040241
1918.250000	-0.421458
1918.333333	-0.201002
1918.416667	-0.299270
1918.500000	-0.410817
1918.583333	-0.477341
1918.666667	-0.220062
1918.750000	0.039020
1918.833333	0.014399
1918.916667	-0.055655
1919.000000	0.123258
1919.083333	0.233554
1919.166667	-0.025425
1919.250000	0.055293
1919.333333	-0.509107
1919.416667	-0.921827
1919.500000	-0.638896
1919.583333	-0.652318
1919.666667	-0.424814
1919.750000	0.143246
1919.833333	0.082366
1919.916667	-0.281778
1920.000000	-0.209374
1920.083333	-0.530022
1920.166667	-0.580060
1920.250000	-0.317365
1920.333333	-0.376996
1920.416667	-0.502424
1920.500000	-0.487467
1920.583333	-0.285939
1920.666667	-0.362283
1920.750000	-0.123927
1920.833333	-0.603633
1920.916667	-0.222118
1921.000000	-0.531226
1921.083333	-0.454958
1921.166667	-0.604879
1921.250000	-0.334562
1921.333333	-0.378054
1921.416667	-0.506845
1921.500000	-0.578912
1921.583333	-0.232191
1921.666667	-0.318350
1921.750000	-0.494703
1921.833333	-0.080684
1921.916667	-0.044320
1922.000000	-0.007731
1922.083333	-0.151011
1922.166667	-0.162553
1922.250000	-0.247665
1922.333333	-0.351268
1922.416667	-0.567643
1922.500000	-0.235607
1922.583333	-0.250844
1922.666667	-0.124408
1922.750000	0.047306
1922.833333	0.005104
1922.916667	-0.172614
1923.000000	-0.099222
1923.083333	-0.345884
1923.166667	-0.306153
1923.250000	-0.328427
1923.333333	-0.188777
1923.416667	0.096908
1923.500000	-0.405402
1923.583333	-0.573257
1923.666667	-0.135596
1923.750000	-0.288630
1923.833333	-0.034478
1923.916667	0.231358
1924.000000	-0.053015
1924.083333	-0.054614
1924.166667	0.086142
1924.250000	0.141967
1924.333333	-0.222262
1924.416667	-0.066181
1924.500000	0.114708
1924.583333	0.008850
1924.666667	0.141769
1924.750000	-0.061233
1924.833333	-0.051278
1924.916667	-0.336220
1925.000000	-0.786771
1925.083333	-0.643567
1925.166667	-0.076204
1925.250000	0.073447
1925.333333	0.025337
1925.416667	-0.348423
1925.500000	-0.193244
1925.583333	-0.144001
1925.666667	-0.054637
1925.750000	0.096721
1925.833333	0.270233
1925.916667	0.256506
1926.000000	-0.031472
1926.083333	-0.017637
1926.166667	-0.200612
1926.250000	-0.044446
1926.333333	0.415032
1926.416667	0.228531
1926.500000	0.162576
1926.583333	-0.145196
1926.666667	-0.455487
1926.750000	-0.157707
1926.833333	0.039638
1926.916667	0.088889
1927.000000	0.058325
1927.083333	-0.184367
1927.166667	-0.075168
1927.250000	-0.150734
1927.333333	0.129133
1927.416667	0.151423
1927.500000	0.210351
1927.583333	0.437433
1927.666667	0.399909
1927.750000	0.392807
1927.833333	0.483646
1927.916667	0.441644
1928.000000	0.171909
1928.083333	-0.211152
1928.166667	-0.219756
1928.250000	0.130438
1928.333333	0.371747
1928.416667	0.064242
1928.500000	-0.147521
1928.583333	0.132088
1928.666667	0.132551
1928.750000	-0.016303
1928.833333	0.005796
1928.916667	-0.054833
1929.000000	-0.180345
1929.083333	-0.409838
1929.166667	-0.271816
1929.250000	-0.108396
1929.333333	0.195620
1929.416667	0.039109
1929.500000	-0.297467
1929.583333	-0.261263
1929.666667	-0.205696
1929.750000	-0.353599
1929.833333	0.014739
1929.916667	-0.414386
1930.000000	-0.557233
1930.083333	-0.396283
1930.166667	-0.193838
1930.250000	0.038680
1930.333333	-0.024532
1930.416667	-0.039499
1930.500000	-0.237414
1930.583333	-0.233687
1930.666667	-0.166381
1930.750000	-0.021505
1930.833333	0.103260
1930.916667	0.348524
1931.000000	0.026121
1931.083333	-0.002711
1931.166667	0.035223
1931.250000	-0.005436
1931.333333	0.084278
1931.416667	0.197314
1931.500000	0.259007
1931.583333	0.338331
1931.666667	0.471977
1931.750000	0.190942
1931.833333	-0.082725
1931.916667	0.117924
1932.000000	-0.038217
1932.083333	-0.060731
1932.166667	0.005829
1932.250000	0.029188
1932.333333	-0.065583
1932.416667	0.012887
1932.500000	0.139935
1932.583333	0.160795
1932.666667	0.226356
1932.750000	0.394003
1932.833333	0.515945
1932.916667	0.366688
1933.000000	0.153233
1933.083333	0.298624
1933.166667	0.140237
1933.250000	-0.190013
1933.333333	-0.042511
1933.416667	-0.184177
1933.500000	-0.302895
1933.583333	-0.437446
1933.666667	-0.583270
1933.750000	-0.328479
1933.833333	0.282408
1933.916667	0.669854
1934.000000	-0.007617
1934.083333	-0.105568
1934.166667	0.076248
1934.250000	0.471121
1934.333333	0.335584
1934.416667	0.260080
1934.500000	0.000257
1934.583333	0.195163
1934.666667	0.199509
1934.750000	0.298903
1934.833333	0.489700
1934.916667	0.195099
1935.000000	0.129509
1935.083333	-0.221682
1935.166667	-0.004029
1935.250000	-0.053656
1935.333333	0.474539
1935.416667	0.652272
1935.500000	-0.035751
1935.583333	0.108711
1935.666667	0.093991
1935.750000	0.280402
1935.833333	0.071302
1935.916667	0.310801
1936.000000	0.248234
1936.083333	0.312761
1936.166667	0.590696
1936.250000	0.473159
1936.333333	0.506996
1936.416667	0.139600
1936.500000	0.640994
1936.583333	0.572093
1936.666667	0.078754
1936.750000	0.436974
1936.833333	0.573537
1936.916667	0.321685
1937.000000	0.174069
1937.083333	0.146457
1937.166667	0.414258
1937.250000	0.439636
1937.333333	0.299148
1937.416667	0.171872
1937.500000	0.010709
1937.583333	0.172653
1937.666667	0.417793
1937.750000	0.560727
1937.833333	0.778330
1937.916667	0.614113
1938.000000	0.505374
1938.083333	0.195203
1938.166667	0.013965
1938.250000	0.118267
1938.333333	0.144131
1938.416667	-0.172096
1938.500000	0.039801
1938.583333	0.392256
1938.666667	0.492135
1938.750000	0.202707
1938.833333	0.130814
1938.916667	0.404364
1939.000000	0.272967
1939.083333	0.128921
1939.166667	0.119183
1939.250000	0.190367
1939.333333	0.448765
1939.416667	0.129237
1939.500000	0.158141
1939.583333	0.195708
1939.666667	0.062408
1939.750000	0.246282
1939.833333	0.259286
1939.916667	0.530208
1940.000000	0.411899
1940.083333	0.245991
1940.166667	0.006455
1940.250000	0.056343
1940.333333	-0.145918
1940.416667	0.060732
1940.500000	-0.035869
1940.583333	-0.178571
1940.666667	-0.322217
1940.750000	-0.051444
1940.833333	-0.011045
1940.916667	0.011227
1941.000000	0.280656
1941.083333	0.312835
1941.166667	0.295093
1941.250000	0.318949
1941.333333	0.257033
1941.416667	0.209633
1941.500000	-0.333345
1941.583333	-0.098123
1941.666667	-0.127953
1941.750000	0.112633
1941.833333	0.138625
1941.916667	0.415531
1942.000000	0.380263
1942.083333	0.341920
1942.166667	0.520370
1942.250000	0.360935
1942.333333	0.272959
1942.416667	0.068941
1942.500000	-0.150909
1942.583333	-0.023746
1942.666667	-0.160420
1942.750000	-0.094404
1942.833333	0.305821
1942.916667	0.157447
1943.000000	0.174477
1943.083333	0.160215
1943.166667	-0.133119
1943.250000	-0.293885
1943.333333	-0.333555
1943.416667	-0.529986
1943.500000	-0.243476
1943.583333	0.169055
1943.666667	0.150745
1943.750000	0.562916
1943.833333	0.615730
1943.916667	0.549061
1944.000000	0.565144
1944.083333	0.324045
1944.166667	0.526379
1944.250000	0.251564
1944.333333	0.351767
1944.416667	0.403712
1944.500000	0.410367
1944.583333	0.283280
1944.666667	0.360834
1944.750000	0.444755
1944.833333	0.171664
1944.916667	-0.362204
1945.000000	-0.287811
1945.083333	-0.207526
1945.166667	-0.242401
1945.250000	-0.235727
1945.333333	-0.077565
1945.416667	0.028560
1945.500000	0.029510
1945.583333	0.309596
1945.666667	0.006734
1945.750000	-0.274398
1945.833333	-0.139020
1945.916667	-0.107775
1946.000000	0.187490
1946.083333	-0.249855
1946.166667	-0.388329
1946.250000	-0.099885
1946.333333	-0.083179
1946.416667	-0.068234
1946.500000	-0.155049
1946.583333	-0.011138
1946.666667	0.133808
1946.750000	0.087130
1946.833333	0.396814
1946.916667	0.491363
1947.000000	0.447379
1947.083333	0.330238
1947.166667	0.190450
1947.250000	0.412520
1947.333333	0.385161
1947.416667	0.174780
1947.500000	0.003509
1947.583333	-0.209756
1947.666667	-0.424901
1947.750000	-0.293691
1947.833333	-0.089408
1947.916667	0.183114
1948.000000	-0.046996
1948.083333	-0.306983
1948.166667	-0.406305
1948.250000	-0.357094
1948.333333	-0.185093
1948.416667	0.006805
1948.500000	-0.110400
1948.583333	-0.279921
1948.666667	-0.325288
1948.750000	-0.682560
1948.833333	-0.224090
1948.916667	-0.500460
1949.000000	-0.218779
1949.083333	-0.275477
1949.166667	-0.331915
1949.250000	-0.346962
1949.333333	-0.040958
1949.416667	-0.139955
1949.500000	-0.299562
1949.583333	-0.210214
1949.666667	-0.677211
1949.750000	-0.627138
1949.833333	-0.300989
1949.916667	-0.132262
1950.000000	-0.281518
1950.083333	-0.467996
1950.166667	-0.354547
1950.250000	-0.241137
1950.333333	-0.409914
1950.416667	-0.597186
1950.500000	-0.290359
1950.583333	-0.161890
1950.666667	0.041149
1950.750000	-0.096359
1950.833333	0.077800
1950.916667	0.235727
1951.000000	0.071936
1951.083333	0.017605
1951.166667	0.229350
1951.250000	-0.045670
1951.333333	0.238772
1951.416667	0.282262
1951.500000	0.154594
1951.583333	0.207611
1951.666667	0.420726
1951.750000	0.323752
1951.833333	0.126136
1951.916667	0.188542
1952.000000	0.221647
1952.083333	0.191746
1952.166667	0.159097
1952.250000	0.295942
1952.333333	0.215664
1952.416667	0.023459
1952.500000	-0.017501
1952.583333	0.244397
1952.666667	0.893400
1952.750000	0.644959
1952.833333	0.470215
1952.916667	0.529411
1953.000000	0.482755
1953.083333	0.452538
1953.166667	0.140830
1953.250000	0.188863
1953.333333	0.466435
1953.416667	0.537952
1953.500000	0.445553
1953.583333	0.105897
1953.666667	0.048535
1953.750000	0.424326
1953.833333	0.095224
1953.916667	-0.335923
1954.000000	-0.152455
1954.083333	0.029588
1954.166667	-0.053778
1954.250000	-0.112066
1954.333333	-0.053776
1954.416667	0.145390
1954.500000	0.342769
1954.583333	0.304801
1954.666667	-0.053416
1954.750000	-0.052295
1954.833333	0.081918
1954.916667	-0.011243
1955.000000	0.052089
1955.083333	0.236618
1955.166667	0.130163
1955.250000	-0.057219
1955.333333	-0.165571
1955.416667	0.203432
1955.500000	-0.128713
1955.583333	0.117944
1955.666667	0.037524
1955.750000	0.207758
1955.833333	0.153535
1955.916667	0.029311
1956.000000	0.061335
1956.083333	0.207783
1956.166667	0.363061
1956.250000	-0.049057
1956.333333	-0.515394
1956.416667	-0.246665
1956.500000	-0.153417
1956.583333	0.284890
1956.666667	0.380410
1956.750000	0.039407
1956.833333	0.158308
1956.916667	0.022494
1957.000000	0.063504
1957.083333	-0.290343
1957.166667	-0.188796
1957.250000	-0.050739
1957.333333	0.094694
1957.416667	0.336158
1957.500000	0.159357
1957.583333	0.294279
1957.666667	0.384739
1957.750000	0.210776
1957.833333	0.307775
1957.916667	0.293374
1958.000000	0.241292
1958.083333	0.310081
1958.166667	0.308983
1958.250000	0.557467
1958.333333	0.183820
1958.416667	0.366143
1958.500000	0.307672
1958.583333	0.354094
1958.666667	0.022840
1958.750000	-0.094955
1958.833333	-0.142310
1958.916667	0.301206
1959.000000	0.300416
1959.083333	-0.084009
1959.166667	-0.251950
1959.250000	0.064914
1959.333333	0.057228
1959.416667	-0.127288
1959.500000	-0.074777
1959.583333	-0.037124
1959.666667	-0.258928
1959.750000	-0.413856
1959.833333	-0.383085
1959.916667	-0.129884
1960.000000	-0.128796
1960.083333	-0.018838
1960.166667	-0.070049
1960.250000	0.169176
1960.333333	0.140046
1960.416667	-0.097632
1960.500000	0.110471
1960.583333	0.133849
1960.666667	0.327891
1960.750000	0.228223
1960.833333	0.323821
1960.916667	0.469384
1961.000000	0.465593
1961.083333	0.208968
1961.166667	-0.044807
1961.250000	-0.165914
1961.333333	-0.245234
1961.416667	-0.046398
1961.500000	0.008750
1961.583333	-0.067491
1961.666667	-0.664566
1961.750000	-0.707282
1961.833333	-0.388791
1961.916667	-0.608221
1962.000000	-0.176823
1962.083333	0.041538
1962.166667	0.345681
1962.250000	0.277510
1962.333333	0.086458
1962.416667	0.166482
1962.500000	0.070240
1962.583333	0.234108
1962.666667	0.226551
1962.750000	0.336341
1962.833333	0.528205
1962.916667	0.423066
1963.000000	0.506421
1963.083333	0.732260
1963.166667	0.537510
1963.250000	0.494467
1963.333333	0.189293
1963.416667	0.029593
1963.500000	0.346403
1963.583333	0.327363
1963.666667	0.445331
1963.750000	0.653632
1963.833333	0.401690
1963.916667	0.318714
1964.000000	0.147923
1964.083333	-0.077733
1964.166667	0.274312
1964.250000	0.153933
1964.333333	-0.596438
1964.416667	0.024017
1964.500000	-0.188317
1964.583333	-0.494822
1964.666667	-0.501794
1964.750000	-0.110073
1964.833333	0.039841
1964.916667	-0.510955
1965.000000	-0.333567
1965.083333	-0.012618
1965.166667	0.058602
1965.250000	-0.238062
1965.333333	-0.594641
1965.416667	-0.296220
1965.500000	-0.422916
1965.583333	-0.064284
1965.666667	-0.006911
1965.750000	-0.022658
1965.833333	-0.055414
1965.916667	0.078547
1966.000000	0.257863
1966.083333	-0.010036
1966.166667	-0.067243
1966.250000	0.063202
1966.333333	-0.074719
1966.416667	0.046725
1966.500000	0.029811
1966.583333	0.148414
1966.666667	0.141859
1966.750000	0.226161
1966.833333	0.584516
1966.916667	0.244676
1967.000000	0.045115
1967.083333	-0.113908
1967.166667	-0.333868
1967.250000	-0.181084
1967.333333	-0.064189
1967.416667	-0.275062
1967.500000	-0.352367
1967.583333	-0.387716
1967.666667	-0.119019
1967.750000	-0.114931
1967.833333	-0.330333
1967.916667	-0.025230
1968.000000	-0.024505
1968.083333	-0.185731
1968.166667	-0.150319
1968.250000	-0.034143
1968.333333	0.291035
1968.416667	0.401036
1968.500000	0.341877
1968.583333	-0.066737
1968.666667	0.210008
1968.750000	-0.042522
1968.833333	-0.138095
1968.916667	0.110360
1969.000000	0.249512
1969.083333	0.361103
1969.166667	0.543711
1969.250000	0.652403
1969.333333	0.632367
1969.416667	0.703390
1969.500000	0.338885
1969.583333	0.258524
1969.666667	0.505299
1969.750000	0.284480
1969.833333	-0.179382
1969.916667	0.107542
1970.000000	0.396807
1970.083333	0.047803
1970.166667	-0.229242
1970.250000	0.352586
1970.333333	0.119137
1970.416667	-0.184685
1970.500000	-0.011508
1970.583333	0.084767
1970.666667	0.106050
1970.750000	-0.348673
1970.833333	-0.064871
1970.916667	-0.144582
1971.000000	-0.020796
1971.083333	-0.223815
1971.166667	0.007352
1971.250000	0.028218
1971.333333	0.264138
1971.416667	-0.144637
1971.500000	-0.412521
1971.583333	-0.437530
1971.666667	-0.262361
1971.750000	-0.305617
1971.833333	-0.354931
1971.916667	-0.220992
1972.000000	-0.198268
1972.083333	-0.456953
1972.166667	-0.223641
1972.250000	0.163721
1972.333333	-0.026093
1972.416667	-0.205087
1972.500000	-0.259418
1972.583333	-0.036206
1972.666667	0.052079
1972.750000	0.500595
1972.833333	0.150941
1972.916667	0.057246
1973.000000	-0.020267
1973.083333	0.268092
1973.166667	0.213182
1973.250000	0.307818
1973.333333	0.442001
1973.416667	-0.082114
1973.500000	-0.374523
1973.583333	-0.163492
1973.666667	-0.276801
1973.750000	0.187604
1973.833333	0.404600
1973.916667	0.098157
1974.000000	0.066758
1974.083333	0.125597
1974.166667	0.405865
1974.250000	0.327742
1974.333333	0.061605
1974.416667	0.367934
1974.500000	0.263288
1974.583333	-0.114834
1974.666667	-0.134212
1974.750000	0.151586
1974.833333	0.273152
1974.916667	-0.197213
1975.000000	-0.452244
1975.083333	-0.669281
1975.166667	-0.760896
1975.250000	-1.119593
1975.333333	-0.511169
1975.416667	-0.428467
1975.500000	-0.062140
1975.583333	-0.324605
1975.666667	-0.178781
1975.750000	-0.398143
1975.833333	-0.227482
1975.916667	-0.416732
1976.000000	-0.405680
1976.083333	-0.198341
1976.166667	-0.118278
1976.250000	0.060050
1976.333333	0.144314
1976.416667	-0.509045
1976.500000	-0.650916
1976.583333	-0.599250
1976.666667	-0.478668
1976.750000	-0.146503
1976.833333	0.258963
1976.916667	0.063950
1977.000000	0.018601
1977.083333	-0.218414
1977.166667	-0.130447
1977.250000	-0.371327
1977.333333	-0.341441
1977.416667	0.047125
1977.500000	-0.067954
1977.583333	0.148563
1977.666667	-0.233834
1977.750000	-0.661784
1977.833333	-0.638681
1977.916667	-0.096185
1978.000000	-0.336756
1978.083333	-0.165160
1978.166667	-0.342855
1978.250000	-0.167391
1978.333333	-0.068184
1978.416667	-0.448325
1978.500000	-0.402892
1978.583333	-0.659355
1978.666667	-0.744101
1978.750000	-0.476699
1978.833333	-0.791915
1978.916667	-0.560067
1979.000000	-0.243333
1979.083333	-0.126701
1979.166667	-0.111480
1979.250000	-0.151276
1979.333333	-0.002362
1979.416667	0.101565
1979.500000	-0.030960
1979.583333	-0.185636
1979.666667	0.008932
1979.750000	0.112453
1979.833333	0.212347
1979.916667	-0.173155
1980.000000	-0.135877
1980.083333	-0.240091
1980.166667	-0.141988
1980.250000	0.080131
1980.333333	0.302343
1980.416667	-0.212783
1980.500000	0.282466
1980.583333	-0.080339
1980.666667	-0.150784
1980.750000	-0.023232
1980.833333	0.079048
1980.916667	0.153022
1981.000000	-0.099371
1981.083333	-0.128220
1981.166667	-0.076514
1981.250000	-0.014645
1981.333333	0.019105
1981.416667	-0.063211
1981.500000	-0.156431
1981.583333	-0.352432
1981.666667	-0.308537
1981.750000	-0.169903
1981.833333	-0.196844
1981.916667	0.007098
1982.000000	-0.031801
1982.083333	-0.303229
1982.166667	-0.445910
1982.250000	-0.363804
1982.333333	-0.202607
1982.416667	-0.376551
1982.500000	-0.334880
1982.583333	-0.372385
1982.666667	-0.358130
1982.750000	-0.179830
1982.833333	-0.516105
1982.916667	-0.577916
1983.000000	-0.490803
1983.083333	-0.827444
1983.166667	-0.890378
1983.250000	-0.741493
1983.333333	-0.361987
1983.416667	-0.094387
1983.500000	-0.348429
1983.583333	-0.437572
1983.666667	-0.556428
1983.750000	-0.680693
1983.833333	-0.324289
1983.916667	-0.290549
1984.000000	-0.357914
1984.083333	-0.552478
1984.166667	-0.329840
1984.250000	-0.208318
1984.333333	-0.106021
1984.416667	-0.359370
1984.500000	-0.498920
1984.583333	-0.686158
1984.666667	-0.502014
1984.750000	-0.444610
1984.833333	-0.580164
1984.916667	-0.703350
1985.000000	-0.441289
1985.083333	-0.522887
1985.166667	-0.539604
1985.250000	-0.299114
1985.333333	-0.004658
1985.416667	-0.218356
1985.500000	-0.469384
1985.583333	-0.432822
1985.666667	-0.459154
1985.750000	-0.616561
1985.833333	-0.225154
1985.916667	-0.010545
1986.000000	-0.080629
1986.083333	-0.216993
1986.166667	-0.049155
1986.250000	0.081580
1986.333333	-0.147630
1986.416667	-0.350684
1986.500000	-0.331720
1986.583333	-0.405661
1986.666667	-0.185643
1986.750000	-0.265170
1986.833333	-0.192212
1986.916667	-0.399270
1987.000000	-0.411691
1987.083333	-0.294093
1987.166667	-0.252011
1987.250000	-0.389397
1987.333333	-0.215937
1987.416667	-0.284496
1987.500000	-0.161300
1987.583333	0.028165
1987.666667	-0.213838
1987.750000	-0.225236
1987.833333	-0.104121
1987.916667	0.079069
1988.000000	-0.267256
1988.083333	-0.417387
1988.166667	-0.178367
1988.250000	-0.145806
1988.333333	0.159694
1988.416667	0.223014
1988.500000	0.294358
1988.583333	0.118265
1988.666667	0.092315
1988.750000	-0.190769
1988.833333	-0.177654
1988.916667	-0.161653
1989.000000	-0.512060
1989.083333	-0.948509
1989.166667	-0.812608
1989.250000	-0.295325
1989.333333	-0.071277
1989.416667	-0.466298
1989.500000	-0.457164
1989.583333	-0.384667
1989.666667	-0.279843
1989.750000	-0.248109
1989.833333	-0.223637
1989.916667	-0.111308
1990.000000	-0.130849
1990.083333	-0.393261
1990.166667	-0.554004
1990.250000	-0.368927
1990.333333	-0.379177
1990.416667	-0.409394
1990.500000	-0.411558
1990.583333	-0.462160
1990.666667	-0.439853
1990.750000	-0.236444
1990.833333	-0.115968
1990.916667	0.195206
1991.000000	0.126320
1991.083333	-0.042346
1991.166667	0.061962
1991.250000	0.260255
1991.333333	0.378817
1991.416667	-0.182560
1991.500000	-0.322403
1991.583333	-0.432463
1991.666667	-0.677442
1991.750000	-0.420517
1991.833333	-0.274086
1991.916667	-0.286276
1992.000000	-0.575940
1992.083333	-0.723106
1992.166667	-0.836527
1992.250000	-0.692191
1992.333333	-0.714266
1992.416667	-0.412718
1992.500000	-0.421627
1992.583333	-0.568944
1992.666667	-0.469054
1992.750000	-0.310941
1992.833333	-0.421596
1992.916667	-0.413327
1993.000000	-0.494138
1993.083333	-0.795145
1993.166667	-0.723463
1993.250000	-0.405328
1993.333333	-0.242169
1993.416667	-0.259179
1993.500000	-0.171767
1993.583333	-0.230765
1993.666667	-0.134214
1993.750000	-0.017039
1993.833333	-0.016527
1993.916667	-0.040762
1994.000000	0.014489
1994.083333	-0.416702
1994.166667	-0.419141
1994.250000	-0.055645
1994.333333	0.030678
1994.416667	-0.273047
1994.500000	-0.550476
1994.583333	-0.633312
1994.666667	-0.272810
1994.750000	0.070444
1994.833333	-0.195681
1994.916667	-0.588223
1995.000000	-0.524632
1995.083333	-0.524706
1995.166667	-0.294293
1995.250000	-0.234121
1995.333333	-0.310461
1995.416667	0.053230
1995.500000	0.029373
1995.583333	-0.087992
1995.666667	0.117349
1995.750000	-0.058418
1995.833333	-0.196654
1995.916667	-0.183215
1996.000000	-0.287221
1996.083333	-0.174663
1996.166667	-0.154195
1996.250000	-0.142973
1996.333333	0.298863
1996.416667	-0.078471
1996.500000	-0.092723
1996.583333	-0.206498
1996.666667	-0.023983
1996.750000	-0.215139
1996.833333	-0.654291
1996.916667	-0.304523
1997.000000	-0.173478
1997.083333	-0.482854
1997.166667	-0.630895
1997.250000	-0.677782
1997.333333	-0.409877
1997.416667	0.022581
1997.500000	0.144622
1997.583333	-0.314237
1997.666667	-0.177648
1997.750000	-0.187247
1997.833333	0.043922
1997.916667	0.117094
1998.000000	-0.214621
1998.083333	-0.419060
1998.166667	-0.527488
1998.250000	-0.038082
1998.333333	0.274880
1998.416667	0.352912
1998.500000	0.423008
1998.583333	0.562999
1998.666667	0.431362
1998.750000	0.178598
1998.833333	0.447236
1998.916667	0.461972
1999.000000	0.205984
1999.083333	0.218181
1999.166667	0.239109
1999.250000	0.209306
1999.333333	0.162073
1999.416667	-0.088659
1999.500000	-0.008488
1999.583333	0.040632
1999.666667	-0.030792
1999.750000	0.030625
1999.833333	0.160378
1999.916667	0.197861
2000.000000	-0.051988
2000.083333	-0.299443
2000.166667	-0.228768
2000.250000	0.260240
2000.333333	0.244937
2000.416667	-0.170497
2000.500000	-0.005518
2000.583333	0.040346
2000.666667	-0.051002
2000.750000	-0.114958
2000.833333	0.048321
2000.916667	-0.067375
2001.000000	-0.045532
2001.083333	-0.314573
2001.166667	-0.013402
2001.250000	0.099778
2001.333333	0.159327
2001.416667	0.034327
2001.500000	0.033093
2001.583333	0.074635
2001.666667	0.194774
2001.750000	0.137136
2001.833333	0.256012
2001.916667	0.294732
2002.000000	0.073659
2002.083333	-0.107790
2002.166667	-0.008162
2002.250000	-0.012384
2002.333333	-0.049648
2002.416667	-0.018991
2002.500000	0.178114
2002.583333	0.189035
2002.666667	0.143118
2002.750000	0.263938
2002.833333	0.222714
2002.916667	-0.035165
2003.000000	0.036244
2003.083333	-0.167731
2003.166667	-0.010592
2003.250000	0.151871
2003.333333	0.254162
2003.416667	-0.070496
2003.500000	0.211434
2003.583333	0.110790
2003.666667	0.173132
2003.750000	0.295265
2003.833333	0.207186
2003.916667	0.080894
2004.000000	-0.221937
2004.083333	-0.405381
2004.166667	-0.133217
2004.250000	0.059902
2004.333333	-0.019640
2004.416667	-0.362313
2004.500000	0.024926
2004.583333	-0.094400
2004.666667	0.086781
2004.750000	-0.016333
2004.833333	0.213687
2004.916667	0.148823
2005.000000	-0.070985
2005.083333	-0.240715
2005.166667	0.079787
2005.250000	0.039395
2005.333333	0.180853
2005.416667	0.149079
2005.500000	0.314945
2005.583333	0.377787
2005.666667	0.269341
2005.750000	0.084416
2005.833333	-0.056574
2005.916667	0.396110
2006.000000	0.183062
2006.083333	0.020135
2006.166667	0.267791
2006.250000	0.234287
2006.333333	0.257023
2006.416667	0.238059
2006.500000	0.198903
2006.583333	0.364366
2006.666667	0.488025
2006.750000	0.238548
2006.833333	0.098074
2006.916667	-0.056400
2007.000000	-0.262478
2007.083333	-0.176961
2007.166667	-0.081922
2007.250000	-0.021497
2007.333333	0.298613
2007.416667	0.382672
2007.500000	0.467209
2007.583333	0.253542
2007.666667	0.196616
2007.750000	0.147883
2007.833333	0.089250
2007.916667	0.009477
2008.000000	-0.334791
2008.083333	-0.407680
2008.166667	-0.046127
2008.250000	0.233509
2008.333333	0.252810
2008.416667	0.247291
2008.500000	0.299028
2008.583333	0.351112
2008.666667	0.460557
2008.750000	0.285850
2008.833333	0.278420
2008.916667	0.459202
2009.000000	0.161757
2009.083333	0.055521
2009.166667	0.006136
2009.250000	0.089305
2009.333333	0.034432
2009.416667	0.156254
2009.500000	0.266651
2009.583333	0.179613
2009.666667	0.198909
2009.750000	0.162943
2009.833333	0.046945
2009.916667	0.264839
2010.000000	0.362051
2010.083333	0.133408
2010.166667	0.381490
2010.250000	0.616392
2010.333333	0.660158
2010.416667	0.690247
2010.500000	0.278453
2010.583333	0.526220
2010.666667	0.545951
2010.750000	0.440424
2010.833333	0.394731
2010.916667	0.392959
2011.000000	0.332653
2011.083333	-0.029123
2011.166667	0.041827
2011.250000	0.081285
2011.333333	0.119939
2011.416667	0.258846
2011.500000	0.344096
2011.583333	0.367929
2011.666667	0.149587
2011.750000	0.025598
2011.833333	-0.277253
2011.916667	-0.297133
2012.000000	-0.216173
2012.083333	-0.357040
2012.166667	-0.254714
2012.250000	0.011719
2012.333333	0.263254
2012.416667	0.273669
2012.500000	0.476959
2012.583333	0.385224
2012.666667	0.455437
2012.750000	0.481958
2012.833333	0.589853
2012.916667	0.446446
2013.000000	0.090808
2013.083333	-0.032824
2013.166667	0.322804
2013.250000	0.360705
2013.333333	0.437223
2013.416667	0.213776
2013.500000	-0.126025
2013.583333	-0.216621
2013.666667	0.189443
2013.750000	-0.068296
2013.833333	0.009062
2013.916667	0.179632
2014.000000	-0.104452
2014.083333	-0.010811
2014.166667	-0.080532
2014.250000	0.011851
2014.333333	0.094787
2014.416667	-0.110847
2014.500000	0.164964
2014.583333	0.162539
2014.666667	0.214822
2014.750000	0.256292
2014.833333	-0.013438
2014.916667	0.201042
2015.000000	0.122765
2015.083333	0.087472
2015.166667	0.046779
2015.250000	0.011898
2015.333333	0.141361
2015.416667	-0.157574
2015.500000	-0.262886
2015.583333	0.028385
2015.666667	0.524163
2015.750000	0.714760
2015.833333	0.371247
2015.916667	0.203492
2016.000000	0.161716
2016.083333	-0.162006
2016.166667	0.258349
2016.250000	0.311696
2016.333333	0.411291
2016.416667	0.208751
2016.500000	0.251416
2016.583333	0.169684
2016.666667	-0.027664
2016.750000	-0.101476
2016.833333	0.178608
2016.916667	0.156810
2017.000000	0.137505
2017.083333	-0.216256
2017.166667	-0.108964
2017.250000	0.175809
2017.333333	0.315490
2017.416667	0.150761
2017.500000	0.328852
2017.583333	0.597755
2017.666667	0.572392
2017.750000	0.371381
2017.833333	0.201753
2017.916667	0.140401
2018.000000	-0.201001
2018.083333	-0.125531
2018.166667	0.433455
2018.250000	0.330643
2018.333333	0.386175
2018.416667	0.325745
2018.500000	-0.186515
2018.583333	-0.240466
2018.666667	0.053283
2018.750000	0.112428
2018.833333	0.168611
2018.916667	0.174243
2019.000000	-0.074015
2019.083333	-0.284456
2019.166667	-0.175471
2019.250000	0.060752
2019.333333	0.211562
2019.416667	0.517403
2019.500000	0.501370
2019.583333	0.491757
2019.666667	0.232083
2019.750000	0.451634
2019.833333	0.252730
2019.916667	0.024394
2020.000000	-0.153393
2020.083333	-0.483135
2020.166667	-0.158457
2020.250000	0.189788
2020.333333	0.465707
2020.416667	0.237781
2020.500000	0.316000
2020.583333	0.321152
2020.666667	0.480507
2020.750000	0.558361
2020.833333	0.420655
2020.916667	0.331562
2021.000000	0.394145
2021.083333	0.121788
2021.166667	0.109895
2021.250000	0.237995
2021.333333	0.626523
2021.416667	0.014966
2021.500000	0.265591
2021.583333	0.474085
2021.666667	0.419052
2021.750000	0.547842
2021.833333	0.718187
2021.916667	0.438529
2022.000000	0.242071
2022.083333	-0.083738
2022.166667	0.065900
2022.250000	0.462584
2022.333333	0.045834
2022.416667	0.103689
2022.500000	0.005551
2022.583333	0.349694
2022.666667	0.637523
2022.750000	0.603074
2022.833333	0.387135
2022.916667	0.473311
2023.000000	0.258700
