1856.000000	0.497000
1856.083333	0.649000
1856.166667	0.771000
1856.250000	0.972000
1856.333333	0.712000
1856.416667	0.631000
1856.500000	0.612000
1856.583333	0.526000
1856.666667	0.304000
1856.750000	0.063000
1856.833333	-0.395000
1856.916667	-0.553000
1857.000000	-1.194000
1857.083333	-1.430000
1857.166667	-1.349000
1857.250000	-1.518000
1857.333333	-1.155000
1857.416667	-0.689000
1857.500000	-0.663000
1857.583333	-0.600000
1857.666667	-0.206000
1857.750000	-0.339000
1857.833333	-0.591000
1857.916667	-0.561000
1858.000000	-0.382000
1858.083333	-0.606000
1858.166667	-0.372000
1858.250000	-0.116000
1858.333333	-0.379000
1858.416667	-0.574000
1858.500000	-0.619000
1858.583333	-0.524000
1858.666667	-0.347000
1858.750000	0.048000
1858.833333	0.171000
1858.916667	-0.586000
1859.000000	-0.666000
1859.083333	-0.967000
1859.166667	-0.970000
1859.250000	-0.986000
1859.333333	-0.561000
1859.416667	-0.231000
1859.500000	-0.436000
1859.583333	0.013000
1859.666667	0.184000
1859.750000	0.320000
1859.833333	-0.241000
1859.916667	-0.305000
1860.000000	-0.458000
1860.083333	-0.444000
1860.166667	0.063000
1860.250000	-0.064000
1860.333333	0.195000
1860.416667	0.442000
1860.500000	0.492000
1860.583333	0.659000
1860.666667	-0.049000
1860.750000	0.190000
1860.833333	-0.192000
1860.916667	-0.245000
1861.000000	-0.437000
1861.083333	-0.822000
1861.166667	-0.809000
1861.250000	-0.658000
1861.333333	-0.306000
1861.416667	-0.246000
1861.500000	-0.048000
1861.583333	-0.285000
1861.666667	-0.351000
1861.750000	0.063000
1861.833333	0.265000
1861.916667	-0.211000
1862.000000	-0.338000
1862.083333	-0.598000
1862.166667	-0.199000
1862.250000	-0.510000
1862.333333	-0.891000
1862.416667	-0.675000
1862.500000	-0.754000
1862.583333	-0.754000
1862.666667	-0.291000
1862.750000	-0.549000
1862.833333	-1.283000
1862.916667	-1.040000
1863.000000	-0.914000
1863.083333	-1.175000
1863.166667	-1.675000
1863.250000	-1.668000
1863.333333	-1.507000
1863.416667	-1.166000
1863.500000	-1.075000
1863.583333	-0.857000
1863.666667	-0.437000
1863.750000	-0.738000
1863.833333	-0.479000
1863.916667	-0.387000
1864.000000	-0.130000
1864.083333	-0.419000
1864.166667	-0.677000
1864.250000	-0.122000
1864.333333	-0.155000
1864.416667	0.162000
1864.500000	0.031000
1864.583333	-0.050000
1864.666667	-0.010000
1864.750000	0.093000
1864.833333	0.354000
1864.916667	0.208000
1865.000000	0.246000
1865.083333	-0.278000
1865.166667	-0.432000
1865.250000	-0.317000
1865.333333	-0.389000
1865.416667	-0.271000
1865.500000	-0.063000
1865.583333	0.136000
1865.666667	0.195000
1865.750000	0.054000
1865.833333	-0.276000
1865.916667	-0.437000
1866.000000	-0.646000
1866.083333	-0.308000
1866.166667	-0.095000
1866.250000	0.118000
1866.333333	0.228000
1866.416667	0.206000
1866.500000	-0.066000
1866.583333	0.316000
1866.666667	0.174000
1866.750000	0.100000
1866.833333	0.138000
1866.916667	-0.056000
1867.000000	0.295000
1867.083333	0.082000
1867.166667	-0.050000
1867.250000	0.153000
1867.333333	0.265000
1867.416667	0.034000
1867.500000	-0.174000
1867.583333	-0.093000
1867.666667	-0.515000
1867.750000	-0.238000
1867.833333	-0.378000
1867.916667	-0.345000
1868.000000	-0.450000
1868.083333	-0.599000
1868.166667	-0.866000
1868.250000	-0.860000
1868.333333	-0.745000
1868.416667	-0.768000
1868.500000	-0.709000
1868.583333	-0.234000
1868.666667	-0.232000
1868.750000	-0.478000
1868.833333	-0.314000
1868.916667	-0.881000
1869.000000	-1.211000
1869.083333	-0.820000
1869.166667	-0.570000
1869.250000	-0.138000
1869.333333	0.291000
1869.416667	0.960000
1869.500000	0.542000
1869.583333	-0.071000
1869.666667	-0.186000
1869.750000	-0.477000
1869.833333	-0.544000
1869.916667	-0.481000
1870.000000	-0.042000
1870.083333	0.740000
1870.166667	0.556000
1870.250000	0.344000
1870.333333	-0.108000
1870.416667	-0.271000
1870.500000	-0.367000
1870.583333	-0.167000
1870.666667	-0.179000
1870.750000	0.055000
1870.833333	-0.139000
1870.916667	0.035000
1871.000000	-0.122000
1871.083333	0.086000
1871.166667	0.403000
1871.250000	0.518000
1871.333333	0.499000
1871.416667	-0.065000
1871.500000	-0.262000
1871.583333	-0.138000
1871.666667	-0.259000
1871.750000	0.120000
1871.833333	-0.109000
1871.916667	-0.112000
1872.000000	-0.073000
1872.083333	-0.255000
1872.166667	-0.002000
1872.250000	0.254000
1872.333333	0.353000
1872.416667	0.037000
1872.500000	-0.477000
1872.583333	-0.375000
1872.666667	0.252000
1872.750000	-0.054000
1872.833333	-0.180000
1872.916667	-0.783000
1873.000000	-0.480000
1873.083333	-0.876000
1873.166667	-0.632000
1873.250000	-0.126000
1873.333333	-0.032000
1873.416667	-0.346000
1873.500000	-0.405000
1873.583333	-0.490000
1873.666667	-0.410000
1873.750000	-0.041000
1873.833333	0.331000
1873.916667	0.034000
1874.000000	-0.296000
1874.083333	-0.645000
1874.166667	-0.774000
1874.250000	-1.006000
1874.333333	-0.655000
1874.416667	-0.402000
1874.500000	-0.117000
1874.583333	-0.161000
1874.666667	-0.288000
1874.750000	-1.013000
1874.833333	-1.102000
1874.916667	-0.949000
1875.000000	-0.699000
1875.083333	-0.204000
1875.166667	-0.160000
1875.250000	0.185000
1875.333333	-0.027000
1875.416667	-0.179000
1875.500000	0.156000
1875.583333	-0.107000
1875.666667	-0.235000
1875.750000	-0.427000
1875.833333	-0.563000
1875.916667	-0.490000
1876.000000	-0.829000
1876.083333	-0.404000
1876.166667	-0.353000
1876.250000	-0.462000
1876.333333	-0.095000
1876.416667	0.206000
1876.500000	0.120000
1876.583333	-0.109000
1876.666667	0.215000
1876.750000	0.081000
1876.833333	0.397000
1876.916667	0.165000
1877.000000	0.375000
1877.083333	0.364000
1877.166667	0.901000
1877.250000	1.302000
1877.333333	1.549000
1877.416667	0.940000
1877.500000	1.020000
1877.583333	1.068000
1877.666667	1.311000
1877.750000	1.430000
1877.833333	1.533000
1877.916667	0.757000
1878.000000	-0.326000
1878.083333	-0.318000
1878.166667	0.025000
1878.250000	0.509000
1878.333333	0.495000
1878.416667	1.035000
1878.500000	0.629000
1878.583333	0.584000
1878.666667	0.291000
1878.750000	-0.361000
1878.833333	-0.228000
1878.916667	0.159000
1879.000000	0.304000
1879.083333	0.113000
1879.166667	0.306000
1879.250000	0.329000
1879.333333	0.574000
1879.416667	0.411000
1879.500000	-0.199000
1879.583333	-0.724000
1879.666667	-0.480000
1879.750000	-0.486000
1879.833333	-0.266000
1879.916667	-0.329000
1880.000000	-0.537000
1880.083333	-0.577000
1880.166667	-0.252000
1880.250000	-0.475000
1880.333333	-0.717000
1880.416667	-0.564000
1880.500000	-0.088000
1880.583333	-0.282000
1880.666667	0.217000
1880.750000	0.646000
1880.833333	0.117000
1880.916667	-0.197000
1881.000000	0.660000
1881.083333	0.435000
1881.166667	0.959000
1881.250000	1.454000
1881.333333	1.305000
1881.416667	1.516000
1881.500000	1.398000
1881.583333	1.031000
1881.666667	1.010000
1881.750000	0.469000
1881.833333	-0.508000
1881.916667	-0.607000
1882.000000	-0.826000
1882.083333	-0.456000
1882.166667	-0.539000
1882.250000	-0.551000
1882.333333	-0.177000
1882.416667	0.220000
1882.500000	0.679000
1882.583333	0.463000
1882.666667	0.165000
1882.750000	-0.127000
1882.833333	-0.136000
1882.916667	-0.068000
1883.000000	-0.156000
1883.083333	-0.180000
1883.166667	-0.013000
1883.250000	0.660000
1883.333333	0.536000
1883.416667	0.187000
1883.500000	-0.053000
1883.583333	0.516000
1883.666667	0.381000
1883.750000	0.011000
1883.833333	0.310000
1883.916667	0.216000
1884.000000	-0.234000
1884.083333	-0.594000
1884.166667	-1.063000
1884.250000	-0.582000
1884.333333	-0.032000
1884.416667	0.041000
1884.500000	0.594000
1884.583333	-0.105000
1884.666667	-0.377000
1884.750000	-0.174000
1884.833333	-0.293000
1884.916667	0.073000
1885.000000	0.242000
1885.083333	0.320000
1885.166667	-0.079000
1885.250000	-0.823000
1885.333333	-0.069000
1885.416667	0.354000
1885.500000	0.148000
1885.583333	0.448000
1885.666667	0.684000
1885.750000	1.032000
1885.833333	0.560000
1885.916667	0.869000
1886.000000	0.930000
1886.083333	0.551000
1886.166667	0.208000
1886.250000	0.167000
1886.333333	-0.275000
1886.416667	-0.073000
1886.500000	-0.145000
1886.583333	-0.299000
1886.666667	-0.406000
1886.750000	-0.003000
1886.833333	-0.183000
1886.916667	-0.059000
1887.000000	-0.174000
1887.083333	-0.440000
1887.166667	0.296000
1887.250000	0.343000
1887.333333	0.528000
1887.416667	0.445000
1887.500000	0.210000
1887.583333	-0.308000
1887.666667	0.162000
1887.750000	0.391000
1887.833333	0.230000
1887.916667	0.238000
1888.000000	0.337000
1888.083333	-0.037000
1888.166667	0.352000
1888.250000	0.479000
1888.333333	0.469000
1888.416667	0.502000
1888.500000	0.181000
1888.583333	0.215000
1888.666667	-0.238000
1888.750000	0.112000
1888.833333	-0.316000
1888.916667	-0.308000
1889.000000	-0.086000
1889.083333	0.009000
1889.166667	0.275000
1889.250000	0.377000
1889.333333	0.494000
1889.416667	0.004000
1889.500000	-0.500000
1889.583333	-0.820000
1889.666667	-0.407000
1889.750000	-0.294000
1889.833333	-0.679000
1889.916667	-0.540000
1890.000000	-0.993000
1890.083333	-0.954000
1890.166667	-0.705000
1890.250000	-0.756000
1890.333333	-0.442000
1890.416667	-0.755000
1890.500000	-0.890000
1890.583333	-0.736000
1890.666667	-0.843000
1890.750000	-0.727000
1890.833333	-1.246000
1890.916667	-0.943000
1891.000000	-0.522000
1891.083333	-0.891000
1891.166667	-0.039000
1891.250000	0.131000
1891.333333	0.518000
1891.416667	0.468000
1891.500000	0.319000
1891.583333	0.590000
1891.666667	0.568000
1891.750000	0.642000
1891.833333	0.289000
1891.916667	0.068000
1892.000000	0.190000
1892.083333	0.611000
1892.166667	0.482000
1892.250000	0.082000
1892.333333	0.150000
1892.416667	0.573000
1892.500000	0.569000
1892.583333	0.255000
1892.666667	0.279000
1892.750000	0.817000
1892.833333	0.643000
1892.916667	0.377000
1893.000000	0.226000
1893.083333	-0.452000
1893.166667	-0.654000
1893.250000	-0.778000
1893.333333	-0.490000
1893.416667	-0.008000
1893.500000	-0.034000
1893.583333	-0.219000
1893.666667	-0.332000
1893.750000	-0.234000
1893.833333	-0.266000
1893.916667	-0.739000
1894.000000	-0.869000
1894.083333	-0.901000
1894.166667	-0.747000
1894.250000	-0.550000
1894.333333	-0.369000
1894.416667	-0.159000
1894.500000	-0.703000
1894.583333	-0.712000
1894.666667	-0.580000
1894.750000	-0.488000
1894.833333	-0.615000
1894.916667	0.125000
1895.000000	0.928000
1895.083333	1.086000
1895.166667	0.489000
1895.250000	0.467000
1895.333333	-0.288000
1895.416667	-0.446000
1895.500000	-0.141000
1895.583333	-0.238000
1895.666667	-0.134000
1895.750000	0.131000
1895.833333	-0.033000
1895.916667	0.427000
1896.000000	-0.232000
1896.083333	-0.170000
1896.166667	-0.613000
1896.250000	-0.459000
1896.333333	-0.367000
1896.416667	-0.219000
1896.500000	-0.252000
1896.583333	-0.152000
1896.666667	0.599000
1896.750000	0.964000
1896.833333	0.679000
1896.916667	1.041000
1897.000000	0.977000
1897.083333	0.624000
1897.166667	0.175000
1897.250000	-0.044000
1897.333333	0.212000
1897.416667	0.400000
1897.500000	0.438000
1897.583333	0.061000
1897.666667	0.623000
1897.750000	0.312000
1897.833333	0.315000
1897.916667	0.027000
1898.000000	-0.595000
1898.083333	-0.521000
1898.166667	-0.803000
1898.250000	-0.924000
1898.333333	-0.728000
1898.416667	-0.858000
1898.500000	-0.918000
1898.583333	-0.865000
1898.666667	-0.468000
1898.750000	-0.195000
1898.833333	-0.584000
1898.916667	-0.688000
1899.000000	-0.831000
1899.083333	-0.675000
1899.166667	-0.917000
1899.250000	-0.801000
1899.333333	-0.345000
1899.416667	-0.696000
1899.500000	-0.640000
1899.583333	-0.002000
1899.666667	0.760000
1899.750000	1.509000
1899.833333	1.182000
1899.916667	0.948000
1900.000000	0.786000
1900.083333	0.566000
1900.166667	0.470000
1900.250000	0.634000
1900.333333	0.497000
1900.416667	0.289000
1900.500000	-0.047000
1900.583333	0.009000
1900.666667	0.048000
1900.750000	-0.017000
1900.833333	-0.117000
1900.916667	0.150000
1901.000000	0.284000
1901.083333	0.248000
1901.166667	0.256000
1901.250000	0.498000
1901.333333	-0.071000
1901.416667	0.484000
1901.500000	0.098000
1901.583333	0.073000
1901.666667	0.109000
1901.750000	0.285000
1901.833333	-0.153000
1901.916667	-0.210000
1902.000000	-0.211000
1902.083333	-0.031000
1902.166667	0.004000
1902.250000	0.260000
1902.333333	0.175000
1902.416667	0.435000
1902.500000	0.282000
1902.583333	0.629000
1902.666667	0.725000
1902.750000	0.811000
1902.833333	1.009000
1902.916667	1.359000
1903.000000	0.661000
1903.083333	0.372000
1903.166667	0.067000
1903.250000	0.256000
1903.333333	0.317000
1903.416667	-0.257000
1903.500000	-0.365000
1903.583333	-0.832000
1903.666667	-0.552000
1903.750000	-0.486000
1903.833333	-0.078000
1903.916667	-0.344000
1904.000000	-1.183000
1904.083333	-1.432000
1904.166667	-1.435000
1904.250000	-1.274000
1904.333333	-0.578000
1904.416667	-0.481000
1904.500000	-0.287000
1904.583333	0.386000
1904.666667	0.424000
1904.750000	0.511000
1904.833333	0.476000
1904.916667	0.429000
1905.000000	0.135000
1905.083333	-0.480000
1905.166667	-0.866000
1905.250000	-0.494000
1905.333333	0.127000
1905.416667	0.288000
1905.500000	-0.053000
1905.583333	0.952000
1905.666667	0.876000
1905.750000	0.891000
1905.833333	0.540000
1905.916667	0.031000
1906.000000	-0.253000
1906.083333	-0.758000
1906.166667	-1.110000
1906.250000	-0.995000
1906.333333	-0.905000
1906.416667	-0.287000
1906.500000	-0.298000
1906.583333	-0.636000
1906.666667	-0.100000
1906.750000	0.179000
1906.833333	0.277000
1906.916667	-0.019000
1907.000000	-0.293000
1907.083333	-0.826000
1907.166667	-1.139000
1907.250000	-1.721000
1907.333333	-0.854000
1907.416667	0.235000
1907.500000	0.351000
1907.583333	-0.459000
1907.666667	-0.569000
1907.750000	-0.680000
1907.833333	-0.779000
1907.916667	-0.065000
1908.000000	-0.540000
1908.083333	-0.522000
1908.166667	-0.745000
1908.250000	-0.746000
1908.333333	0.171000
1908.416667	0.554000
1908.500000	0.027000
1908.583333	0.402000
1908.666667	0.555000
1908.750000	0.341000
1908.833333	0.053000
1908.916667	-0.162000
1909.000000	-0.582000
1909.083333	-0.709000
1909.166667	-0.664000
1909.250000	-0.143000
1909.333333	0.404000
1909.416667	0.246000
1909.500000	0.163000
1909.583333	0.143000
1909.666667	-0.154000
1909.750000	0.138000
1909.833333	0.326000
1909.916667	0.030000
1910.000000	-0.868000
1910.083333	-0.918000
1910.166667	-1.182000
1910.250000	-1.106000
1910.333333	-0.666000
1910.416667	-0.993000
1910.500000	-0.245000
1910.583333	-0.233000
1910.666667	0.109000
1910.750000	-0.094000
1910.833333	0.257000
1910.916667	-0.043000
1911.000000	-1.357000
1911.083333	-1.806000
1911.166667	-1.789000
1911.250000	-1.135000
1911.333333	-1.020000
1911.416667	-0.937000
1911.500000	-0.546000
1911.583333	-0.566000
1911.666667	0.114000
1911.750000	0.275000
1911.833333	-0.881000
1911.916667	-0.684000
1912.000000	-0.672000
1912.083333	-1.102000
1912.166667	-1.100000
1912.250000	-1.092000
1912.333333	-0.756000
1912.416667	-0.259000
1912.500000	-0.650000
1912.583333	-0.665000
1912.666667	0.064000
1912.750000	0.015000
1912.833333	-0.168000
1912.916667	-0.915000
1913.000000	-1.078000
1913.083333	-1.190000
1913.166667	-1.274000
1913.250000	-0.467000
1913.333333	-0.246000
1913.416667	-0.687000
1913.500000	-0.723000
1913.583333	-0.842000
1913.666667	-0.469000
1913.750000	-0.297000
1913.833333	-0.352000
1913.916667	-0.772000
1914.000000	-0.411000
1914.083333	-0.616000
1914.166667	-0.593000
1914.250000	-0.053000
1914.333333	-0.206000
1914.416667	0.101000
1914.500000	-0.619000
1914.583333	-0.801000
1914.666667	-0.553000
1914.750000	-0.697000
1914.833333	-0.618000
1914.916667	-0.312000
1915.000000	-0.316000
1915.083333	0.037000
1915.166667	0.259000
1915.250000	0.013000
1915.333333	0.160000
1915.416667	0.658000
1915.500000	0.935000
1915.583333	0.477000
1915.666667	0.006000
1915.750000	-0.123000
1915.833333	0.054000
1915.916667	-0.461000
1916.000000	-0.646000
1916.083333	-0.932000
1916.166667	-1.001000
1916.250000	-0.843000
1916.333333	-0.028000
1916.416667	0.066000
1916.500000	0.002000
1916.583333	-0.310000
1916.666667	-0.441000
1916.750000	-0.626000
1916.833333	-1.104000
1916.916667	-0.774000
1917.000000	-0.499000
1917.083333	-0.215000
1917.166667	-0.523000
1917.250000	-0.598000
1917.333333	-0.630000
1917.416667	0.022000
1917.500000	-0.258000
1917.583333	-0.602000
1917.666667	-0.876000
1917.750000	-0.488000
1917.833333	0.030000
1917.916667	0.170000
1918.000000	0.329000
1918.083333	0.519000
1918.166667	0.375000
1918.250000	-0.226000
1918.333333	-0.345000
1918.416667	-0.316000
1918.500000	0.022000
1918.583333	-0.236000
1918.666667	0.248000
1918.750000	0.737000
1918.833333	0.475000
1918.916667	0.215000
1919.000000	0.315000
1919.083333	0.332000
1919.166667	-0.250000
1919.250000	-0.261000
1919.333333	-0.462000
1919.416667	-0.707000
1919.500000	-0.804000
1919.583333	-0.351000
1919.666667	0.273000
1919.750000	0.834000
1919.833333	0.746000
1919.916667	0.524000
1920.000000	-0.400000
1920.083333	-1.057000
1920.166667	-1.230000
1920.250000	-0.909000
1920.333333	-0.440000
1920.416667	-0.320000
1920.500000	0.325000
1920.583333	0.471000
1920.666667	-0.109000
1920.750000	-0.795000
1920.833333	-1.490000
1920.916667	-0.788000
1921.000000	-0.641000
1921.083333	-0.420000
1921.166667	-0.833000
1921.250000	-0.271000
1921.333333	-0.870000
1921.416667	-0.873000
1921.500000	-0.398000
1921.583333	-0.323000
1921.666667	0.121000
1921.750000	0.042000
1921.833333	-0.317000
1921.916667	-0.017000
1922.000000	0.485000
1922.083333	0.066000
1922.166667	0.192000
1922.250000	0.491000
1922.333333	0.462000
1922.416667	0.514000
1922.500000	0.618000
1922.583333	-0.166000
1922.666667	-0.192000
1922.750000	0.062000
1922.833333	0.091000
1922.916667	0.385000
1923.000000	-0.365000
1923.083333	-0.956000
1923.166667	-0.245000
1923.250000	-0.572000
1923.333333	-0.035000
1923.416667	0.111000
1923.500000	0.050000
1923.583333	-0.213000
1923.666667	0.379000
1923.750000	0.295000
1923.833333	-0.070000
1923.916667	0.481000
1924.000000	0.549000
1924.083333	0.166000
1924.166667	0.328000
1924.250000	-0.117000
1924.333333	-0.263000
1924.416667	0.242000
1924.500000	0.679000
1924.583333	0.039000
1924.666667	0.579000
1924.750000	0.359000
1924.833333	0.307000
1924.916667	-0.454000
1925.000000	-1.303000
1925.083333	-1.036000
1925.166667	-0.509000
1925.250000	0.178000
1925.333333	-0.198000
1925.416667	-0.736000
1925.500000	-0.756000
1925.583333	-0.515000
1925.666667	-0.255000
1925.750000	0.059000
1925.833333	-0.559000
1925.916667	-0.317000
1926.000000	-0.450000
1926.083333	0.464000
1926.166667	0.135000
1926.250000	-0.085000
1926.333333	0.356000
1926.416667	0.598000
1926.500000	0.522000
1926.583333	0.407000
1926.666667	-0.013000
1926.750000	0.575000
1926.833333	0.102000
1926.916667	0.517000
1927.000000	0.524000
1927.083333	-0.209000
1927.166667	-0.913000
1927.250000	-0.728000
1927.333333	0.506000
1927.416667	1.460000
1927.500000	0.262000
1927.583333	0.193000
1927.666667	0.555000
1927.750000	0.702000
1927.833333	0.306000
1927.916667	0.397000
1928.000000	0.392000
1928.083333	-0.475000
1928.166667	-1.039000
1928.250000	-0.544000
1928.333333	0.091000
1928.416667	0.691000
1928.500000	0.924000
1928.583333	0.552000
1928.666667	0.980000
1928.750000	1.123000
1928.833333	-0.116000
1928.916667	-0.343000
1929.000000	-0.155000
1929.083333	-0.011000
1929.166667	-0.445000
1929.250000	0.290000
1929.333333	0.670000
1929.416667	0.350000
1929.500000	0.187000
1929.583333	0.126000
1929.666667	0.137000
1929.750000	0.564000
1929.833333	0.249000
1929.916667	-0.185000
1930.000000	-0.758000
1930.083333	-0.917000
1930.166667	-0.279000
1930.250000	-0.337000
1930.333333	-0.660000
1930.416667	-0.842000
1930.500000	-0.622000
1930.583333	-0.456000
1930.666667	0.525000
1930.750000	0.966000
1930.833333	0.902000
1930.916667	0.698000
1931.000000	-0.116000
1931.083333	-0.198000
1931.166667	0.131000
1931.250000	0.332000
1931.333333	0.831000
1931.416667	1.147000
1931.500000	0.997000
1931.583333	0.430000
1931.666667	0.554000
1931.750000	0.148000
1931.833333	-0.550000
1931.916667	-1.081000
1932.000000	-1.944000
1932.083333	-1.377000
1932.166667	-0.239000
1932.250000	0.284000
1932.333333	-0.039000
1932.416667	0.033000
1932.500000	0.019000
1932.583333	0.393000
1932.666667	0.828000
1932.750000	1.196000
1932.833333	0.958000
1932.916667	0.331000
1933.000000	-0.230000
1933.083333	-0.535000
1933.166667	-0.720000
1933.250000	-0.114000
1933.333333	0.174000
1933.416667	-0.070000
1933.500000	-0.484000
1933.583333	0.461000
1933.666667	0.096000
1933.750000	0.513000
1933.833333	0.634000
1933.916667	0.073000
1934.000000	-0.393000
1934.083333	-1.030000
1934.166667	-0.789000
1934.250000	0.361000
1934.333333	0.849000
1934.416667	0.815000
1934.500000	0.011000
1934.583333	-0.089000
1934.666667	0.455000
1934.750000	0.492000
1934.833333	0.916000
1934.916667	0.418000
1935.000000	0.336000
1935.083333	-0.293000
1935.166667	-0.239000
1935.250000	-0.106000
1935.333333	0.811000
1935.416667	1.300000
1935.500000	0.846000
1935.583333	0.746000
1935.666667	0.868000
1935.750000	1.757000
1935.833333	0.363000
1935.916667	0.724000
1936.000000	1.282000
1936.083333	1.016000
1936.166667	-0.416000
1936.250000	0.769000
1936.333333	1.162000
1936.416667	0.973000
1936.500000	0.861000
1936.583333	0.693000
1936.666667	0.183000
1936.750000	0.277000
1936.833333	-0.066000
1936.916667	0.434000
1937.000000	-0.100000
1937.083333	0.021000
1937.166667	0.284000
1937.250000	0.218000
1937.333333	0.914000
1937.416667	1.313000
1937.500000	0.562000
1937.583333	0.401000
1937.666667	1.260000
1937.750000	0.763000
1937.833333	1.005000
1937.916667	1.424000
1938.000000	0.714000
1938.083333	0.199000
1938.166667	-0.472000
1938.250000	0.142000
1938.333333	0.530000
1938.416667	1.009000
1938.500000	1.877000
1938.583333	1.297000
1938.666667	1.294000
1938.750000	0.643000
1938.833333	-0.271000
1938.916667	-0.101000
1939.000000	-0.750000
1939.083333	-0.162000
1939.166667	0.050000
1939.250000	0.352000
1939.333333	0.471000
1939.416667	0.454000
1939.500000	0.581000
1939.583333	0.165000
1939.666667	-0.385000
1939.750000	0.342000
1939.833333	0.692000
1939.916667	0.714000
1940.000000	0.489000
1940.083333	0.301000
1940.166667	-0.401000
1940.250000	-0.055000
1940.333333	0.456000
1940.416667	0.487000
1940.500000	0.101000
1940.583333	0.107000
1940.666667	0.508000
1940.750000	0.452000
1940.833333	0.485000
1940.916667	0.622000
1941.000000	1.353000
1941.083333	1.413000
1941.166667	0.502000
1941.250000	0.752000
1941.333333	1.019000
1941.416667	0.903000
1941.500000	0.229000
1941.583333	0.261000
1941.666667	-0.390000
1941.750000	-0.003000
1941.833333	0.320000
1941.916667	0.641000
1942.000000	0.016000
1942.083333	0.404000
1942.166667	0.595000
1942.250000	0.758000
1942.333333	0.842000
1942.416667	0.761000
1942.500000	0.053000
1942.583333	-0.055000
1942.666667	0.315000
1942.750000	0.523000
1942.833333	0.639000
1942.916667	0.182000
1943.000000	-0.248000
1943.083333	0.039000
1943.166667	-0.161000
1943.250000	-0.441000
1943.333333	-0.385000
1943.416667	-0.228000
1943.500000	-0.376000
1943.583333	-0.387000
1943.666667	-0.422000
1943.750000	-0.414000
1943.833333	-0.263000
1943.916667	-0.008000
1944.000000	0.068000
1944.083333	0.168000
1944.166667	0.210000
1944.250000	-0.171000
1944.333333	0.182000
1944.416667	0.409000
1944.500000	0.472000
1944.583333	-0.065000
1944.666667	0.374000
1944.750000	0.322000
1944.833333	-0.146000
1944.916667	-0.348000
1945.000000	-0.583000
1945.083333	-0.431000
1945.166667	-0.451000
1945.250000	-0.400000
1945.333333	0.219000
1945.416667	0.176000
1945.500000	-0.317000
1945.583333	-0.554000
1945.666667	-0.335000
1945.750000	-0.863000
1945.833333	0.191000
1945.916667	0.528000
1946.000000	0.526000
1946.083333	-0.259000
1946.166667	-0.068000
1946.250000	-0.086000
1946.333333	0.057000
1946.416667	-0.027000
1946.500000	-0.257000
1946.583333	-0.065000
1946.666667	-0.310000
1946.750000	0.014000
1946.833333	0.087000
1946.916667	0.352000
1947.000000	0.847000
1947.083333	1.012000
1947.166667	0.787000
1947.250000	1.125000
1947.333333	0.555000
1947.416667	0.198000
1947.500000	0.485000
1947.583333	-0.024000
1947.666667	-0.756000
1947.750000	-0.089000
1947.833333	0.704000
1947.916667	0.307000
1948.000000	0.451000
1948.083333	0.308000
1948.166667	-0.170000
1948.250000	0.087000
1948.333333	0.441000
1948.416667	0.594000
1948.500000	0.181000
1948.583333	0.152000
1948.666667	-0.392000
1948.750000	-0.764000
1948.833333	-0.425000
1948.916667	0.074000
1949.000000	-0.327000
1949.083333	-0.674000
1949.166667	-0.684000
1949.250000	-0.417000
1949.333333	0.252000
1949.416667	0.777000
1949.500000	0.100000
1949.583333	-0.052000
1949.666667	-0.299000
1949.750000	-0.923000
1949.833333	-0.553000
1949.916667	-0.399000
1950.000000	-0.663000
1950.083333	-1.015000
1950.166667	-0.712000
1950.250000	-0.337000
1950.333333	-0.541000
1950.416667	-0.054000
1950.500000	-0.498000
1950.583333	0.195000
1950.666667	0.682000
1950.750000	0.484000
1950.833333	0.300000
1950.916667	0.370000
1951.000000	0.796000
1951.083333	-0.270000
1951.166667	0.317000
1951.250000	0.796000
1951.333333	0.895000
1951.416667	0.707000
1951.500000	0.389000
1951.583333	0.139000
1951.666667	0.909000
1951.750000	0.055000
1951.833333	-0.105000
1951.916667	0.343000
1952.000000	-0.163000
1952.083333	0.081000
1952.166667	-0.236000
1952.250000	0.307000
1952.333333	0.029000
1952.416667	0.238000
1952.500000	0.037000
1952.583333	0.377000
1952.666667	0.297000
1952.750000	0.368000
1952.833333	0.620000
1952.916667	0.536000
1953.000000	0.886000
1953.083333	0.734000
1953.166667	-0.241000
1953.250000	0.034000
1953.333333	0.690000
1953.416667	0.641000
1953.500000	0.165000
1953.583333	0.354000
1953.666667	0.611000
1953.750000	0.583000
1953.833333	0.477000
1953.916667	0.200000
1954.000000	0.261000
1954.083333	-0.040000
1954.166667	-0.171000
1954.250000	0.161000
1954.333333	0.789000
1954.416667	0.824000
1954.500000	0.893000
1954.583333	0.941000
1954.666667	0.624000
1954.750000	0.421000
1954.833333	0.866000
1954.916667	0.850000
1955.000000	0.913000
1955.083333	0.815000
1955.166667	0.529000
1955.250000	0.349000
1955.333333	0.360000
1955.416667	1.235000
1955.500000	0.682000
1955.583333	0.225000
1955.666667	0.206000
1955.750000	0.168000
1955.833333	0.448000
1955.916667	0.255000
1956.000000	0.137000
1956.083333	0.224000
1956.166667	0.242000
1956.250000	-0.042000
1956.333333	-0.447000
1956.416667	-0.351000
1956.500000	-0.066000
1956.583333	0.308000
1956.666667	0.266000
1956.750000	-0.319000
1956.833333	-0.921000
1956.916667	-0.011000
1957.000000	-0.543000
1957.083333	-0.332000
1957.166667	-0.380000
1957.250000	-0.564000
1957.333333	-0.813000
1957.416667	-0.405000
1957.500000	0.622000
1957.583333	0.927000
1957.666667	1.097000
1957.750000	0.383000
1957.833333	0.546000
1957.916667	-0.016000
1958.000000	-0.033000
1958.083333	-0.261000
1958.166667	0.531000
1958.250000	1.010000
1958.333333	1.045000
1958.416667	1.036000
1958.500000	0.213000
1958.583333	0.176000
1958.666667	-0.214000
1958.750000	-0.281000
1958.833333	-0.588000
1958.916667	-0.052000
1959.000000	0.143000
1959.083333	-0.289000
1959.166667	-1.161000
1959.250000	0.226000
1959.333333	0.232000
1959.416667	0.404000
1959.500000	-0.642000
1959.583333	-0.888000
1959.666667	-1.279000
1959.750000	-1.028000
1959.833333	-0.962000
1959.916667	0.004000
1960.000000	0.721000
1960.083333	0.856000
1960.166667	0.374000
1960.250000	0.591000
1960.333333	0.282000
1960.416667	0.300000
1960.500000	0.183000
1960.583333	0.619000
1960.666667	0.339000
1960.750000	0.020000
1960.833333	0.280000
1960.916667	0.356000
1961.000000	0.318000
1961.083333	-0.056000
1961.166667	-0.380000
1961.250000	-0.659000
1961.333333	0.088000
1961.416667	-0.029000
1961.500000	-0.163000
1961.583333	0.010000
1961.666667	-0.875000
1961.750000	-0.589000
1961.833333	-0.528000
1961.916667	-0.447000
1962.000000	-0.109000
1962.083333	0.319000
1962.166667	0.608000
1962.250000	0.426000
1962.333333	0.209000
1962.416667	0.730000
1962.500000	0.957000
1962.583333	0.792000
1962.666667	0.729000
1962.750000	0.631000
1962.833333	0.409000
1962.916667	0.418000
1963.000000	1.613000
1963.083333	1.769000
1963.166667	0.826000
1963.250000	0.824000
1963.333333	-0.145000
1963.416667	-0.503000
1963.500000	-0.266000
1963.583333	0.646000
1963.666667	0.656000
1963.750000	0.829000
1963.833333	0.463000
1963.916667	0.556000
1964.000000	-0.407000
1964.083333	-0.062000
1964.166667	0.075000
1964.250000	0.034000
1964.333333	-0.048000
1964.416667	0.637000
1964.500000	0.109000
1964.583333	-0.021000
1964.666667	0.204000
1964.750000	-0.200000
1964.833333	-0.310000
1964.916667	-1.283000
1965.000000	-1.132000
1965.083333	-0.754000
1965.166667	-0.270000
1965.250000	-0.835000
1965.333333	-0.281000
1965.416667	0.242000
1965.500000	0.245000
1965.583333	0.084000
1965.666667	0.640000
1965.750000	0.953000
1965.833333	1.087000
1965.916667	0.754000
1966.000000	0.747000
1966.083333	0.980000
1966.166667	0.265000
1966.250000	0.389000
1966.333333	0.390000
1966.416667	0.783000
1966.500000	0.549000
1966.583333	0.575000
1966.666667	0.386000
1966.750000	0.777000
1966.833333	0.673000
1966.916667	0.641000
1967.000000	0.176000
1967.083333	-0.258000
1967.166667	-0.575000
1967.250000	-1.541000
1967.333333	-0.868000
1967.416667	-0.903000
1967.500000	0.146000
1967.583333	-0.289000
1967.666667	-0.469000
1967.750000	0.192000
1967.833333	0.275000
1967.916667	-0.221000
1968.000000	-0.572000
1968.083333	-0.991000
1968.166667	-0.575000
1968.250000	-0.438000
1968.333333	-0.178000
1968.416667	-0.746000
1968.500000	-0.411000
1968.583333	-0.634000
1968.666667	-0.624000
1968.750000	0.175000
1968.833333	0.607000
1968.916667	0.888000
1969.000000	0.651000
1969.083333	0.713000
1969.166667	1.069000
1969.250000	0.707000
1969.333333	0.755000
1969.416667	0.657000
1969.500000	0.479000
1969.583333	0.455000
1969.666667	0.237000
1969.750000	0.608000
1969.833333	0.345000
1969.916667	0.404000
1970.000000	0.427000
1970.083333	0.400000
1970.166667	0.381000
1970.250000	0.760000
1970.333333	0.373000
1970.416667	0.633000
1970.500000	-0.017000
1970.583333	0.181000
1970.666667	0.034000
1970.750000	0.172000
1970.833333	0.336000
1970.916667	0.698000
1971.000000	0.000000
1971.083333	-0.049000
1971.166667	-0.373000
1971.250000	0.003000
1971.333333	0.430000
1971.416667	-0.569000
1971.500000	-0.957000
1971.583333	-0.374000
1971.666667	-0.341000
1971.750000	-0.559000
1971.833333	-0.070000
1971.916667	-0.199000
1972.000000	-0.476000
1972.083333	-1.107000
1972.166667	-1.320000
1972.250000	-0.817000
1972.333333	-0.997000
1972.416667	0.001000
1972.500000	-0.030000
1972.583333	0.041000
1972.666667	0.182000
1972.750000	1.239000
1972.833333	0.517000
1972.916667	0.085000
1973.000000	-1.207000
1973.083333	-0.605000
1973.166667	-0.294000
1973.250000	-0.121000
1973.333333	0.438000
1973.416667	-0.129000
1973.500000	-0.317000
1973.583333	-0.342000
1973.666667	-0.692000
1973.750000	-0.081000
1973.833333	-0.021000
1973.916667	-0.116000
1974.000000	0.067000
1974.083333	-0.602000
1974.166667	-0.150000
1974.250000	-0.828000
1974.333333	-0.717000
1974.416667	-0.079000
1974.500000	-0.025000
1974.583333	-0.017000
1974.666667	-0.262000
1974.750000	0.087000
1974.833333	0.424000
1974.916667	-0.021000
1975.000000	0.003000
1975.083333	-0.749000
1975.166667	0.090000
1975.250000	-0.383000
1975.333333	-0.345000
1975.416667	-0.254000
1975.500000	-0.026000
1975.583333	0.107000
1975.666667	-0.022000
1975.750000	-0.710000
1975.833333	-0.784000
1975.916667	-0.372000
1976.000000	-0.570000
1976.083333	-0.561000
1976.166667	-1.270000
1976.250000	-0.494000
1976.333333	-0.310000
1976.416667	-0.166000
1976.500000	-0.237000
1976.583333	-0.904000
1976.666667	-0.471000
1976.750000	-0.007000
1976.833333	-0.416000
1976.916667	-0.276000
1977.000000	-0.881000
1977.083333	-0.049000
1977.166667	0.889000
1977.250000	0.860000
1977.333333	0.487000
1977.416667	1.147000
1977.500000	0.734000
1977.583333	0.196000
1977.666667	-0.263000
1977.750000	0.468000
1977.833333	0.436000
1977.916667	0.294000
1978.000000	0.398000
1978.083333	0.240000
1978.166667	0.433000
1978.250000	-0.098000
1978.333333	-0.415000
1978.416667	-0.243000
1978.500000	-0.194000
1978.583333	-1.062000
1978.666667	-0.939000
1978.750000	-0.664000
1978.833333	-0.340000
1978.916667	-0.026000
1979.000000	0.397000
1979.083333	0.362000
1979.166667	-0.293000
1979.250000	0.129000
1979.333333	0.149000
1979.416667	0.450000
1979.500000	0.201000
1979.583333	-0.462000
1979.666667	0.447000
1979.750000	0.637000
1979.833333	0.629000
1979.916667	0.030000
1980.000000	-0.549000
1980.083333	-0.666000
1980.166667	-0.575000
1980.250000	0.134000
1980.333333	0.055000
1980.416667	0.235000
1980.500000	0.547000
1980.583333	0.230000
1980.666667	0.183000
1980.750000	0.058000
1980.833333	-0.130000
1980.916667	0.329000
1981.000000	0.435000
1981.083333	0.234000
1981.166667	-0.102000
1981.250000	0.123000
1981.333333	-0.047000
1981.416667	0.472000
1981.500000	0.430000
1981.583333	-0.162000
1981.666667	0.132000
1981.750000	0.034000
1981.833333	0.016298
1981.916667	0.659971
1982.000000	0.457721
1982.083333	-0.259886
1982.166667	-1.216275
1982.250000	-1.143568
1982.333333	-0.169272
1982.416667	0.449275
1982.500000	-0.087888
1982.583333	-0.786971
1982.666667	0.095115
1982.750000	0.029185
1982.833333	-1.014775
1982.916667	-1.100061
1983.000000	-1.346536
1983.083333	-1.553833
1983.166667	-2.029650
1983.250000	-1.787274
1983.333333	-0.547675
1983.416667	0.150142
1983.500000	-0.150426
1983.583333	-1.090315
1983.666667	-0.663538
1983.750000	-0.357596
1983.833333	-0.383689
1983.916667	0.399020
1984.000000	-0.469206
1984.083333	-0.695956
1984.166667	-0.429020
1984.250000	0.066913
1984.333333	-0.085282
1984.416667	-0.338702
1984.500000	-0.600264
1984.583333	-1.371232
1984.666667	-1.117569
1984.750000	-0.447501
1984.833333	-1.089266
1984.916667	-0.755632
1985.000000	-0.769010
1985.083333	-0.719171
1985.166667	-1.637813
1985.250000	-0.822288
1985.333333	0.261135
1985.416667	0.966966
1985.500000	-0.581998
1985.583333	-0.730125
1985.666667	0.042479
1985.750000	-0.229356
1985.833333	-0.224816
1985.916667	-0.039319
1986.000000	-0.570549
1986.083333	-0.650463
1986.166667	-0.873321
1986.250000	0.033452
1986.333333	0.593909
1986.416667	1.012542
1986.500000	0.445313
1986.583333	0.201087
1986.666667	0.709387
1986.750000	0.630121
1986.833333	0.168041
1986.916667	-0.414160
1987.000000	-0.647614
1987.083333	0.029133
1987.166667	-0.034325
1987.250000	-0.238109
1987.333333	1.027397
1987.416667	1.403178
1987.500000	1.162443
1987.583333	0.815185
1987.666667	0.608882
1987.750000	0.728168
1987.833333	0.066095
1987.916667	0.581626
1988.000000	-0.081566
1988.083333	-0.501152
1988.166667	-0.773547
1988.250000	-0.592410
1988.333333	0.153008
1988.416667	0.629147
1988.500000	0.461131
1988.583333	0.105149
1988.666667	-0.027180
1988.750000	0.019619
1988.833333	0.261824
1988.916667	0.367161
1989.000000	-0.963809
1989.083333	-1.175951
1989.166667	-1.101588
1989.250000	-1.108473
1989.333333	-0.113100
1989.416667	0.232287
1989.500000	0.411719
1989.583333	0.491573
1989.666667	0.428274
1989.750000	0.464280
1989.833333	0.359055
1989.916667	0.490436
1990.000000	-0.445684
1990.083333	-0.607893
1990.166667	-1.115947
1990.250000	-0.804613
1990.333333	0.023755
1990.416667	0.472110
1990.500000	0.129791
1990.583333	-0.396854
1990.666667	-0.005993
1990.750000	0.404677
1990.833333	0.421764
1990.916667	0.825687
1991.000000	0.338887
1991.083333	-0.118119
1991.166667	-0.946505
1991.250000	-1.019464
1991.333333	-1.041530
1991.416667	-1.074998
1991.500000	-0.879425
1991.583333	-1.427706
1991.666667	-0.962180
1991.750000	-0.466573
1991.833333	-0.304286
1991.916667	0.307811
1992.000000	-0.774547
1992.083333	-1.181945
1992.166667	-2.267347
1992.250000	-1.730434
1992.333333	-0.443100
1992.416667	0.162682
1992.500000	-0.882825
1992.583333	-0.595463
1992.666667	-0.017951
1992.750000	-0.505932
1992.833333	-0.493079
1992.916667	-0.140112
1993.000000	-0.837859
1993.083333	-0.849509
1993.166667	-0.816580
1993.250000	-0.529041
1993.333333	-0.185819
1993.416667	0.296249
1993.500000	0.365918
1993.583333	0.382518
1993.666667	0.705772
1993.750000	0.749116
1993.833333	0.260043
1993.916667	0.084535
1994.000000	0.230812
1994.083333	-0.005642
1994.166667	-0.538969
1994.250000	-0.120797
1994.333333	0.555635
1994.416667	0.949269
1994.500000	-0.210171
1994.583333	-0.665048
1994.666667	-0.114792
1994.750000	0.213629
1994.833333	0.387667
1994.916667	0.063538
1995.000000	-0.185620
1995.083333	-0.096485
1995.166667	-0.289536
1995.250000	-0.537771
1995.333333	0.063608
1995.416667	0.804433
1995.500000	0.019879
1995.583333	-0.612253
1995.666667	-0.205708
1995.750000	-0.139017
1995.833333	-0.052661
1995.916667	-0.270162
1996.000000	-0.550368
1996.083333	-0.307762
1996.166667	-0.389830
1996.250000	-0.185979
1996.333333	1.068067
1996.416667	1.029106
1996.500000	0.855919
1996.583333	0.195023
1996.666667	-0.137810
1996.750000	-0.491250
1996.833333	-0.618644
1996.916667	0.002926
1997.000000	-0.319210
1997.083333	-0.797253
1997.166667	-1.528923
1997.250000	-1.466101
1997.333333	-0.436983
1997.416667	0.779309
1997.500000	0.108832
1997.583333	-1.152476
1997.666667	-0.408414
1997.750000	0.205804
1997.833333	0.177408
1997.916667	0.159520
1998.000000	-0.352617
1998.083333	-0.081634
1998.166667	-0.660320
1998.250000	-0.258730
1998.333333	0.296951
1998.416667	0.742978
1998.500000	0.425830
1998.583333	0.606653
1998.666667	0.303484
1998.750000	0.471988
1998.833333	0.452043
1998.916667	0.853494
1999.000000	0.591013
1999.083333	0.176095
1999.166667	-0.102559
1999.250000	-0.025009
1999.333333	0.317414
1999.416667	1.042917
1999.500000	0.705897
1999.583333	0.243863
1999.666667	0.013994
1999.750000	0.287237
1999.833333	-0.028235
1999.916667	0.300590
2000.000000	-0.609465
2000.083333	-0.886195
2000.166667	-0.774745
2000.250000	0.244438
2000.333333	0.826926
2000.416667	0.978683
2000.500000	1.040371
2000.583333	0.738776
2000.666667	0.407040
2000.750000	0.384258
2000.833333	0.233589
2000.916667	0.118435
2001.000000	-0.134832
2001.083333	-0.798175
2001.166667	-0.018790
2001.250000	0.227254
2001.333333	0.420125
2001.416667	0.859566
2001.500000	0.693832
2001.583333	0.584971
2001.666667	0.614127
2001.750000	1.024739
2001.833333	0.883926
2001.916667	1.232953
2002.000000	0.784758
2002.083333	-0.143757
2002.166667	-0.077111
2002.250000	-0.042436
2002.333333	0.504945
2002.416667	0.659056
2002.500000	0.813728
2002.583333	0.246218
2002.666667	0.459104
2002.750000	1.298343
2002.833333	0.925924
2002.916667	0.408876
2003.000000	0.040908
2003.083333	-0.102785
2003.166667	-0.435198
2003.250000	-0.116462
2003.333333	0.644437
2003.416667	1.129024
2003.500000	0.530185
2003.583333	0.477763
2003.666667	0.424697
2003.750000	0.930927
2003.833333	0.400971
2003.916667	0.534899
2004.000000	-0.171474
2004.083333	-0.317558
2004.166667	-0.229603
2004.250000	-0.097536
2004.333333	0.215981
2004.416667	0.741682
2004.500000	0.643177
2004.583333	0.019119
2004.666667	0.079872
2004.750000	0.333412
2004.833333	0.613880
2004.916667	0.259019
2005.000000	-0.612064
2005.083333	-0.810578
2005.166667	-0.827638
2005.250000	-0.129099
2005.333333	0.637629
2005.416667	0.921629
2005.500000	0.761666
2005.583333	0.309763
2005.666667	0.432190
2005.750000	-0.001683
2005.833333	-0.092492
2005.916667	1.162417
2006.000000	0.323398
2006.083333	-0.131786
2006.166667	-0.261120
2006.250000	0.418070
2006.333333	1.292739
2006.416667	1.395963
2006.500000	0.750708
2006.583333	0.260170
2006.666667	0.228851
2006.750000	0.571032
2006.833333	0.409497
2006.916667	0.229176
2007.000000	-1.121367
2007.083333	-0.626152
2007.166667	-0.529687
2007.250000	-0.410395
2007.333333	0.735907
2007.416667	1.276194
2007.500000	0.495853
2007.583333	0.370904
2007.666667	0.562786
2007.750000	0.494976
2007.833333	0.403398
2007.916667	0.427836
2008.000000	-0.706220
2008.083333	-1.051370
2008.166667	-0.505695
2008.250000	0.013844
2008.333333	0.453647
2008.416667	0.609134
2008.500000	0.334544
2008.583333	0.100621
2008.666667	0.729231
2008.750000	0.371220
2008.833333	-0.185904
2008.916667	-0.135849
2009.000000	-0.882197
2009.083333	-0.860833
2009.166667	-0.969701
2009.250000	-0.772350
2009.333333	0.093988
2009.416667	1.040771
2009.500000	1.267710
2009.583333	0.457807
2009.666667	0.868638
2009.750000	0.875809
2009.833333	0.607130
2009.916667	1.156453
2010.000000	1.139810
2010.083333	1.218799
2010.166667	1.142199
2010.250000	1.296129
2010.333333	1.569854
2010.416667	1.405370
2010.500000	1.362358
2010.583333	1.355847
2010.666667	1.202027
2010.750000	1.128019
2010.833333	0.815092
2010.916667	1.619454
2011.000000	0.463888
2011.083333	-0.384611
2011.166667	-0.817237
2011.250000	-0.435892
2011.333333	0.704298
2011.416667	1.026061
2011.500000	0.730496
2011.583333	0.593582
2011.666667	0.577336
2011.750000	-0.004721
2011.833333	-0.696045
2011.916667	-0.277761
2012.000000	-0.897918
2012.083333	-1.360812
2012.166667	-1.928496
2012.250000	-1.106476
2012.333333	0.696953
2012.416667	0.846909
2012.500000	1.024668
2012.583333	0.448200
2012.666667	0.929203
2012.750000	1.258716
2012.833333	1.210759
2012.916667	1.058972
2013.000000	-0.109176
2013.083333	-0.392504
2013.166667	0.228547
2013.250000	0.501428
2013.333333	0.888087
2013.416667	0.731415
2013.500000	0.487259
2013.583333	-0.299117
2013.666667	0.184247
2013.750000	0.210791
2013.833333	-0.121176
2013.916667	-0.105995
2014.000000	-1.173379
2014.083333	-0.694429
2014.166667	-0.527112
2014.250000	0.212707
2014.333333	1.025406
2014.416667	0.794541
2014.500000	0.756046
2014.583333	-0.005015
2014.666667	0.401488
2014.750000	0.650859
2014.833333	-0.100942
2014.916667	0.577856
2015.000000	-0.065914
2015.083333	-0.057537
2015.166667	-0.188123
2015.250000	-0.051841
2015.333333	0.924033
2015.416667	1.336560
2015.500000	0.859512
2015.583333	0.813857
2015.666667	1.285376
2015.750000	1.296145
2015.833333	0.813881
2015.916667	0.658968
2016.000000	0.159495
2016.083333	-0.129208
2016.166667	0.337676
2016.250000	0.489716
2016.333333	1.258192
2016.416667	1.350504
2016.500000	0.849529
2016.583333	0.774732
2016.666667	0.839586
2016.750000	0.119178
2016.833333	0.187163
2016.916667	-0.185197
2017.000000	-0.473127
2017.083333	-0.941348
2017.166667	-0.717940
2017.250000	0.216166
2017.333333	0.993952
2017.416667	1.036287
2017.500000	0.925564
2017.583333	1.069844
2017.666667	0.718593
2017.750000	1.106181
2017.833333	0.918773
2017.916667	0.625981
2018.000000	-0.414237
2018.083333	-0.735238
2018.166667	0.505430
2018.250000	0.870737
2018.333333	0.763119
2018.416667	1.217260
2018.500000	0.354751
2018.583333	0.126636
2018.666667	0.733916
2018.750000	1.013500
2018.833333	0.284755
2018.916667	0.682520
2019.000000	0.137558
2019.083333	-0.103867
2019.166667	-0.504085
2019.250000	-0.082307
2019.333333	0.537693
2019.416667	1.587344
2019.500000	0.976058
2019.583333	0.343199
2019.666667	0.528761
2019.750000	0.865533
2019.833333	0.458402
2019.916667	0.094986
2020.000000	-0.634506
2020.083333	-0.578541
2020.166667	-0.417388
2020.250000	-0.029219
2020.333333	1.179537
2020.416667	1.476594
2020.500000	1.343727
2020.583333	0.693290
2020.666667	1.200542
2020.750000	1.088864
2020.833333	0.512796
2020.916667	0.839285
2021.000000	0.221415
2021.083333	0.356335
2021.166667	0.074185
2021.250000	0.366335
2021.333333	1.277826
2021.416667	1.167093
2021.500000	0.842739
2021.583333	0.679883
2021.666667	1.089437
2021.750000	0.722081
2021.833333	0.416016
2021.916667	0.826621
2022.000000	0.303512
2022.083333	-0.081094
2022.166667	-0.588038
2022.250000	-0.057164
2022.333333	0.277545
2022.416667	0.856553
2022.500000	0.440451
2022.583333	0.598033
2022.666667	0.848679
2022.750000	1.035259
2022.833333	0.988960
2022.916667	0.925945
2023.000000	0.066359
