1856.000000	0.120293
1856.083333	0.161157
1856.166667	0.285034
1856.250000	0.272558
1856.333333	0.194778
1856.416667	0.189396
1856.500000	0.382165
1856.583333	0.297026
1856.666667	0.451732
1856.750000	0.251156
1856.833333	-0.290054
1856.916667	-0.340370
1857.000000	-0.480327
1857.083333	-0.620375
1857.166667	-0.485669
1857.250000	-0.380260
1857.333333	-0.398916
1857.416667	-0.583351
1857.500000	-0.626746
1857.583333	-0.377309
1857.666667	-0.186681
1857.750000	-0.082427
1857.833333	-0.050085
1857.916667	0.164811
1858.000000	0.149387
1858.083333	-0.120807
1858.166667	-0.193860
1858.250000	-0.288643
1858.333333	-0.232958
1858.416667	-0.117939
1858.500000	-0.335746
1858.583333	0.195820
1858.666667	0.758324
1858.750000	0.785852
1858.833333	0.625126
1858.916667	0.387299
1859.000000	0.438508
1859.083333	-0.048026
1859.166667	-0.152942
1859.250000	-0.357314
1859.333333	-0.197697
1859.416667	-0.355729
1859.500000	-0.235282
1859.583333	-0.156750
1859.666667	0.017124
1859.750000	0.349691
1859.833333	0.307010
1859.916667	0.258894
1860.000000	0.124498
1860.083333	0.138475
1860.166667	-0.096796
1860.250000	-0.417827
1860.333333	-0.715976
1860.416667	-1.009554
1860.500000	-0.867104
1860.583333	-0.751972
1860.666667	-0.921249
1860.750000	-0.697489
1860.833333	-1.243473
1860.916667	-1.207357
1861.000000	-0.645996
1861.083333	-0.419564
1861.166667	-0.188868
1861.250000	-0.248316
1861.333333	-0.486731
1861.416667	-0.251192
1861.500000	-0.003710
1861.583333	-0.109265
1861.666667	0.156369
1861.750000	0.367347
1861.833333	0.277805
1861.916667	0.256063
1862.000000	0.118292
1862.083333	0.088118
1862.166667	0.320722
1862.250000	0.285032
1862.333333	0.398325
1862.416667	0.069636
1862.500000	0.416251
1862.583333	0.814052
1862.666667	0.991338
1862.750000	0.408940
1862.833333	0.035797
1862.916667	0.153478
1863.000000	0.609345
1863.083333	0.147841
1863.166667	-0.173043
1863.250000	0.028826
1863.333333	-0.044852
1863.416667	0.028307
1863.500000	0.293869
1863.583333	0.371369
1863.666667	0.462135
1863.750000	0.243157
1863.833333	0.458575
1863.916667	0.283363
1864.000000	0.024247
1864.083333	-0.234949
1864.166667	-0.181601
1864.250000	0.017787
1864.333333	0.079392
1864.416667	-0.140012
1864.500000	-0.152444
1864.583333	-0.067906
1864.666667	-0.162245
1864.750000	0.029315
1864.833333	-0.052771
1864.916667	-0.200274
1865.000000	-0.289811
1865.083333	-0.180411
1865.166667	0.118110
1865.250000	0.215995
1865.333333	0.354012
1865.416667	0.010823
1865.500000	-0.084003
1865.583333	-0.252329
1865.666667	-0.014862
1865.750000	0.004214
1865.833333	-0.066415
1865.916667	-0.432028
1866.000000	-0.309845
1866.083333	-0.427516
1866.166667	-0.542084
1866.250000	-0.231926
1866.333333	-0.411143
1866.416667	-0.207840
1866.500000	0.070036
1866.583333	0.124172
1866.666667	0.162363
1866.750000	0.138699
1866.833333	-0.240538
1866.916667	-0.436121
1867.000000	-0.262944
1867.083333	0.007072
1867.166667	0.065578
1867.250000	0.004176
1867.333333	-0.258997
1867.416667	-0.182579
1867.500000	-0.492927
1867.583333	-0.490201
1867.666667	-0.383287
1867.750000	0.015385
1867.833333	0.202022
1867.916667	0.197337
1868.000000	0.063457
1868.083333	-0.077036
1868.166667	-0.300674
1868.250000	-0.561588
1868.333333	-0.397917
1868.416667	-0.758841
1868.500000	-0.722855
1868.583333	-0.595853
1868.666667	-0.433026
1868.750000	-0.432814
1868.833333	-0.554165
1868.916667	-0.707860
1869.000000	-1.107135
1869.083333	-0.778660
1869.166667	-0.429262
1869.250000	-0.592939
1869.333333	-0.417712
1869.416667	-0.672473
1869.500000	-0.602819
1869.583333	-0.640383
1869.666667	-0.570722
1869.750000	-0.521127
1869.833333	-0.569495
1869.916667	-0.789832
1870.000000	-0.422677
1870.083333	-0.164108
1870.166667	0.121114
1870.250000	0.055436
1870.333333	-0.238137
1870.416667	-0.662818
1870.500000	-0.849040
1870.583333	-0.248638
1870.666667	-0.394866
1870.750000	-0.258758
1870.833333	-0.377339
1870.916667	-0.398860
1871.000000	-0.213133
1871.083333	-0.008517
1871.166667	-0.008350
1871.250000	-0.192624
1871.333333	-0.322570
1871.416667	-0.257535
1871.500000	-0.074712
1871.583333	-0.142275
1871.666667	-0.038178
1871.750000	0.100850
1871.833333	-0.104818
1871.916667	-0.309715
1872.000000	-0.502969
1872.083333	-0.834813
1872.166667	-0.705773
1872.250000	-0.333888
1872.333333	-0.000708
1872.416667	0.231273
1872.500000	-0.034705
1872.583333	0.049170
1872.666667	-0.257177
1872.750000	-0.421617
1872.833333	-0.890726
1872.916667	-0.915557
1873.000000	-0.724325
1873.083333	-0.771900
1873.166667	0.005346
1873.250000	-0.044337
1873.333333	-0.463129
1873.416667	-0.932555
1873.500000	-0.856530
1873.583333	-0.820012
1873.666667	-0.656830
1873.750000	-0.568415
1873.833333	-0.257793
1873.916667	-0.453456
1874.000000	-0.714524
1874.083333	-0.612650
1874.166667	-0.979654
1874.250000	-1.146077
1874.333333	-0.906040
1874.416667	-0.689809
1874.500000	-0.586019
1874.583333	-0.106721
1874.666667	-0.060803
1874.750000	-0.471481
1874.833333	-0.511375
1874.916667	-0.688438
1875.000000	-0.709513
1875.083333	-0.514057
1875.166667	-0.686840
1875.250000	-0.786701
1875.333333	-0.268008
1875.416667	-0.266717
1875.500000	-0.206442
1875.583333	-0.265237
1875.666667	-0.055015
1875.750000	-0.465389
1875.833333	-0.406122
1875.916667	-0.930803
1876.000000	-1.028480
1876.083333	-1.232511
1876.166667	-0.820977
1876.250000	-0.738733
1876.333333	-0.817750
1876.416667	-0.567766
1876.500000	-0.451008
1876.583333	-0.041493
1876.666667	0.017055
1876.750000	-0.034687
1876.833333	0.111425
1876.916667	0.216946
1877.000000	0.376628
1877.083333	0.264968
1877.166667	0.282182
1877.250000	0.225203
1877.333333	0.151057
1877.416667	0.024990
1877.500000	0.032708
1877.583333	-0.328995
1877.666667	-0.282854
1877.750000	0.083957
1877.833333	0.115811
1877.916667	-0.180908
1878.000000	-0.650528
1878.083333	-0.493462
1878.166667	-0.473265
1878.250000	-0.511458
1878.333333	-0.801545
1878.416667	-0.985837
1878.500000	-0.678355
1878.583333	-0.786233
1878.666667	-0.628713
1878.750000	-0.376914
1878.833333	-0.691201
1878.916667	-0.762383
1879.000000	-0.530087
1879.083333	-0.309631
1879.166667	0.195830
1879.250000	0.098650
1879.333333	-0.200807
1879.416667	-0.157645
1879.500000	-0.361033
1879.583333	0.181774
1879.666667	0.335249
1879.750000	0.450547
1879.833333	0.174772
1879.916667	-0.370633
1880.000000	-0.805423
1880.083333	-0.915407
1880.166667	-0.833604
1880.250000	-0.927396
1880.333333	-0.776097
1880.416667	-0.380653
1880.500000	-0.010839
1880.583333	-0.105539
1880.666667	-0.055654
1880.750000	0.147351
1880.833333	-0.363429
1880.916667	-0.061575
1881.000000	-0.226472
1881.083333	-0.391000
1881.166667	-0.076104
1881.250000	-0.014512
1881.333333	-0.461313
1881.416667	-0.515289
1881.500000	-0.224704
1881.583333	0.046964
1881.666667	-0.142836
1881.750000	-0.246315
1881.833333	-0.560334
1881.916667	-0.888048
1882.000000	-0.370203
1882.083333	-0.018563
1882.166667	-0.059375
1882.250000	-0.674520
1882.333333	-0.748610
1882.416667	-0.709651
1882.500000	-0.477972
1882.583333	-0.215348
1882.666667	-0.338121
1882.750000	-0.382024
1882.833333	-0.324142
1882.916667	-0.449733
1883.000000	-0.537821
1883.083333	-0.537696
1883.166667	-0.290567
1883.250000	-0.322245
1883.333333	-0.574275
1883.416667	-0.583025
1883.500000	-0.486042
1883.583333	-0.420315
1883.666667	-0.502513
1883.750000	-0.171502
1883.833333	0.155705
1883.916667	-0.179452
1884.000000	-0.077722
1884.083333	-0.117146
1884.166667	0.182369
1884.250000	-0.473975
1884.333333	-0.835963
1884.416667	-0.882443
1884.500000	-0.682646
1884.583333	-0.571033
1884.666667	-0.271794
1884.750000	-0.066463
1884.833333	0.051676
1884.916667	0.120472
1885.000000	-0.175772
1885.083333	-0.032658
1885.166667	-0.272330
1885.250000	-0.584389
1885.333333	-0.855963
1885.416667	-0.679575
1885.500000	-0.711623
1885.583333	-0.622210
1885.666667	-0.367246
1885.750000	-0.304151
1885.833333	-0.228863
1885.916667	0.083043
1886.000000	0.073525
1886.083333	-0.156283
1886.166667	-0.419568
1886.250000	-0.730366
1886.333333	-0.513118
1886.416667	-0.703249
1886.500000	-0.388077
1886.583333	-0.383319
1886.666667	-0.111397
1886.750000	-0.052633
1886.833333	-0.326019
1886.916667	-0.463018
1887.000000	-0.543312
1887.083333	-0.633411
1887.166667	-0.487481
1887.250000	-0.120372
1887.333333	-0.242148
1887.416667	-0.264851
1887.500000	-0.354121
1887.583333	-0.337377
1887.666667	-0.785607
1887.750000	-0.925449
1887.833333	-0.670903
1887.916667	-1.075523
1888.000000	-0.985187
1888.083333	-0.510191
1888.166667	-0.485432
1888.250000	-0.422813
1888.333333	-0.561462
1888.416667	-0.951029
1888.500000	-1.035664
1888.583333	-0.562436
1888.666667	-0.713499
1888.750000	-0.751514
1888.833333	-1.047307
1888.916667	-0.542004
1889.000000	-0.094982
1889.083333	-0.332203
1889.166667	-0.676971
1889.250000	-0.780009
1889.333333	-0.634877
1889.416667	-0.801355
1889.500000	-0.788781
1889.583333	-0.692397
1889.666667	-0.656829
1889.750000	-0.730814
1889.833333	-0.753969
1889.916667	-0.614488
1890.000000	-0.342435
1890.083333	-0.494683
1890.166667	-0.681507
1890.250000	-0.841628
1890.333333	-1.108256
1890.416667	-0.901866
1890.500000	-0.582011
1890.583333	-0.554074
1890.666667	-0.395700
1890.750000	-0.552620
1890.833333	-0.956237
1890.916667	-0.649292
1891.000000	-0.472668
1891.083333	-0.755068
1891.166667	-0.718194
1891.250000	-0.454791
1891.333333	-0.673024
1891.416667	-1.363426
1891.500000	-1.274882
1891.583333	-1.185070
1891.666667	-0.495144
1891.750000	-0.485478
1891.833333	-0.263974
1891.916667	0.016264
1892.000000	-0.533229
1892.083333	-0.491736
1892.166667	-0.485279
1892.250000	-0.998256
1892.333333	-0.645862
1892.416667	-0.730023
1892.500000	-0.589921
1892.583333	-0.309410
1892.666667	0.016159
1892.750000	-0.383704
1892.833333	-0.211182
1892.916667	-0.971515
1893.000000	-1.079242
1893.083333	-0.843543
1893.166667	-0.325010
1893.250000	-0.653038
1893.333333	-0.774861
1893.416667	-0.874707
1893.500000	-0.680470
1893.583333	-0.457924
1893.666667	-0.498361
1893.750000	-0.542039
1893.833333	-0.510806
1893.916667	-0.166095
1894.000000	-0.349384
1894.083333	-0.462342
1894.166667	-0.155518
1894.250000	-0.680516
1894.333333	-0.920195
1894.416667	-1.004664
1894.500000	-0.988855
1894.583333	-0.886273
1894.666667	-0.865409
1894.750000	-0.876575
1894.833333	-0.891312
1894.916667	-1.162874
1895.000000	-0.817381
1895.083333	-0.385440
1895.166667	-0.187710
1895.250000	-0.463877
1895.333333	-0.844843
1895.416667	-0.900058
1895.500000	-0.751090
1895.583333	-0.798251
1895.666667	-0.573537
1895.750000	-0.759240
1895.833333	-0.661389
1895.916667	-0.666728
1896.000000	-0.689461
1896.083333	-0.062635
1896.166667	-0.162316
1896.250000	-0.388457
1896.333333	-0.726818
1896.416667	-0.830465
1896.500000	-0.998412
1896.583333	-0.767812
1896.666667	-0.567415
1896.750000	-0.354469
1896.833333	-0.649265
1896.916667	-0.692521
1897.000000	-0.894154
1897.083333	-0.690051
1897.166667	-0.401994
1897.250000	-0.396839
1897.333333	-0.580055
1897.416667	-0.208866
1897.500000	-0.466440
1897.583333	-0.396078
1897.666667	-0.538821
1897.750000	-0.506255
1897.833333	-0.399553
1897.916667	-0.360010
1898.000000	-0.353893
1898.083333	-0.374099
1898.166667	-0.065592
1898.250000	-0.538762
1898.333333	-0.779304
1898.416667	-1.052618
1898.500000	-0.778029
1898.583333	-0.685555
1898.666667	-0.527844
1898.750000	-0.757756
1898.833333	-1.265978
1898.916667	-1.401619
1899.000000	-0.949093
1899.083333	-0.419187
1899.166667	-0.270068
1899.250000	-0.595499
1899.333333	-0.875851
1899.416667	-1.073847
1899.500000	-0.672815
1899.583333	-0.394858
1899.666667	-0.383222
1899.750000	-0.407891
1899.833333	-0.633808
1899.916667	-0.869006
1900.000000	-0.391166
1900.083333	-0.217093
1900.166667	-0.167165
1900.250000	-0.340901
1900.333333	-0.304036
1900.416667	0.163811
1900.500000	-0.297438
1900.583333	-0.332191
1900.666667	-0.133301
1900.750000	-0.399376
1900.833333	-0.921175
1900.916667	-0.958561
1901.000000	-0.524932
1901.083333	-0.762343
1901.166667	-0.579264
1901.250000	-0.491841
1901.333333	-0.197938
1901.416667	0.172035
1901.500000	-0.113802
1901.583333	-0.604555
1901.666667	-0.437285
1901.750000	-0.426508
1901.833333	-0.664751
1901.916667	-0.603467
1902.000000	0.049365
1902.083333	-0.185685
1902.166667	-0.981744
1902.250000	-0.364202
1902.333333	-0.530862
1902.416667	-0.876804
1902.500000	-0.822976
1902.583333	-1.011546
1902.666667	-1.221811
1902.750000	-1.479647
1902.833333	-1.312441
1902.916667	-1.365255
1903.000000	-1.165502
1903.083333	-1.160657
1903.166667	-0.978823
1903.250000	-0.717917
1903.333333	-0.906429
1903.416667	-0.767096
1903.500000	-0.831841
1903.583333	-0.609216
1903.666667	-0.517716
1903.750000	-0.800935
1903.833333	-0.464103
1903.916667	-0.838578
1904.000000	-0.450738
1904.083333	0.040804
1904.166667	-0.152502
1904.250000	0.008962
1904.333333	-0.208194
1904.416667	-0.007310
1904.500000	-0.426071
1904.583333	-0.471587
1904.666667	-0.424920
1904.750000	-0.854842
1904.833333	-0.337119
1904.916667	-0.665203
1905.000000	-0.766601
1905.083333	-1.574679
1905.166667	-1.068891
1905.250000	-0.701281
1905.333333	-0.994128
1905.416667	-1.386459
1905.500000	-1.043092
1905.583333	-0.601489
1905.666667	-0.341901
1905.750000	-0.677384
1905.833333	-0.635806
1905.916667	-0.129657
1906.000000	0.558816
1906.083333	-0.562850
1906.166667	-0.548080
1906.250000	-0.564808
1906.333333	-0.892487
1906.416667	-1.310485
1906.500000	-1.148074
1906.583333	-0.676280
1906.666667	-0.849431
1906.750000	-0.547261
1906.833333	-0.542745
1906.916667	-0.733372
1907.000000	-0.615783
1907.083333	-0.720516
1907.166667	0.007380
1907.250000	-0.111566
1907.333333	-0.606015
1907.416667	-0.948242
1907.500000	-1.059129
1907.583333	-0.471797
1907.666667	-0.301627
1907.750000	-0.806475
1907.833333	-0.615527
1907.916667	-1.104815
1908.000000	-1.404570
1908.083333	-1.345367
1908.166667	-0.747225
1908.250000	-0.994399
1908.333333	-0.537089
1908.416667	-0.535396
1908.500000	-0.601456
1908.583333	-0.495475
1908.666667	-0.295161
1908.750000	-0.798387
1908.833333	-0.989930
1908.916667	-0.498425
1909.000000	-0.808884
1909.083333	-1.339535
1909.166667	-0.992823
1909.250000	-0.454804
1909.333333	-0.575896
1909.416667	-0.631231
1909.500000	-0.799527
1909.583333	-0.489813
1909.666667	-0.421355
1909.750000	-0.001408
1909.833333	-0.245651
1909.916667	-1.112651
1910.000000	-0.931754
1910.083333	-1.216564
1910.166667	-1.310518
1910.250000	-1.238657
1910.333333	-1.164956
1910.416667	-0.851027
1910.500000	-1.029617
1910.583333	-0.897249
1910.666667	-0.514587
1910.750000	-0.422300
1910.833333	-0.531161
1910.916667	-0.171822
1911.000000	-0.814211
1911.083333	-1.362756
1911.166667	-1.409643
1911.250000	-1.000528
1911.333333	-0.925142
1911.416667	-0.660713
1911.500000	-0.335879
1911.583333	-0.702144
1911.666667	-0.403350
1911.750000	-0.977587
1911.833333	-0.595836
1911.916667	0.083796
1912.000000	0.277891
1912.083333	-1.048604
1912.166667	-0.735982
1912.250000	-1.422023
1912.333333	-1.167469
1912.416667	-0.803099
1912.500000	-1.152340
1912.583333	-1.249571
1912.666667	-1.165045
1912.750000	-0.845598
1912.833333	-1.047824
1912.916667	-0.439508
1913.000000	-0.523377
1913.083333	-0.307250
1913.166667	-0.539792
1913.250000	-0.343622
1913.333333	-0.424981
1913.416667	-0.988049
1913.500000	-0.669749
1913.583333	-0.847147
1913.666667	-0.456782
1913.750000	-0.654552
1913.833333	-0.194148
1913.916667	-0.184669
1914.000000	-0.078990
1914.083333	-0.134280
1914.166667	0.109919
1914.250000	0.083569
1914.333333	0.200621
1914.416667	-0.149800
1914.500000	-0.552063
1914.583333	-0.458184
1914.666667	-0.619316
1914.750000	-0.827686
1914.833333	-0.594025
1914.916667	-0.329651
1915.000000	-0.329895
1915.083333	-0.656424
1915.166667	-0.870866
1915.250000	-0.658137
1915.333333	-0.323040
1915.416667	-0.384528
1915.500000	-0.654921
1915.583333	-0.809949
1915.666667	-0.819762
1915.750000	-0.485173
1915.833333	-0.076539
1915.916667	-0.550599
1916.000000	-0.489696
1916.083333	-0.639864
1916.166667	-0.728117
1916.250000	-0.376531
1916.333333	-0.486622
1916.416667	-0.560271
1916.500000	-1.009954
1916.583333	-1.138916
1916.666667	-0.755386
1916.750000	-0.381527
1916.833333	-0.582086
1916.916667	-0.302674
1917.000000	-0.216221
1917.083333	-0.329371
1917.166667	-0.194653
1917.250000	0.007359
1917.333333	0.146974
1917.416667	0.412559
1917.500000	0.186490
1917.583333	0.143734
1917.666667	0.154127
1917.750000	-0.101643
1917.833333	-0.458626
1917.916667	-0.323397
1918.000000	-0.130493
1918.083333	-0.321024
1918.166667	-0.248537
1918.250000	-0.180710
1918.333333	-0.165623
1918.416667	-0.288868
1918.500000	-0.710571
1918.583333	-0.975962
1918.666667	-0.926713
1918.750000	-0.678038
1918.833333	-0.366300
1918.916667	-0.188237
1919.000000	-0.485313
1919.083333	-0.512898
1919.166667	-0.417430
1919.250000	-0.024667
1919.333333	0.290033
1919.416667	0.042328
1919.500000	0.015442
1919.583333	-0.062879
1919.666667	-0.466939
1919.750000	-0.961023
1919.833333	-0.995870
1919.916667	-1.046574
1920.000000	-0.824972
1920.083333	-0.805573
1920.166667	0.090251
1920.250000	0.785087
1920.333333	0.694965
1920.416667	-0.387005
1920.500000	-0.777698
1920.583333	-0.273384
1920.666667	-0.287121
1920.750000	-0.836454
1920.833333	-1.021261
1920.916667	-0.659627
1921.000000	-0.485058
1921.083333	0.134966
1921.166667	0.178554
1921.250000	-0.135584
1921.333333	-1.005242
1921.416667	-0.705651
1921.500000	-0.664964
1921.583333	-0.576516
1921.666667	-0.367632
1921.750000	-0.232143
1921.833333	-0.470442
1921.916667	-0.826707
1922.000000	-0.452300
1922.083333	-0.381926
1922.166667	-0.444876
1922.250000	-0.864624
1922.333333	-0.716297
1922.416667	-1.070045
1922.500000	-0.478214
1922.583333	0.025733
1922.666667	0.031638
1922.750000	-0.883781
1922.833333	-0.412879
1922.916667	-0.349784
1923.000000	-0.383425
1923.083333	-0.143491
1923.166667	-0.094216
1923.250000	-0.378999
1923.333333	-1.064913
1923.416667	-1.274846
1923.500000	-1.211580
1923.583333	-0.988411
1923.666667	-0.485426
1923.750000	-1.101251
1923.833333	-1.199327
1923.916667	-1.024258
1924.000000	-0.706510
1924.083333	-1.096872
1924.166667	-0.899810
1924.250000	-1.640314
1924.333333	-1.776521
1924.416667	-1.199811
1924.500000	-1.062241
1924.583333	-1.429019
1924.666667	-0.934654
1924.750000	-0.854580
1924.833333	-1.259370
1924.916667	-1.742561
1925.000000	-1.138274
1925.083333	-0.250268
1925.166667	0.256281
1925.250000	-0.556974
1925.333333	-1.011391
1925.416667	-1.742371
1925.500000	-1.486619
1925.583333	-0.997944
1925.666667	-1.162135
1925.750000	-1.244343
1925.833333	-0.706041
1925.916667	-0.827190
1926.000000	-0.500742
1926.083333	-0.436591
1926.166667	-0.306270
1926.250000	-0.678049
1926.333333	-0.839256
1926.416667	-0.961916
1926.500000	-1.371129
1926.583333	-0.925380
1926.666667	-0.792518
1926.750000	-1.130320
1926.833333	-1.366642
1926.916667	-0.646768
1927.000000	-0.379661
1927.083333	-0.597600
1927.166667	-0.260668
1927.250000	-0.540225
1927.333333	-0.668581
1927.416667	-0.718911
1927.500000	-0.757856
1927.583333	-0.592567
1927.666667	-0.715501
1927.750000	-0.662685
1927.833333	-0.977261
1927.916667	-0.850863
1928.000000	-1.311798
1928.083333	-1.343852
1928.166667	-1.072397
1928.250000	-1.191472
1928.333333	-0.936377
1928.416667	-0.768657
1928.500000	-0.365159
1928.583333	-0.592749
1928.666667	-0.069374
1928.750000	-0.015119
1928.833333	-0.524749
1928.916667	-0.535316
1929.000000	-0.628513
1929.083333	-0.697880
1929.166667	-1.479885
1929.250000	-0.492163
1929.333333	-0.308857
1929.416667	-0.699004
1929.500000	-0.456487
1929.583333	-0.901525
1929.666667	-0.935636
1929.750000	-0.850702
1929.833333	-0.544954
1929.916667	-1.121279
1930.000000	-0.800084
1930.083333	-0.457992
1930.166667	-0.872413
1930.250000	-0.590863
1930.333333	0.001747
1930.416667	-0.435799
1930.500000	-1.022598
1930.583333	-1.204515
1930.666667	-0.648436
1930.750000	-1.086376
1930.833333	-0.919843
1930.916667	-0.418585
1931.000000	-0.117769
1931.083333	0.332190
1931.166667	0.185131
1931.250000	-0.687461
1931.333333	-1.378080
1931.416667	-1.266271
1931.500000	-1.515261
1931.583333	-1.473536
1931.666667	-1.333999
1931.750000	-0.965151
1931.833333	-0.929120
1931.916667	-1.022707
1932.000000	-1.129305
1932.083333	-0.859552
1932.166667	-0.434941
1932.250000	-0.338793
1932.333333	-0.773937
1932.416667	-1.351493
1932.500000	-0.742293
1932.583333	-0.391866
1932.666667	-0.354745
1932.750000	-0.399156
1932.833333	0.249850
1932.916667	-0.042251
1933.000000	-0.048961
1933.083333	-0.472085
1933.166667	-0.603362
1933.250000	-0.369886
1933.333333	0.517354
1933.416667	0.100232
1933.500000	-0.412454
1933.583333	-0.298156
1933.666667	0.000222
1933.750000	-0.341692
1933.833333	-0.552448
1933.916667	-0.206702
1934.000000	-0.212735
1934.083333	-0.826286
1934.166667	-1.062713
1934.250000	-0.873605
1934.333333	-0.339900
1934.416667	0.318134
1934.500000	0.097314
1934.583333	-0.183211
1934.666667	0.398261
1934.750000	0.059027
1934.833333	0.192509
1934.916667	-0.189326
1935.000000	-0.768958
1935.083333	-0.778119
1935.166667	-0.977771
1935.250000	-0.911489
1935.333333	-0.647815
1935.416667	-0.089946
1935.500000	-0.245254
1935.583333	-0.177140
1935.666667	-0.318562
1935.750000	-0.291684
1935.833333	-0.732190
1935.916667	-0.329918
1936.000000	-0.737423
1936.083333	-1.056579
1936.166667	-0.884834
1936.250000	-0.234665
1936.333333	-0.435599
1936.416667	-0.412026
1936.500000	-0.303760
1936.583333	-0.611090
1936.666667	-0.480814
1936.750000	-0.918155
1936.833333	-0.136603
1936.916667	-0.011828
1937.000000	0.445867
1937.083333	0.752882
1937.166667	-0.303165
1937.250000	-0.584821
1937.333333	0.209035
1937.416667	-0.260823
1937.500000	-0.568895
1937.583333	-0.954622
1937.666667	-0.222805
1937.750000	-0.968547
1937.833333	-0.678983
1937.916667	-0.929283
1938.000000	-0.839364
1938.083333	-1.467216
1938.166667	-0.777445
1938.250000	-1.029828
1938.333333	-0.122316
1938.416667	0.222295
1938.500000	0.303722
1938.583333	0.534380
1938.666667	0.192099
1938.750000	-0.234970
1938.833333	-0.635412
1938.916667	-0.475601
1939.000000	-0.567732
1939.083333	-0.651765
1939.166667	-0.778649
1939.250000	-0.792941
1939.333333	-1.137477
1939.416667	-0.215750
1939.500000	0.438913
1939.583333	0.220773
1939.666667	0.159672
1939.750000	0.483949
1939.833333	0.088355
1939.916667	-0.282270
1940.000000	-0.540429
1940.083333	-0.058812
1940.166667	-0.191881
1940.250000	-0.220531
1940.333333	-0.199610
1940.416667	-0.481158
1940.500000	0.098220
1940.583333	-0.110143
1940.666667	0.159897
1940.750000	0.511940
1940.833333	0.367476
1940.916667	0.085634
1941.000000	0.041746
1941.083333	-0.335079
1941.166667	-0.557164
1941.250000	-0.303417
1941.333333	-0.346100
1941.416667	-0.037840
1941.500000	0.003639
1941.583333	-0.692958
1941.666667	-0.806230
1941.750000	-0.176376
1941.833333	-0.371269
1941.916667	-0.281545
1942.000000	-0.114798
1942.083333	0.240353
1942.166667	0.263307
1942.250000	0.228765
1942.333333	-0.156617
1942.416667	-0.069935
1942.500000	-0.532655
1942.583333	-0.802467
1942.666667	-0.249569
1942.750000	0.055004
1942.833333	0.026106
1942.916667	-0.031434
1943.000000	0.491519
1943.083333	0.323887
1943.166667	0.448262
1943.250000	-0.097932
1943.333333	-0.024190
1943.416667	-0.048253
1943.500000	-0.485489
1943.583333	-0.050265
1943.666667	0.592235
1943.750000	0.481419
1943.833333	0.406455
1943.916667	0.331134
1944.000000	0.001030
1944.083333	0.230743
1944.166667	0.329825
1944.250000	0.140502
1944.333333	0.158977
1944.416667	0.339668
1944.500000	0.127661
1944.583333	0.090146
1944.666667	0.468390
1944.750000	0.210996
1944.833333	0.148023
1944.916667	0.289471
1945.000000	0.533622
1945.083333	0.730900
1945.166667	0.296617
1945.250000	0.128507
1945.333333	0.147778
1945.416667	0.072945
1945.500000	-0.176396
1945.583333	-0.085111
1945.666667	0.090105
1945.750000	0.080838
1945.833333	0.467927
1945.916667	0.154287
1946.000000	-0.015419
1946.083333	-0.243831
1946.166667	-0.222990
1946.250000	-0.249453
1946.333333	-0.394695
1946.416667	-0.021376
1946.500000	0.075883
1946.583333	-0.098638
1946.666667	0.501052
1946.750000	0.339381
1946.833333	-0.178733
1946.916667	-0.281871
1947.000000	-0.758517
1947.083333	-0.754906
1947.166667	-0.313429
1947.250000	-0.149677
1947.333333	-0.699241
1947.416667	0.218675
1947.500000	-0.139887
1947.583333	-0.351573
1947.666667	-0.045831
1947.750000	0.203933
1947.833333	0.186335
1947.916667	-0.458336
1948.000000	-0.935024
1948.083333	-1.224422
1948.166667	-1.310476
1948.250000	-1.036927
1948.333333	-0.673082
1948.416667	-0.620258
1948.500000	-0.765178
1948.583333	-0.407924
1948.666667	-0.016761
1948.750000	-0.084705
1948.833333	-0.572117
1948.916667	0.001827
1949.000000	0.044551
1949.083333	-0.691324
1949.166667	-0.563423
1949.250000	-0.156761
1949.333333	-0.721076
1949.416667	-0.237650
1949.500000	0.255372
1949.583333	-0.004805
1949.666667	-0.334813
1949.750000	-0.616272
1949.833333	-0.615109
1949.916667	-1.050761
1950.000000	-1.313716
1950.083333	-0.696202
1950.166667	-0.228453
1950.250000	-0.468976
1950.333333	-0.497250
1950.416667	0.097559
1950.500000	0.089272
1950.583333	-0.622469
1950.666667	-0.725403
1950.750000	-0.727600
1950.833333	-0.693760
1950.916667	-0.777548
1951.000000	-0.572355
1951.083333	-0.723501
1951.166667	-1.784030
1951.250000	-0.447932
1951.333333	0.030589
1951.416667	0.303372
1951.500000	0.158258
1951.583333	0.312422
1951.666667	-0.009011
1951.750000	-0.588490
1951.833333	-0.884186
1951.916667	-0.056979
1952.000000	0.270587
1952.083333	0.311175
1952.166667	0.358837
1952.250000	0.013565
1952.333333	-0.000750
1952.416667	0.236700
1952.500000	0.017868
1952.583333	-0.059131
1952.666667	-0.765786
1952.750000	-0.386992
1952.833333	-0.174221
1952.916667	0.086576
1953.000000	0.378352
1953.083333	1.119509
1953.166667	0.417490
1953.250000	0.306264
1953.333333	0.211370
1953.416667	0.054638
1953.500000	-0.124133
1953.583333	-0.077962
1953.666667	-0.304304
1953.750000	-0.222284
1953.833333	0.099882
1953.916667	0.367600
1954.000000	0.058351
1954.083333	-0.407634
1954.166667	-0.660970
1954.250000	-0.645583
1954.333333	-0.581550
1954.416667	-0.386919
1954.500000	-0.144525
1954.583333	0.196741
1954.666667	0.310690
1954.750000	0.190823
1954.833333	0.554396
1954.916667	0.476129
1955.000000	0.173114
1955.083333	0.256631
1955.166667	0.295398
1955.250000	-0.201693
1955.333333	-0.137001
1955.416667	-0.131509
1955.500000	-0.425475
1955.583333	-0.721460
1955.666667	-0.353143
1955.750000	0.044928
1955.833333	0.370965
1955.916667	-0.378613
1956.000000	-0.709490
1956.083333	-0.680287
1956.166667	-0.230281
1956.250000	-0.317168
1956.333333	-0.781432
1956.416667	-0.134427
1956.500000	0.400347
1956.583333	0.329201
1956.666667	0.349674
1956.750000	0.733150
1956.833333	0.358552
1956.916667	0.673962
1957.000000	-0.094445
1957.083333	0.645105
1957.166667	0.864855
1957.250000	0.465676
1957.333333	0.972269
1957.416667	0.292931
1957.500000	-0.181328
1957.583333	-0.477486
1957.666667	-0.445891
1957.750000	-0.858776
1957.833333	-0.570294
1957.916667	-0.400285
1958.000000	-0.143851
1958.083333	-1.198142
1958.166667	-0.709857
1958.250000	-1.376409
1958.333333	-0.849920
1958.416667	-0.723117
1958.500000	0.032115
1958.583333	0.176978
1958.666667	-0.171985
1958.750000	-0.363730
1958.833333	-0.408526
1958.916667	-0.673636
1959.000000	-0.627260
1959.083333	-0.576475
1959.166667	-0.593850
1959.250000	-0.887125
1959.333333	-1.170937
1959.416667	-0.234887
1959.500000	-0.133242
1959.583333	0.044126
1959.666667	-0.207997
1959.750000	-0.377867
1959.833333	-0.394364
1959.916667	-0.423802
1960.000000	0.461673
1960.083333	0.681290
1960.166667	0.877838
1960.250000	0.520813
1960.333333	0.286498
1960.416667	0.145157
1960.500000	-0.222414
1960.583333	0.081845
1960.666667	-0.054329
1960.750000	-0.045795
1960.833333	0.064361
1960.916667	-0.103823
1961.000000	-0.750443
1961.083333	-0.425321
1961.166667	-0.547890
1961.250000	-0.294101
1961.333333	-0.491341
1961.416667	-0.871679
1961.500000	-0.394409
1961.583333	-0.369509
1961.666667	-0.299471
1961.750000	0.116198
1961.833333	0.191099
1961.916667	0.087471
1962.000000	-0.192366
1962.083333	-0.026880
1962.166667	0.607762
1962.250000	0.472370
1962.333333	0.753399
1962.416667	0.760154
1962.500000	0.944049
1962.583333	0.459686
1962.666667	0.657144
1962.750000	0.650003
1962.833333	0.817231
1962.916667	0.792709
1963.000000	-0.156297
1963.083333	0.294719
1963.166667	-0.066850
1963.250000	0.249368
1963.333333	0.490058
1963.416667	0.568939
1963.500000	-0.088138
1963.583333	0.342481
1963.666667	0.292446
1963.750000	0.252077
1963.833333	-0.149972
1963.916667	-0.030347
1964.000000	0.529449
1964.083333	0.268048
1964.166667	-0.402891
1964.250000	-0.330614
1964.333333	-0.035877
1964.416667	-0.055491
1964.500000	-0.431155
1964.583333	-0.202790
1964.666667	-0.146276
1964.750000	0.161569
1964.833333	-0.711757
1964.916667	-0.911632
1965.000000	-0.579085
1965.083333	0.188746
1965.166667	-0.426500
1965.250000	0.020241
1965.333333	-0.363413
1965.416667	-0.145982
1965.500000	-0.057825
1965.583333	0.147653
1965.666667	-0.118607
1965.750000	-0.216018
1965.833333	0.154850
1965.916667	-0.531540
1966.000000	-0.174499
1966.083333	-1.134031
1966.166667	-1.110136
1966.250000	0.257750
1966.333333	0.123386
1966.416667	0.240104
1966.500000	0.195165
1966.583333	0.040284
1966.666667	-0.100297
1966.750000	-0.146700
1966.833333	-0.457358
1966.916667	0.277265
1967.000000	0.836049
1967.083333	0.225689
1967.166667	-0.461094
1967.250000	-0.502818
1967.333333	0.053780
1967.416667	-0.412291
1967.500000	-0.411266
1967.583333	-0.445219
1967.666667	-0.250822
1967.750000	-0.200581
1967.833333	0.142600
1967.916667	-0.108664
1968.000000	-0.417526
1968.083333	-0.752826
1968.166667	-0.404674
1968.250000	-0.434475
1968.333333	-0.214566
1968.416667	-0.173433
1968.500000	0.345820
1968.583333	0.206730
1968.666667	0.130021
1968.750000	0.489961
1968.833333	1.129329
1968.916667	0.718064
1969.000000	-0.285155
1969.083333	-0.215001
1969.166667	0.075571
1969.250000	0.042331
1969.333333	0.183672
1969.416667	0.164394
1969.500000	0.044199
1969.583333	0.250771
1969.666667	0.105299
1969.750000	-0.405880
1969.833333	-0.211004
1969.916667	0.224248
1970.000000	0.582858
1970.083333	0.251694
1970.166667	-0.046612
1970.250000	-0.035433
1970.333333	-0.306513
1970.416667	0.073641
1970.500000	-0.142613
1970.583333	0.109401
1970.666667	0.280101
1970.750000	0.148307
1970.833333	0.270702
1970.916667	-0.157048
1971.000000	-0.471438
1971.083333	-1.391340
1971.166667	-0.633890
1971.250000	-0.538209
1971.333333	-0.448540
1971.416667	-0.244749
1971.500000	-0.312128
1971.583333	-0.286187
1971.666667	0.022237
1971.750000	0.185473
1971.833333	0.037058
1971.916667	0.025489
1972.000000	0.187497
1972.083333	-0.069404
1972.166667	-0.383709
1972.250000	0.264288
1972.333333	-0.025388
1972.416667	0.181206
1972.500000	-0.222115
1972.583333	-0.436153
1972.666667	-0.481765
1972.750000	-0.329647
1972.833333	0.049865
1972.916667	0.534796
1973.000000	-0.407826
1973.083333	-0.584461
1973.166667	0.214538
1973.250000	0.103678
1973.333333	-0.122597
1973.416667	0.158000
1973.500000	-0.011561
1973.583333	0.033544
1973.666667	0.143296
1973.750000	0.259006
1973.833333	0.224316
1973.916667	-0.095119
1974.000000	-0.238320
1974.083333	-0.704133
1974.166667	0.767548
1974.250000	0.941084
1974.333333	0.824218
1974.416667	-0.089588
1974.500000	-0.074312
1974.583333	0.074645
1974.666667	0.211662
1974.750000	-0.085361
1974.833333	-0.978954
1974.916667	-0.558742
1975.000000	-0.414247
1975.083333	0.387902
1975.166667	1.065900
1975.250000	0.804789
1975.333333	0.689645
1975.416667	0.491164
1975.500000	0.616416
1975.583333	0.099767
1975.666667	1.015494
1975.750000	0.555730
1975.833333	-0.134477
1975.916667	-1.186708
1976.000000	-0.578414
1976.083333	-0.415214
1976.166667	-0.579264
1976.250000	-0.485087
1976.333333	0.028201
1976.416667	-0.069045
1976.500000	-0.549986
1976.583333	-0.931265
1976.666667	-1.019810
1976.750000	-0.435651
1976.833333	-0.297859
1976.916667	-0.145038
1977.000000	0.346872
1977.083333	0.629180
1977.166667	0.065046
1977.250000	0.014080
1977.333333	-0.161885
1977.416667	0.032675
1977.500000	-0.289269
1977.583333	-0.289072
1977.666667	0.289632
1977.750000	-0.211583
1977.833333	-0.301824
1977.916667	-0.096752
1978.000000	0.186454
1978.083333	0.380988
1978.166667	0.503531
1978.250000	-0.083702
1978.333333	-0.857639
1978.416667	-0.854187
1978.500000	-1.124742
1978.583333	-0.620045
1978.666667	-0.132849
1978.750000	-0.339996
1978.833333	-0.633427
1978.916667	0.395540
1979.000000	0.784971
1979.083333	1.003468
1979.166667	0.820944
1979.250000	1.088934
1979.333333	0.415157
1979.416667	-0.062606
1979.500000	0.321515
1979.583333	0.180007
1979.666667	-0.140215
1979.750000	-0.536087
1979.833333	-0.808958
1979.916667	-0.168306
1980.000000	0.792442
1980.083333	0.714902
1980.166667	0.959194
1980.250000	-0.161078
1980.333333	0.590675
1980.416667	0.197665
1980.500000	-0.230915
1980.583333	0.087411
1980.666667	0.078529
1980.750000	0.409243
1980.833333	-0.333036
1980.916667	-0.081995
1981.000000	-0.582283
1981.083333	-0.236549
1981.166667	-0.665930
1981.250000	-0.053380
1981.333333	0.369146
1981.416667	0.076937
1981.500000	0.050541
1981.583333	0.461440
1981.666667	0.911915
1981.750000	0.287205
1981.833333	0.315486
1981.916667	-0.131054
1982.000000	0.431585
1982.083333	0.038208
1982.166667	0.681391
1982.250000	0.620490
1982.333333	0.787106
1982.416667	0.514571
1982.500000	0.156707
1982.583333	0.173229
1982.666667	0.460148
1982.750000	0.047564
1982.833333	-0.398998
1982.916667	-0.325632
1983.000000	0.774992
1983.083333	-0.007274
1983.166667	-0.410088
1983.250000	-0.201097
1983.333333	0.103843
1983.416667	-0.274140
1983.500000	-0.213724
1983.583333	0.172285
1983.666667	0.361784
1983.750000	0.141244
1983.833333	0.327488
1983.916667	1.005521
1984.000000	0.566120
1984.083333	0.169236
1984.166667	0.378289
1984.250000	0.295265
1984.333333	-0.582049
1984.416667	-0.930479
1984.500000	-0.754615
1984.583333	-0.602077
1984.666667	-0.017729
1984.750000	-0.190202
1984.833333	0.068241
1984.916667	-0.225307
1985.000000	0.258509
1985.083333	0.635078
1985.166667	-0.117224
1985.250000	-0.616324
1985.333333	-0.433622
1985.416667	-0.412749
1985.500000	0.035288
1985.583333	0.336216
1985.666667	0.648188
1985.750000	0.792505
1985.833333	0.752185
1985.916667	0.764640
1986.000000	0.599037
1986.083333	0.378858
1986.166667	-0.400555
1986.250000	-0.219187
1986.333333	-0.426920
1986.416667	-0.277570
1986.500000	0.181578
1986.583333	-0.066646
1986.666667	0.230671
1986.750000	-0.200853
1986.833333	-0.205431
1986.916667	-0.302785
1987.000000	-0.148413
1987.083333	0.271435
1987.166667	-0.005742
1987.250000	0.017176
1987.333333	-0.086702
1987.416667	0.117723
1987.500000	0.263814
1987.583333	0.431087
1987.666667	0.651688
1987.750000	0.330560
1987.833333	0.255727
1987.916667	0.227744
1988.000000	0.170888
1988.083333	-0.615662
1988.166667	0.215156
1988.250000	-0.340701
1988.333333	-0.242938
1988.416667	-0.514619
1988.500000	-0.182120
1988.583333	-0.216334
1988.666667	-0.112540
1988.750000	-0.350375
1988.833333	-0.525502
1988.916667	-0.452500
1989.000000	0.394486
1989.083333	0.058201
1989.166667	0.562955
1989.250000	0.546698
1989.333333	0.446509
1989.416667	0.053661
1989.500000	0.226381
1989.583333	0.666715
1989.666667	0.872049
1989.750000	0.611283
1989.833333	0.679276
1989.916667	0.947446
1990.000000	0.791699
1990.083333	0.872271
1990.166667	0.782262
1990.250000	0.369615
1990.333333	-0.226004
1990.416667	-0.248226
1990.500000	-0.094831
1990.583333	0.416799
1990.666667	0.140027
1990.750000	0.366744
1990.833333	0.352274
1990.916667	-0.431176
1991.000000	0.337200
1991.083333	0.473805
1991.166667	0.561054
1991.250000	0.449184
1991.333333	0.468206
1991.416667	-0.345587
1991.500000	-0.039776
1991.583333	0.035919
1991.666667	0.213588
1991.750000	-0.429132
1991.833333	-0.117908
1991.916667	-0.363706
1992.000000	-0.028736
1992.083333	0.557513
1992.166667	0.361447
1992.250000	0.385792
1992.333333	-0.087805
1992.416667	-0.319373
1992.500000	-0.226584
1992.583333	-0.011757
1992.666667	0.121653
1992.750000	-0.366572
1992.833333	-0.499647
1992.916667	0.096220
1993.000000	0.220203
1993.083333	0.073188
1993.166667	0.408892
1993.250000	0.418599
1993.333333	0.184416
1993.416667	-0.287974
1993.500000	0.215700
1993.583333	0.460575
1993.666667	0.447839
1993.750000	0.650248
1993.833333	0.709614
1993.916667	0.572665
1994.000000	0.341041
1994.083333	-0.136732
1994.166667	0.334931
1994.250000	0.205068
1994.333333	0.106139
1994.416667	-0.112451
1994.500000	0.021736
1994.583333	0.144947
1994.666667	0.095700
1994.750000	-0.317947
1994.833333	0.161353
1994.916667	0.925694
1995.000000	0.592746
1995.083333	0.003666
1995.166667	-0.139072
1995.250000	0.206079
1995.333333	0.168335
1995.416667	-0.200553
1995.500000	0.053846
1995.583333	-0.670289
1995.666667	-0.608666
1995.750000	-0.644778
1995.833333	0.109510
1995.916667	0.383925
1996.000000	0.370694
1996.083333	-0.275296
1996.166667	0.206939
1996.250000	0.051512
1996.333333	0.196787
1996.416667	0.314447
1996.500000	0.091224
1996.583333	0.322313
1996.666667	0.188391
1996.750000	0.425655
1996.833333	0.602423
1996.916667	0.313966
1997.000000	0.280621
1997.083333	-0.206469
1997.166667	-0.097385
1997.250000	0.501516
1997.333333	0.362233
1997.416667	0.680899
1997.500000	0.210005
1997.583333	0.311413
1997.666667	0.174710
1997.750000	0.232769
1997.833333	0.404584
1997.916667	-0.203944
1998.000000	-0.300522
1998.083333	-0.226168
1998.166667	0.373853
1998.250000	0.646148
1998.333333	0.870954
1998.416667	1.186288
1998.500000	1.534587
1998.583333	1.464439
1998.666667	0.893798
1998.750000	0.809099
1998.833333	0.599919
1998.916667	0.131763
1999.000000	-0.108656
1999.083333	-0.256338
1999.166667	0.422235
1999.250000	0.481883
1999.333333	0.779093
1999.416667	0.441134
1999.500000	0.366302
1999.583333	0.624277
1999.666667	0.508547
1999.750000	0.439126
1999.833333	1.259379
1999.916667	1.087885
2000.000000	1.071031
2000.083333	0.864409
2000.166667	0.842754
2000.250000	0.623910
2000.333333	0.605826
2000.416667	0.767036
2000.500000	0.290592
2000.583333	0.318686
2000.666667	-0.120958
2000.750000	-0.500143
2000.833333	-0.376359
2000.916667	-0.453633
2001.000000	-0.327772
2001.083333	-0.613315
2001.166667	0.015240
2001.250000	0.056063
2001.333333	-0.491816
2001.416667	-0.145363
2001.500000	-0.140004
2001.583333	0.715231
2001.666667	0.420158
2001.750000	0.408307
2001.833333	0.496156
2001.916667	0.480492
2002.000000	1.208986
2002.083333	0.686056
2002.166667	0.101615
2002.250000	0.244417
2002.333333	-0.285298
2002.416667	-0.377281
2002.500000	-0.119241
2002.583333	-0.318295
2002.666667	-0.408617
2002.750000	0.152959
2002.833333	-0.096891
2002.916667	0.576605
2003.000000	0.342349
2003.083333	-0.139418
2003.166667	0.133222
2003.250000	-0.070303
2003.333333	0.212916
2003.416667	0.202460
2003.500000	0.658523
2003.583333	0.567823
2003.666667	0.419683
2003.750000	0.406918
2003.833333	0.086960
2003.916667	-0.477774
2004.000000	0.460964
2004.083333	1.210553
2004.166667	1.266290
2004.250000	0.963643
2004.333333	0.175732
2004.416667	0.479473
2004.500000	0.369914
2004.583333	0.581487
2004.666667	0.680405
2004.750000	0.373969
2004.833333	0.757605
2004.916667	1.294107
2005.000000	1.321008
2005.083333	1.410967
2005.166667	0.584313
2005.250000	0.037481
2005.333333	0.098317
2005.416667	0.023102
2005.500000	0.201830
2005.583333	0.435255
2005.666667	0.457517
2005.750000	0.122627
2005.833333	0.313863
2005.916667	0.001682
2006.000000	-0.098520
2006.083333	0.066068
2006.166667	0.171234
2006.250000	0.566273
2006.333333	0.593532
2006.416667	0.612750
2006.500000	0.632853
2006.583333	0.617449
2006.666667	0.522883
2006.750000	0.489028
2006.833333	0.422865
2006.916667	1.011397
2007.000000	0.425983
2007.083333	0.358264
2007.166667	-0.049889
2007.250000	0.366701
2007.333333	0.506422
2007.416667	-0.020794
2007.500000	-0.311539
2007.583333	-0.309961
2007.666667	-0.052279
2007.750000	0.243385
2007.833333	-0.399700
2007.916667	-0.423513
2008.000000	-0.355701
2008.083333	0.527387
2008.166667	1.019663
2008.250000	0.040623
2008.333333	-0.034224
2008.416667	0.004277
2008.500000	0.333059
2008.583333	0.010045
2008.666667	-0.137327
2008.750000	0.086023
2008.833333	0.368233
2008.916667	1.123305
2009.000000	0.901517
2009.083333	0.596751
2009.166667	0.856794
2009.250000	0.616911
2009.333333	0.293020
2009.416667	0.162144
2009.500000	0.424110
2009.583333	0.178620
2009.666667	0.269210
2009.750000	-0.116763
2009.833333	-0.718706
2009.916667	-0.158461
2010.000000	0.282576
2010.083333	-0.233571
2010.166667	-0.487161
2010.250000	-0.004657
2010.333333	-0.014610
2010.416667	-0.003519
2010.500000	0.123608
2010.583333	0.142719
2010.666667	0.205884
2010.750000	0.336197
2010.833333	0.402926
2010.916667	0.013879
2011.000000	0.619431
2011.083333	0.370444
2011.166667	0.687862
2011.250000	0.441244
2011.333333	0.225225
2011.416667	0.240273
2011.500000	0.109512
2011.583333	0.161607
2011.666667	0.405256
2011.750000	0.186897
2011.833333	0.935605
2011.916667	1.055715
2012.000000	1.615895
2012.083333	1.052063
2012.166667	0.339062
2012.250000	0.163661
2012.333333	0.431390
2012.416667	0.228219
2012.500000	0.246651
2012.583333	0.273211
2012.666667	0.694216
2012.750000	0.658396
2012.833333	1.038022
2012.916667	0.513928
2013.000000	0.377160
2013.083333	0.656054
2013.166667	-0.242708
2013.250000	0.472538
2013.333333	0.727606
2013.416667	0.193573
2013.500000	0.415439
2013.583333	0.021112
2013.666667	-0.152142
2013.750000	0.207207
2013.833333	0.337989
2013.916667	0.060658
2014.000000	-0.098173
2014.083333	0.504235
2014.166667	0.541729
2014.250000	0.451123
2014.333333	0.597561
2014.416667	0.279073
2014.500000	0.433759
2014.583333	0.750429
2014.666667	0.954490
2014.750000	0.874704
2014.833333	0.783896
2014.916667	1.046234
2015.000000	0.778549
2015.083333	0.250568
2015.166667	0.501686
2015.250000	0.662465
2015.333333	0.722437
2015.416667	0.594800
2015.500000	0.525480
2015.583333	0.516027
2015.666667	0.434155
2015.750000	-0.079975
2015.833333	0.386215
2015.916667	0.187250
2016.000000	0.762572
2016.083333	0.701133
2016.166667	0.218220
2016.250000	0.053584
2016.333333	-0.521651
2016.416667	-0.395820
2016.500000	0.113642
2016.583333	0.567456
2016.666667	0.575161
2016.750000	0.276168
2016.833333	0.379814
2016.916667	0.550367
2017.000000	0.381340
2017.083333	0.714680
2017.166667	0.940629
2017.250000	1.399769
2017.333333	0.802611
2017.416667	0.473715
2017.500000	0.467797
2017.583333	0.937993
2017.666667	1.027750
2017.750000	0.992723
2017.833333	0.737591
2017.916667	0.016862
2018.000000	0.771018
2018.083333	0.810197
2018.166667	0.834739
2018.250000	0.880423
2018.333333	0.751472
2018.416667	0.413842
2018.500000	0.322747
2018.583333	0.728658
2018.666667	0.866351
2018.750000	0.622576
2018.833333	0.621588
2018.916667	1.030724
2019.000000	0.808997
2019.083333	0.776196
2019.166667	-0.038455
2019.250000	0.324756
2019.333333	-0.168434
2019.416667	0.645549
2019.500000	0.519429
2019.583333	0.310573
2019.666667	0.203273
2019.750000	-0.389630
2019.833333	0.521395
2019.916667	0.391595
2020.000000	0.617819
2020.083333	0.568426
2020.166667	0.725885
2020.250000	1.313917
2020.333333	0.955765
2020.416667	0.636714
2020.500000	0.629274
2020.583333	0.571941
2020.666667	0.300045
2020.750000	-0.627002
2020.833333	0.546943
2020.916667	0.361862
2021.000000	0.502666
2021.083333	0.644865
2021.166667	0.377807
2021.250000	1.276203
2021.333333	1.422294
2021.416667	0.929686
2021.500000	1.087540
2021.583333	0.828386
2021.666667	0.951480
2021.750000	0.824080
2021.833333	0.942291
2021.916667	1.041193
2022.000000	1.424766
2022.083333	0.893645
2022.166667	0.086692
2022.250000	0.011118
2022.333333	0.017509
2022.416667	-0.017460
2022.500000	0.110478
2022.583333	0.332412
2022.666667	0.379356
2022.750000	0.526424
2022.833333	0.883295
2022.916667	1.147196
2023.000000	1.618029
