1880.000000	0.407314
1880.083333	0.406871
1880.166667	0.406425
1880.250000	0.405977
1880.333333	0.405527
1880.416667	0.405074
1880.500000	0.404620
1880.583333	0.404163
1880.666667	0.381851
1880.750000	0.381445
1880.833333	0.381043
1880.916667	0.380645
1881.000000	0.380250
1881.083333	0.379859
1881.166667	0.379472
1881.250000	0.379089
1881.333333	0.378710
1881.416667	0.378335
1881.500000	0.377964
1881.583333	0.377597
1881.666667	0.370689
1881.750000	0.369997
1881.833333	0.369305
1881.916667	0.368612
1882.000000	0.367920
1882.083333	0.367227
1882.166667	0.366534
1882.250000	0.365841
1882.333333	0.365149
1882.416667	0.364457
1882.500000	0.363765
1882.583333	0.363074
1882.666667	0.344350
1882.750000	0.343687
1882.833333	0.343028
1882.916667	0.342373
1883.000000	0.341722
1883.083333	0.341077
1883.166667	0.340436
1883.250000	0.339799
1883.333333	0.339168
1883.416667	0.338542
1883.500000	0.337920
1883.583333	0.337304
1883.666667	0.310548
1883.750000	0.310580
1883.833333	0.310621
1883.916667	0.310670
1884.000000	0.310728
1884.083333	0.310794
1884.166667	0.310869
1884.250000	0.310952
1884.333333	0.311044
1884.416667	0.311144
1884.500000	0.311252
1884.583333	0.311369
1884.666667	0.314159
1884.750000	0.313915
1884.833333	0.313679
1884.916667	0.313451
1885.000000	0.313231
1885.083333	0.313020
1885.166667	0.312818
1885.250000	0.312623
1885.333333	0.312438
1885.416667	0.312260
1885.500000	0.312091
1885.583333	0.311931
1885.666667	0.384249
1885.750000	0.383585
1885.833333	0.382919
1885.916667	0.382251
1886.000000	0.381581
1886.083333	0.380908
1886.166667	0.380234
1886.250000	0.379558
1886.333333	0.378880
1886.416667	0.378200
1886.500000	0.377518
1886.583333	0.376836
1886.666667	0.377919
1886.750000	0.377553
1886.833333	0.377191
1886.916667	0.376834
1887.000000	0.376481
1887.083333	0.376132
1887.166667	0.375789
1887.250000	0.375450
1887.333333	0.375116
1887.416667	0.374786
1887.500000	0.374462
1887.583333	0.374142
1887.666667	0.395155
1887.750000	0.394480
1887.833333	0.393800
1887.916667	0.393116
1888.000000	0.392428
1888.083333	0.391736
1888.166667	0.391040
1888.250000	0.390341
1888.333333	0.389638
1888.416667	0.388932
1888.500000	0.388223
1888.583333	0.387511
1888.666667	0.408528
1888.750000	0.408039
1888.833333	0.407543
1888.916667	0.407039
1889.000000	0.406527
1889.083333	0.406006
1889.166667	0.405478
1889.250000	0.404942
1889.333333	0.404398
1889.416667	0.403846
1889.500000	0.403286
1889.583333	0.402718
1889.666667	0.351886
1889.750000	0.351182
1889.833333	0.350481
1889.916667	0.349783
1890.000000	0.349089
1890.083333	0.348398
1890.166667	0.347711
1890.250000	0.347027
1890.333333	0.346347
1890.416667	0.345672
1890.500000	0.345000
1890.583333	0.344332
1890.666667	0.424706
1890.750000	0.424712
1890.833333	0.424717
1890.916667	0.424721
1891.000000	0.424725
1891.083333	0.424729
1891.166667	0.424732
1891.250000	0.424734
1891.333333	0.424737
1891.416667	0.424738
1891.500000	0.424740
1891.583333	0.424741
1891.666667	0.359810
1891.750000	0.361010
1891.833333	0.362201
1891.916667	0.363383
1892.000000	0.364556
1892.083333	0.365719
1892.166667	0.366873
1892.250000	0.368018
1892.333333	0.369153
1892.416667	0.370278
1892.500000	0.371393
1892.583333	0.372498
1892.666667	0.312301
1892.750000	0.312130
1892.833333	0.311968
1892.916667	0.311814
1893.000000	0.311668
1893.083333	0.311531
1893.166667	0.311403
1893.250000	0.311283
1893.333333	0.311171
1893.416667	0.311068
1893.500000	0.310974
1893.583333	0.310888
1893.666667	0.368875
1893.750000	0.368671
1893.833333	0.368473
1893.916667	0.368281
1894.000000	0.368095
1894.083333	0.367915
1894.166667	0.367741
1894.250000	0.367574
1894.333333	0.367412
1894.416667	0.367257
1894.500000	0.367108
1894.583333	0.366966
1894.666667	0.058102
1894.750000	0.060439
1894.833333	0.062773
1894.916667	0.065104
1895.000000	0.067430
1895.083333	0.069753
1895.166667	0.072072
1895.250000	0.074387
1895.333333	0.076697
1895.416667	0.079003
1895.500000	0.081304
1895.583333	0.083601
1895.666667	0.350622
1895.750000	0.350704
1895.833333	0.350779
1895.916667	0.350846
1896.000000	0.350905
1896.083333	0.350956
1896.166667	0.351000
1896.250000	0.351037
1896.333333	0.351065
1896.416667	0.351086
1896.500000	0.351100
1896.583333	0.351106
1896.666667	0.424723
1896.750000	0.424727
1896.833333	0.424730
1896.916667	0.424733
1897.000000	0.424735
1897.083333	0.424737
1897.166667	0.424739
1897.250000	0.424740
1897.333333	0.424741
1897.416667	0.424741
1897.500000	0.424741
1897.583333	0.424741
1897.666667	0.424017
1897.750000	0.423976
1897.833333	0.423933
1897.916667	0.423888
1898.000000	0.423842
1898.083333	0.423794
1898.166667	0.423744
1898.250000	0.423691
1898.333333	0.423637
1898.416667	0.423581
1898.500000	0.423523
1898.583333	0.423462
1898.666667	0.350102
1898.750000	0.350223
1898.833333	0.350335
1898.916667	0.350440
1899.000000	0.350538
1899.083333	0.350627
1899.166667	0.350709
1899.250000	0.350783
1899.333333	0.350849
1899.416667	0.350908
1899.500000	0.350959
1899.583333	0.351003
1899.666667	-0.130636
1899.750000	-0.130478
1899.833333	-0.130307
1899.916667	-0.130124
1900.000000	-0.129928
1900.083333	-0.129719
1900.166667	-0.129497
1900.250000	-0.129263
1900.333333	-0.129016
1900.416667	-0.128756
1900.500000	-0.128483
1900.583333	-0.128198
1900.666667	0.424732
1900.750000	0.424729
1900.833333	0.424725
1900.916667	0.424721
1901.000000	0.424717
1901.083333	0.424712
1901.166667	0.424706
1901.250000	0.424700
1901.333333	0.424694
1901.416667	0.424687
1901.500000	0.424679
1901.583333	0.424671
1901.666667	-0.052968
1901.750000	-0.051564
1901.833333	-0.050148
1901.916667	-0.048721
1902.000000	-0.047282
1902.083333	-0.045832
1902.166667	-0.044370
1902.250000	-0.042898
1902.333333	-0.041414
1902.416667	-0.039919
1902.500000	-0.038413
1902.583333	-0.036896
1902.666667	-0.037160
1902.750000	-0.038578
1902.833333	-0.039987
1902.916667	-0.041387
1903.000000	-0.042778
1903.083333	-0.044161
1903.166667	-0.045534
1903.250000	-0.046899
1903.333333	-0.048254
1903.416667	-0.049600
1903.500000	-0.050937
1903.583333	-0.052265
1903.666667	-0.012361
1903.750000	-0.013911
1903.833333	-0.015453
1903.916667	-0.016988
1904.000000	-0.018516
1904.083333	-0.020037
1904.166667	-0.021549
1904.250000	-0.023054
1904.333333	-0.024551
1904.416667	-0.026040
1904.500000	-0.027522
1904.583333	-0.028995
1904.666667	-0.004739
1904.750000	-0.006323
1904.833333	-0.007900
1904.916667	-0.009471
1905.000000	-0.011034
1905.083333	-0.012590
1905.166667	-0.014139
1905.250000	-0.015680
1905.333333	-0.017214
1905.416667	-0.018741
1905.500000	-0.020260
1905.583333	-0.021772
1905.666667	-0.327606
1905.750000	-0.327519
1905.833333	-0.327423
1905.916667	-0.327319
1906.000000	-0.327206
1906.083333	-0.327084
1906.166667	-0.326953
1906.250000	-0.326813
1906.333333	-0.326664
1906.416667	-0.326507
1906.500000	-0.326340
1906.583333	-0.326165
1906.666667	0.288441
1906.750000	0.289566
1906.833333	0.290679
1906.916667	0.291781
1907.000000	0.292872
1907.083333	0.293951
1907.166667	0.295018
1907.250000	0.296073
1907.333333	0.297117
1907.416667	0.298150
1907.500000	0.299171
1907.583333	0.300181
1907.666667	-0.130688
1907.750000	-0.130534
1907.833333	-0.130368
1907.916667	-0.130189
1908.000000	-0.129997
1908.083333	-0.129793
1908.166667	-0.129576
1908.250000	-0.129346
1908.333333	-0.129103
1908.416667	-0.128848
1908.500000	-0.128580
1908.583333	-0.128299
1908.666667	0.011237
1908.750000	0.009591
1908.833333	0.007950
1908.916667	0.006316
1909.000000	0.004688
1909.083333	0.003065
1909.166667	0.001450
1909.250000	-0.000160
1909.333333	-0.001763
1909.416667	-0.003360
1909.500000	-0.004949
1909.583333	-0.006532
1909.666667	-0.168510
1909.750000	-0.169908
1909.833333	-0.171313
1909.916667	-0.172722
1910.000000	-0.174137
1910.083333	-0.175556
1910.166667	-0.176980
1910.250000	-0.178409
1910.333333	-0.179843
1910.416667	-0.181281
1910.500000	-0.182723
1910.583333	-0.184170
1910.666667	0.009117
1910.750000	0.011055
1910.833333	0.012984
1910.916667	0.014904
1911.000000	0.016814
1911.083333	0.018715
1911.166667	0.020607
1911.250000	0.022490
1911.333333	0.024362
1911.416667	0.026225
1911.500000	0.028078
1911.583333	0.029921
1911.666667	0.304716
1911.750000	0.305662
1911.833333	0.306597
1911.916667	0.307521
1912.000000	0.308434
1912.083333	0.309335
1912.166667	0.310226
1912.250000	0.311106
1912.333333	0.311974
1912.416667	0.312832
1912.500000	0.313679
1912.583333	0.314516
1912.666667	-0.212321
1912.750000	-0.210694
1912.833333	-0.209056
1912.916667	-0.207406
1913.000000	-0.205744
1913.083333	-0.204071
1913.166667	-0.202386
1913.250000	-0.200689
1913.333333	-0.198981
1913.416667	-0.197262
1913.500000	-0.195531
1913.583333	-0.193789
1913.666667	-0.417283
1913.750000	-0.416918
1913.833333	-0.416544
1913.916667	-0.416160
1914.000000	-0.415768
1914.083333	-0.415366
1914.166667	-0.414956
1914.250000	-0.414535
1914.333333	-0.414106
1914.416667	-0.413667
1914.500000	-0.413220
1914.583333	-0.412762
1914.666667	-0.292765
1914.750000	-0.293880
1914.833333	-0.295000
1914.916667	-0.296125
1915.000000	-0.297255
1915.083333	-0.298389
1915.166667	-0.299527
1915.250000	-0.300670
1915.333333	-0.301816
1915.416667	-0.302966
1915.500000	-0.304120
1915.583333	-0.305278
1915.666667	-0.393423
1915.750000	-0.393742
1915.833333	-0.394064
1915.916667	-0.394389
1916.000000	-0.394718
1916.083333	-0.395051
1916.166667	-0.395386
1916.250000	-0.395725
1916.333333	-0.396068
1916.416667	-0.396413
1916.500000	-0.396761
1916.583333	-0.397112
1916.666667	-0.416988
1916.750000	-0.416687
1916.833333	-0.416383
1916.916667	-0.416075
1917.000000	-0.415763
1917.083333	-0.415448
1917.166667	-0.415129
1917.250000	-0.414807
1917.333333	-0.414482
1917.416667	-0.414154
1917.500000	-0.413823
1917.583333	-0.413489
1917.666667	-0.403886
1917.750000	-0.403711
1917.833333	-0.403530
1917.916667	-0.403344
1918.000000	-0.403152
1918.083333	-0.402955
1918.166667	-0.402753
1918.250000	-0.402545
1918.333333	-0.402331
1918.416667	-0.402112
1918.500000	-0.401887
1918.583333	-0.401657
1918.666667	-0.414492
1918.750000	-0.414311
1918.833333	-0.414133
1918.916667	-0.413956
1919.000000	-0.413781
1919.083333	-0.413608
1919.166667	-0.413438
1919.250000	-0.413269
1919.333333	-0.413103
1919.416667	-0.412940
1919.500000	-0.412778
1919.583333	-0.412620
1919.666667	-0.225365
1919.750000	-0.225332
1919.833333	-0.225312
1919.916667	-0.225305
1920.000000	-0.225310
1920.083333	-0.225328
1920.166667	-0.225359
1920.250000	-0.225402
1920.333333	-0.225458
1920.416667	-0.225526
1920.500000	-0.225608
1920.583333	-0.225702
1920.666667	-0.274797
1920.750000	-0.273842
1920.833333	-0.272894
1920.916667	-0.271951
1921.000000	-0.271015
1921.083333	-0.270086
1921.166667	-0.269163
1921.250000	-0.268247
1921.333333	-0.267338
1921.416667	-0.266436
1921.500000	-0.265541
1921.583333	-0.264654
1921.666667	-0.001952
1921.750000	-0.001556
1921.833333	-0.001174
1921.916667	-0.000807
1922.000000	-0.000455
1922.083333	-0.000118
1922.166667	0.000205
1922.250000	0.000512
1922.333333	0.000804
1922.416667	0.001081
1922.500000	0.001344
1922.583333	0.001591
1922.666667	-0.012850
1922.750000	-0.012166
1922.833333	-0.011496
1922.916667	-0.010841
1923.000000	-0.010199
1923.083333	-0.009572
1923.166667	-0.008959
1923.250000	-0.008361
1923.333333	-0.007776
1923.416667	-0.007206
1923.500000	-0.006651
1923.583333	-0.006110
1923.666667	-0.403213
1923.750000	-0.403018
1923.833333	-0.402817
1923.916667	-0.402611
1924.000000	-0.402399
1924.083333	-0.402182
1924.166667	-0.401959
1924.250000	-0.401730
1924.333333	-0.401496
1924.416667	-0.401256
1924.500000	-0.401010
1924.583333	-0.400758
1924.666667	-0.262937
1924.750000	-0.261357
1924.833333	-0.259772
1924.916667	-0.258180
1925.000000	-0.256582
1925.083333	-0.254978
1925.166667	-0.253368
1925.250000	-0.251752
1925.333333	-0.250131
1925.416667	-0.248505
1925.500000	-0.246873
1925.583333	-0.245236
1925.666667	-0.100379
1925.750000	-0.098842
1925.833333	-0.097314
1925.916667	-0.095793
1926.000000	-0.094279
1926.083333	-0.092774
1926.166667	-0.091276
1926.250000	-0.089787
1926.333333	-0.088306
1926.416667	-0.086834
1926.500000	-0.085369
1926.583333	-0.083914
1926.666667	-0.312224
1926.750000	-0.310916
1926.833333	-0.309598
1926.916667	-0.308271
1927.000000	-0.306935
1927.083333	-0.305590
1927.166667	-0.304236
1927.250000	-0.302874
1927.333333	-0.301502
1927.416667	-0.300121
1927.500000	-0.298732
1927.583333	-0.297334
1927.666667	0.196556
1927.750000	0.195564
1927.833333	0.194557
1927.916667	0.193535
1928.000000	0.192499
1928.083333	0.191449
1928.166667	0.190384
1928.250000	0.189305
1928.333333	0.188211
1928.416667	0.187103
1928.500000	0.185980
1928.583333	0.184843
1928.666667	0.231112
1928.750000	0.231065
1928.833333	0.231004
1928.916667	0.230930
1929.000000	0.230842
1929.083333	0.230741
1929.166667	0.230627
1929.250000	0.230500
1929.333333	0.230359
1929.416667	0.230204
1929.500000	0.230037
1929.583333	0.229856
1929.666667	-0.247715
1929.750000	-0.246081
1929.833333	-0.244441
1929.916667	-0.242797
1930.000000	-0.241147
1930.083333	-0.239493
1930.166667	-0.237834
1930.250000	-0.236171
1930.333333	-0.234503
1930.416667	-0.232831
1930.500000	-0.231155
1930.583333	-0.229475
1930.666667	-0.331359
1930.750000	-0.330200
1930.833333	-0.329031
1930.916667	-0.327853
1931.000000	-0.326664
1931.083333	-0.325466
1931.166667	-0.324258
1931.250000	-0.323040
1931.333333	-0.321813
1931.416667	-0.320576
1931.500000	-0.319330
1931.583333	-0.318073
1931.666667	0.178984
1931.750000	0.177761
1931.833333	0.176523
1931.916667	0.175270
1932.000000	0.174003
1932.083333	0.172722
1932.166667	0.171426
1932.250000	0.170116
1932.333333	0.168792
1932.416667	0.167453
1932.500000	0.166099
1932.583333	0.164732
1932.666667	0.379513
1932.750000	0.379827
1932.833333	0.380134
1932.916667	0.380433
1933.000000	0.380725
1933.083333	0.381009
1933.166667	0.381285
1933.250000	0.381554
1933.333333	0.381815
1933.416667	0.382069
1933.500000	0.382316
1933.583333	0.382555
1933.666667	0.352361
1933.750000	0.351537
1933.833333	0.350702
1933.916667	0.349854
1934.000000	0.348994
1934.083333	0.348121
1934.166667	0.347237
1934.250000	0.346340
1934.333333	0.345430
1934.416667	0.344508
1934.500000	0.343573
1934.583333	0.342626
1934.666667	0.386376
1934.750000	0.386329
1934.833333	0.386275
1934.916667	0.386215
1935.000000	0.386147
1935.083333	0.386073
1935.166667	0.385991
1935.250000	0.385903
1935.333333	0.385808
1935.416667	0.385705
1935.500000	0.385596
1935.583333	0.385480
1935.666667	0.415357
1935.750000	0.414918
1935.833333	0.414466
1935.916667	0.414002
1936.000000	0.413526
1936.083333	0.413038
1936.166667	0.412536
1936.250000	0.412022
1936.333333	0.411496
1936.416667	0.410956
1936.500000	0.410403
1936.583333	0.409837
1936.666667	0.423853
1936.750000	0.424027
1936.833333	0.424186
1936.916667	0.424331
1937.000000	0.424460
1937.083333	0.424575
1937.166667	0.424675
1937.250000	0.424759
1937.333333	0.424829
1937.416667	0.424882
1937.500000	0.424921
1937.583333	0.424944
1937.666667	0.424808
1937.750000	0.424842
1937.833333	0.424871
1937.916667	0.424895
1938.000000	0.424915
1938.083333	0.424931
1938.166667	0.424942
1938.250000	0.424948
1938.333333	0.424951
1938.416667	0.424950
1938.500000	0.424944
1938.583333	0.424935
1938.666667	0.165076
1938.750000	0.162881
1938.833333	0.160688
1938.916667	0.158497
1939.000000	0.156308
1939.083333	0.154121
1939.166667	0.151938
1939.250000	0.149757
1939.333333	0.147579
1939.416667	0.145404
1939.500000	0.143233
1939.583333	0.141065
1939.666667	0.204564
1939.750000	0.203637
1939.833333	0.202723
1939.916667	0.201822
1940.000000	0.200934
1940.083333	0.200059
1940.166667	0.199198
1940.250000	0.198350
1940.333333	0.197516
1940.416667	0.196695
1940.500000	0.195887
1940.583333	0.195094
1940.666667	0.189325
1940.750000	0.188656
1940.833333	0.188002
1940.916667	0.187363
1941.000000	0.186738
1941.083333	0.186127
1941.166667	0.185532
1941.250000	0.184951
1941.333333	0.184384
1941.416667	0.183833
1941.500000	0.183296
1941.583333	0.182775
1941.666667	0.174108
1941.750000	0.174122
1941.833333	0.174151
1941.916667	0.174196
1942.000000	0.174256
1942.083333	0.174331
1942.166667	0.174422
1942.250000	0.174528
1942.333333	0.174649
1942.416667	0.174786
1942.500000	0.174937
1942.583333	0.175104
1942.666667	0.193347
1942.750000	0.192599
1942.833333	0.191865
1942.916667	0.191144
1943.000000	0.190439
1943.083333	0.189747
1943.166667	0.189070
1943.250000	0.188407
1943.333333	0.187758
1943.416667	0.187124
1943.500000	0.186505
1943.583333	0.185900
1943.666667	0.407635
1943.750000	0.407070
1943.833333	0.406497
1943.916667	0.405917
1944.000000	0.405330
1944.083333	0.404736
1944.166667	0.404136
1944.250000	0.403529
1944.333333	0.402915
1944.416667	0.402296
1944.500000	0.401670
1944.583333	0.401038
1944.666667	0.416479
1944.750000	0.416840
1944.833333	0.417193
1944.916667	0.417537
1945.000000	0.417871
1945.083333	0.418196
1945.166667	0.418513
1945.250000	0.418820
1945.333333	0.419119
1945.416667	0.419408
1945.500000	0.419689
1945.583333	0.419962
1945.666667	0.180100
1945.750000	0.180530
1945.833333	0.180973
1945.916667	0.181431
1946.000000	0.181903
1946.083333	0.182389
1946.166667	0.182889
1946.250000	0.183403
1946.333333	0.183932
1946.416667	0.184474
1946.500000	0.185030
1946.583333	0.185599
1946.666667	0.423237
1946.750000	0.422993
1946.833333	0.422732
1946.916667	0.422454
1947.000000	0.422160
1947.083333	0.421850
1947.166667	0.421523
1947.250000	0.421179
1947.333333	0.420819
1947.416667	0.420442
1947.500000	0.420048
1947.583333	0.419638
1947.666667	0.328202
1947.750000	0.328525
1947.833333	0.328859
1947.916667	0.329203
1948.000000	0.329557
1948.083333	0.329922
1948.166667	0.330297
1948.250000	0.330682
1948.333333	0.331077
1948.416667	0.331481
1948.500000	0.331896
1948.583333	0.332320
1948.666667	0.313700
1948.750000	0.314890
1948.833333	0.316069
1948.916667	0.317237
1949.000000	0.318395
1949.083333	0.319541
1949.166667	0.320677
1949.250000	0.321802
1949.333333	0.322916
1949.416667	0.324019
1949.500000	0.325111
1949.583333	0.326192
1949.666667	0.143143
1949.750000	0.140975
1949.833333	0.138812
1949.916667	0.136653
1950.000000	0.134497
1950.083333	0.132347
1950.166667	0.130201
1950.250000	0.128060
1950.333333	0.125924
1950.416667	0.123793
1950.500000	0.121668
1950.583333	0.119549
1950.666667	0.109883
1950.750000	0.107799
1950.833333	0.105721
1950.916667	0.103651
1951.000000	0.101588
1951.083333	0.099533
1951.166667	0.097485
1951.250000	0.095445
1951.333333	0.093413
1951.416667	0.091389
1951.500000	0.089374
1951.583333	0.087367
1951.666667	0.420932
1951.750000	0.420948
1951.833333	0.420966
1951.916667	0.420986
1952.000000	0.421008
1952.083333	0.421033
1952.166667	0.421060
1952.250000	0.421089
1952.333333	0.421120
1952.416667	0.421153
1952.500000	0.421188
1952.583333	0.421226
1952.666667	0.386511
1952.750000	0.386517
1952.833333	0.386515
1952.916667	0.386507
1953.000000	0.386492
1953.083333	0.386470
1953.166667	0.386441
1953.250000	0.386406
1953.333333	0.386363
1953.416667	0.386314
1953.500000	0.386259
1953.583333	0.386196
1953.666667	0.421390
1953.750000	0.421437
1953.833333	0.421485
1953.916667	0.421536
1954.000000	0.421588
1954.083333	0.421642
1954.166667	0.421698
1954.250000	0.421755
1954.333333	0.421813
1954.416667	0.421874
1954.500000	0.421935
1954.583333	0.421998
1954.666667	0.324306
1954.750000	0.325594
1954.833333	0.326877
1954.916667	0.328156
1955.000000	0.329430
1955.083333	0.330700
1955.166667	0.331965
1955.250000	0.333225
1955.333333	0.334480
1955.416667	0.335730
1955.500000	0.336974
1955.583333	0.338213
1955.666667	0.249976
1955.750000	0.248639
1955.833333	0.247309
1955.916667	0.245986
1956.000000	0.244672
1956.083333	0.243366
1956.166667	0.242068
1956.250000	0.240779
1956.333333	0.239498
1956.416667	0.238226
1956.500000	0.236963
1956.583333	0.235709
1956.666667	0.350784
1956.750000	0.349327
1956.833333	0.347855
1956.916667	0.346368
1957.000000	0.344866
1957.083333	0.343350
1957.166667	0.341820
1957.250000	0.340275
1957.333333	0.338716
1957.416667	0.337142
1957.500000	0.335555
1957.583333	0.333953
1957.666667	0.420889
1957.750000	0.420895
1957.833333	0.420902
1957.916667	0.420912
1958.000000	0.420924
1958.083333	0.420938
1958.166667	0.420955
1958.250000	0.420974
1958.333333	0.420995
1958.416667	0.421018
1958.500000	0.421044
1958.583333	0.421072
1958.666667	0.424857
1958.750000	0.424884
1958.833333	0.424906
1958.916667	0.424924
1959.000000	0.424937
1959.083333	0.424946
1959.166667	0.424950
1959.250000	0.424951
1959.333333	0.424947
1959.416667	0.424940
1959.500000	0.424929
1959.583333	0.424915
1959.666667	0.424697
1959.750000	0.424737
1959.833333	0.424774
1959.916667	0.424808
1960.000000	0.424838
1960.083333	0.424865
1960.166667	0.424889
1960.250000	0.424909
1960.333333	0.424926
1960.416667	0.424938
1960.500000	0.424946
1960.583333	0.424951
1960.666667	0.415838
1960.750000	0.415413
1960.833333	0.414975
1960.916667	0.414525
1961.000000	0.414062
1961.083333	0.413588
1961.166667	0.413101
1961.250000	0.412601
1961.333333	0.412089
1961.416667	0.411564
1961.500000	0.411026
1961.583333	0.410475
1961.666667	0.334250
1961.750000	0.332637
1961.833333	0.331010
1961.916667	0.329369
1962.000000	0.327715
1962.083333	0.326047
1962.166667	0.324366
1962.250000	0.322672
1962.333333	0.320964
1962.416667	0.319243
1962.500000	0.317510
1962.583333	0.315763
1962.666667	0.422478
1962.750000	0.422283
1962.833333	0.422078
1962.916667	0.421865
1963.000000	0.421642
1963.083333	0.421410
1963.166667	0.421169
1963.250000	0.420918
1963.333333	0.420657
1963.416667	0.420386
1963.500000	0.420106
1963.583333	0.419815
1963.666667	-0.052570
1963.750000	-0.052035
1963.833333	-0.051485
1963.916667	-0.050920
1964.000000	-0.050339
1964.083333	-0.049742
1964.166667	-0.049131
1964.250000	-0.048504
1964.333333	-0.047861
1964.416667	-0.047204
1964.500000	-0.046531
1964.583333	-0.045844
1964.666667	0.213446
1964.750000	0.215227
1964.833333	0.217003
1964.916667	0.218773
1965.000000	0.220536
1965.083333	0.222294
1965.166667	0.224045
1965.250000	0.225790
1965.333333	0.227528
1965.416667	0.229259
1965.500000	0.230984
1965.583333	0.232702
1965.666667	0.303748
1965.750000	0.305025
1965.833333	0.306291
1965.916667	0.307546
1966.000000	0.308790
1966.083333	0.310024
1966.166667	0.311246
1966.250000	0.312458
1966.333333	0.313659
1966.416667	0.314850
1966.500000	0.316029
1966.583333	0.317198
1966.666667	-0.048348
1966.750000	-0.047702
1966.833333	-0.047041
1966.916667	-0.046365
1967.000000	-0.045673
1967.083333	-0.044967
1967.166667	-0.044246
1967.250000	-0.043509
1967.333333	-0.042758
1967.416667	-0.041992
1967.500000	-0.041210
1967.583333	-0.040415
1967.666667	0.065474
1967.750000	0.067359
1967.833333	0.069238
1967.916667	0.071110
1968.000000	0.072975
1968.083333	0.074833
1968.166667	0.076684
1968.250000	0.078528
1968.333333	0.080364
1968.416667	0.082193
1968.500000	0.084014
1968.583333	0.085828
1968.666667	-0.379402
1968.750000	-0.380062
1968.833333	-0.380712
1968.916667	-0.381352
1969.000000	-0.381981
1969.083333	-0.382600
1969.166667	-0.383209
1969.250000	-0.383808
1969.333333	-0.384397
1969.416667	-0.384976
1969.500000	-0.385545
1969.583333	-0.386105
1969.666667	-0.346606
1969.750000	-0.345588
1969.833333	-0.344560
1969.916667	-0.343521
1970.000000	-0.342473
1970.083333	-0.341414
1970.166667	-0.340346
1970.250000	-0.339267
1970.333333	-0.338179
1970.416667	-0.337080
1970.500000	-0.335972
1970.583333	-0.334853
1970.666667	-0.218662
1970.750000	-0.216957
1970.833333	-0.215250
1970.916667	-0.213539
1971.000000	-0.211827
1971.083333	-0.210112
1971.166667	-0.208394
1971.250000	-0.206675
1971.333333	-0.204954
1971.416667	-0.203231
1971.500000	-0.201506
1971.583333	-0.199780
1971.666667	-0.279216
1971.750000	-0.278234
1971.833333	-0.277258
1971.916667	-0.276288
1972.000000	-0.275324
1972.083333	-0.274366
1972.166667	-0.273414
1972.250000	-0.272468
1972.333333	-0.271528
1972.416667	-0.270595
1972.500000	-0.269669
1972.583333	-0.268749
1972.666667	-0.400143
1972.750000	-0.399472
1972.833333	-0.398792
1972.916667	-0.398104
1973.000000	-0.397407
1973.083333	-0.396701
1973.166667	-0.395987
1973.250000	-0.395264
1973.333333	-0.394533
1973.416667	-0.393793
1973.500000	-0.393044
1973.583333	-0.392288
1973.666667	-0.169481
1973.750000	-0.171409
1973.833333	-0.173342
1973.916667	-0.175277
1974.000000	-0.177217
1974.083333	-0.179159
1974.166667	-0.181105
1974.250000	-0.183054
1974.333333	-0.185005
1974.416667	-0.186959
1974.500000	-0.188916
1974.583333	-0.190874
1974.666667	-0.423306
1974.750000	-0.423427
1974.833333	-0.423545
1974.916667	-0.423659
1975.000000	-0.423769
1975.083333	-0.423875
1975.166667	-0.423976
1975.250000	-0.424073
1975.333333	-0.424166
1975.416667	-0.424253
1975.500000	-0.424337
1975.583333	-0.424415
1975.666667	-0.422832
1975.750000	-0.422582
1975.833333	-0.422320
1975.916667	-0.422044
1976.000000	-0.421755
1976.083333	-0.421453
1976.166667	-0.421138
1976.250000	-0.420809
1976.333333	-0.420468
1976.416667	-0.420114
1976.500000	-0.419747
1976.583333	-0.419367
1976.666667	-0.417509
1976.750000	-0.417062
1976.833333	-0.416603
1976.916667	-0.416132
1977.000000	-0.415649
1977.083333	-0.415155
1977.166667	-0.414649
1977.250000	-0.414131
1977.333333	-0.413603
1977.416667	-0.413063
1977.500000	-0.412512
1977.583333	-0.411950
1977.666667	-0.401957
1977.750000	-0.401311
1977.833333	-0.400656
1977.916667	-0.399992
1978.000000	-0.399319
1978.083333	-0.398638
1978.166667	-0.397947
1978.250000	-0.397248
1978.333333	-0.396541
1978.416667	-0.395824
1978.500000	-0.395100
1978.583333	-0.394366
1978.666667	-0.365013
1978.750000	-0.365865
1978.833333	-0.366715
1978.916667	-0.367563
1979.000000	-0.368408
1979.083333	-0.369251
1979.166667	-0.370092
1979.250000	-0.370930
1979.333333	-0.371765
1979.416667	-0.372597
1979.500000	-0.373426
1979.583333	-0.374252
1979.666667	-0.302095
1979.750000	-0.301483
1979.833333	-0.300878
1979.916667	-0.300283
1980.000000	-0.299697
1980.083333	-0.299120
1980.166667	-0.298552
1980.250000	-0.297993
1980.333333	-0.297443
1980.416667	-0.296903
1980.500000	-0.296372
1980.583333	-0.295851
1980.666667	-0.377225
1980.750000	-0.376093
1980.833333	-0.374948
1980.916667	-0.373791
1981.000000	-0.372622
1981.083333	-0.371441
1981.166667	-0.370248
1981.250000	-0.369042
1981.333333	-0.367825
1981.416667	-0.366596
1981.500000	-0.365356
1981.583333	-0.364104
1981.666667	-0.341452
1981.750000	-0.342308
1981.833333	-0.343166
1981.916667	-0.344025
1982.000000	-0.344885
1982.083333	-0.345746
1982.166667	-0.346609
1982.250000	-0.347472
1982.333333	-0.348337
1982.416667	-0.349202
1982.500000	-0.350067
1982.583333	-0.350933
1982.666667	-0.402983
1982.750000	-0.403365
1982.833333	-0.403748
1982.916667	-0.404132
1983.000000	-0.404516
1983.083333	-0.404901
1983.166667	-0.405286
1983.250000	-0.405671
1983.333333	-0.406057
1983.416667	-0.406442
1983.500000	-0.406827
1983.583333	-0.407211
1983.666667	-0.394358
1983.750000	-0.394043
1983.833333	-0.393731
1983.916667	-0.393422
1984.000000	-0.393116
1984.083333	-0.392814
1984.166667	-0.392516
1984.250000	-0.392221
1984.333333	-0.391930
1984.416667	-0.391643
1984.500000	-0.391360
1984.583333	-0.391080
1984.666667	-0.269164
1984.750000	-0.267323
1984.833333	-0.265472
1984.916667	-0.263611
1985.000000	-0.261740
1985.083333	-0.259859
1985.166667	-0.257968
1985.250000	-0.256067
1985.333333	-0.254157
1985.416667	-0.252237
1985.500000	-0.250307
1985.583333	-0.248368
1985.666667	-0.402582
1985.750000	-0.402964
1985.833333	-0.403346
1985.916667	-0.403729
1986.000000	-0.404113
1986.083333	-0.404497
1986.166667	-0.404882
1986.250000	-0.405267
1986.333333	-0.405652
1986.416667	-0.406037
1986.500000	-0.406423
1986.583333	-0.406808
1986.666667	-0.113926
1986.750000	-0.112835
1986.833333	-0.111757
1986.916667	-0.110690
1987.000000	-0.109635
1987.083333	-0.108593
1987.166667	-0.107562
1987.250000	-0.106544
1987.333333	-0.105539
1987.416667	-0.104546
1987.500000	-0.103565
1987.583333	-0.102597
1987.666667	-0.381388
1987.750000	-0.382129
1987.833333	-0.382861
1987.916667	-0.383584
1988.000000	-0.384298
1988.083333	-0.385003
1988.166667	-0.385700
1988.250000	-0.386388
1988.333333	-0.387067
1988.416667	-0.387738
1988.500000	-0.388400
1988.583333	-0.389053
1988.666667	-0.128524
1988.750000	-0.128241
1988.833333	-0.127944
1988.916667	-0.127635
1989.000000	-0.127313
1989.083333	-0.126979
1989.166667	-0.126631
1989.250000	-0.126271
1989.333333	-0.125898
1989.416667	-0.125512
1989.500000	-0.125113
1989.583333	-0.124701
1989.666667	0.304638
1989.750000	0.305585
1989.833333	0.306521
1989.916667	0.307446
1990.000000	0.308359
1990.083333	0.309262
1990.166667	0.310153
1990.250000	0.311034
1990.333333	0.311904
1990.416667	0.312762
1990.500000	0.313610
1990.583333	0.314447
1990.666667	-0.124707
1990.750000	-0.125112
1990.833333	-0.125505
1990.916667	-0.125886
1991.000000	-0.126254
1991.083333	-0.126611
1991.166667	-0.126955
1991.250000	-0.127286
1991.333333	-0.127605
1991.416667	-0.127912
1991.500000	-0.128207
1991.583333	-0.128489
1991.666667	0.071102
1991.750000	0.069320
1991.833333	0.067541
1991.916667	0.065763
1992.000000	0.063988
1992.083333	0.062215
1992.166667	0.060444
1992.250000	0.058676
1992.333333	0.056910
1992.416667	0.055148
1992.500000	0.053388
1992.583333	0.051631
1992.666667	0.106285
1992.750000	0.106220
1992.833333	0.106167
1992.916667	0.106127
1993.000000	0.106099
1993.083333	0.106084
1993.166667	0.106081
1993.250000	0.106091
1993.333333	0.106113
1993.416667	0.106147
1993.500000	0.106194
1993.583333	0.106253
1993.666667	0.278202
1993.750000	0.276868
1993.833333	0.275531
1993.916667	0.274193
1994.000000	0.272853
1994.083333	0.271511
1994.166667	0.270167
1994.250000	0.268822
1994.333333	0.267476
1994.416667	0.266128
1994.500000	0.264779
1994.583333	0.263429
1994.666667	0.412676
1994.750000	0.412275
1994.833333	0.411870
1994.916667	0.411461
1995.000000	0.411049
1995.083333	0.410632
1995.166667	0.410212
1995.250000	0.409789
1995.333333	0.409362
1995.416667	0.408932
1995.500000	0.408499
1995.583333	0.408063
1995.666667	0.424708
1995.750000	0.424714
1995.833333	0.424718
1995.916667	0.424723
1996.000000	0.424727
1996.083333	0.424730
1996.166667	0.424733
1996.250000	0.424735
1996.333333	0.424737
1996.416667	0.424739
1996.500000	0.424740
1996.583333	0.424741
1996.666667	0.256250
1996.750000	0.254896
1996.833333	0.253542
1996.916667	0.252188
1997.000000	0.250834
1997.083333	0.249480
1997.166667	0.248126
1997.250000	0.246773
1997.333333	0.245420
1997.416667	0.244068
1997.500000	0.242717
1997.583333	0.241366
1997.666667	0.391341
1997.750000	0.391778
1997.833333	0.392216
1997.916667	0.392655
1998.000000	0.393095
1998.083333	0.393535
1998.166667	0.393976
1998.250000	0.394417
1998.333333	0.394859
1998.416667	0.395300
1998.500000	0.395742
1998.583333	0.396184
1998.666667	0.392774
1998.750000	0.392084
1998.833333	0.391390
1998.916667	0.390693
1999.000000	0.389992
1999.083333	0.389288
1999.166667	0.388580
1999.250000	0.387869
1999.333333	0.387155
1999.416667	0.386439
1999.500000	0.385719
1999.583333	0.384998
1999.666667	0.368156
1999.750000	0.369289
1999.833333	0.370413
1999.916667	0.371527
2000.000000	0.372632
2000.083333	0.373726
2000.166667	0.374810
2000.250000	0.375884
2000.333333	0.376947
2000.416667	0.378000
2000.500000	0.379043
2000.583333	0.380075
2000.666667	0.126340
2000.750000	0.127046
2000.833333	0.127764
2000.916667	0.128494
2001.000000	0.129235
2001.083333	0.129988
2001.166667	0.130752
2001.250000	0.131527
2001.333333	0.132314
2001.416667	0.133112
2001.500000	0.133921
2001.583333	0.134741
2001.666667	0.417190
2001.750000	0.417493
2001.833333	0.417792
2001.916667	0.418085
2002.000000	0.418373
2002.083333	0.418656
2002.166667	0.418934
2002.250000	0.419206
2002.333333	0.419473
2002.416667	0.419734
2002.500000	0.419989
2002.583333	0.420239
2002.666667	0.293844
2002.750000	0.295053
2002.833333	0.296264
2002.916667	0.297476
2003.000000	0.298691
2003.083333	0.299906
2003.166667	0.301123
2003.250000	0.302342
2003.333333	0.303561
2003.416667	0.304782
2003.500000	0.306003
2003.583333	0.307225
2003.666667	0.418243
2003.750000	0.418528
2003.833333	0.418808
2003.916667	0.419083
2004.000000	0.419352
2004.083333	0.419616
2004.166667	0.419874
2004.250000	0.420127
2004.333333	0.420373
2004.416667	0.420614
2004.500000	0.420850
2004.583333	0.421079
2004.666667	0.401152
2004.750000	0.400631
2004.833333	0.400101
2004.916667	0.399564
2005.000000	0.399020
2005.083333	0.398467
2005.166667	0.397907
2005.250000	0.397339
2005.333333	0.396763
2005.416667	0.396179
2005.500000	0.395588
2005.583333	0.394988
2005.666667	0.424439
2005.750000	0.424417
2005.833333	0.424394
2005.916667	0.424370
2006.000000	0.424344
2006.083333	0.424318
2006.166667	0.424290
2006.250000	0.424261
2006.333333	0.424230
2006.416667	0.424199
2006.500000	0.424165
2006.583333	0.424131
2006.666667	0.386807
2006.750000	0.387229
2006.833333	0.387653
2006.916667	0.388079
2007.000000	0.388506
2007.083333	0.388936
2007.166667	0.389366
2007.250000	0.389798
2007.333333	0.390232
2007.416667	0.390666
2007.500000	0.391102
2007.583333	0.391539
2007.666667	0.378456
2007.750000	0.379439
2007.833333	0.380414
2007.916667	0.381381
2008.000000	0.382340
2008.083333	0.383291
2008.166667	0.384233
2008.250000	0.385166
2008.333333	0.386091
2008.416667	0.387007
2008.500000	0.387914
2008.583333	0.388812
2008.666667	0.377704
2008.750000	0.377022
2008.833333	0.376338
2008.916667	0.375653
2009.000000	0.374966
2009.083333	0.374279
2009.166667	0.373590
2009.250000	0.372901
2009.333333	0.372211
2009.416667	0.371520
2009.500000	0.370828
2009.583333	0.370136
2009.666667	0.406870
2009.750000	0.406367
2009.833333	0.405858
2009.916667	0.405343
2010.000000	0.404822
2010.083333	0.404296
2010.166667	0.403765
2010.250000	0.403228
2010.333333	0.402686
2010.416667	0.402139
2010.500000	0.401587
2010.583333	0.401030
2010.666667	0.388191
2010.750000	0.387443
2010.833333	0.386689
2010.916667	0.385927
2011.000000	0.385158
2011.083333	0.384381
2011.166667	0.383597
2011.250000	0.382806
2011.333333	0.382008
2011.416667	0.381203
2011.500000	0.380390
2011.583333	0.379571
2011.666667	0.419914
2011.750000	0.419826
2011.833333	0.419739
2011.916667	0.419653
2012.000000	0.419569
2012.083333	0.419486
2012.166667	0.419404
2012.250000	0.419324
2012.333333	0.419246
2012.416667	0.419169
2012.500000	0.419094
2012.583333	0.419021
2012.666667	0.390732
2012.750000	0.390011
2012.833333	0.389282
2012.916667	0.388546
2013.000000	0.387803
2013.083333	0.387052
2013.166667	0.386293
2013.250000	0.385527
2013.333333	0.384754
2013.416667	0.383974
2013.500000	0.383186
2013.583333	0.382391
2013.666667	0.378594
2013.750000	0.377759
2013.833333	0.376918
2013.916667	0.376070
2014.000000	0.375215
2014.083333	0.374353
2014.166667	0.373485
2014.250000	0.372610
2014.333333	0.371729
2014.416667	0.370841
2014.500000	0.369947
2014.583333	0.369047
2014.666667	0.422267
2014.750000	0.422362
2014.833333	0.422457
2014.916667	0.422552
2015.000000	0.422645
2015.083333	0.422738
2015.166667	0.422830
2015.250000	0.422921
2015.333333	0.423011
2015.416667	0.423100
2015.500000	0.423188
2015.583333	0.423275
2015.666667	0.407620
2015.750000	0.407058
2015.833333	0.406488
2015.916667	0.405911
2016.000000	0.405329
2016.083333	0.404739
2016.166667	0.404143
2016.250000	0.403542
2016.333333	0.402934
2016.416667	0.402320
2016.500000	0.401700
2016.583333	0.401074
2016.666667	0.410608
2016.750000	0.410155
2016.833333	0.409694
2016.916667	0.409225
2017.000000	0.408748
2017.083333	0.408263
2017.166667	0.407771
2017.250000	0.407270
2017.333333	0.406761
2017.416667	0.406245
2017.500000	0.405720
2017.583333	0.405188
2017.666667	0.424261
2017.750000	0.424194
2017.833333	0.424124
2017.916667	0.424052
2018.000000	0.423978
2018.083333	0.423901
2018.166667	0.423823
2018.250000	0.423742
2018.333333	0.423660
2018.416667	0.423576
2018.500000	0.423490
2018.583333	0.423403
2018.666667	0.417752
2018.750000	0.417761
2018.833333	0.417772
2018.916667	0.417785
2019.000000	0.417800
2019.083333	0.417818
2019.166667	0.417838
2019.250000	0.417861
2019.333333	0.417886
2019.416667	0.417913
2019.500000	0.417942
2019.583333	0.417974
2019.666667	0.407026
2019.750000	0.406581
2019.833333	0.406134
2019.916667	0.405684
2020.000000	0.405232
2020.083333	0.404779
2020.166667	0.404323
2020.250000	0.403865
2020.333333	0.403406
2020.416667	0.402945
2020.500000	0.402483
2020.583333	0.402020
2020.666667	0.422198
2020.750000	0.421946
2020.833333	0.421683
2020.916667	0.421410
2021.000000	0.421126
2021.083333	0.420833
2021.166667	0.420529
2021.250000	0.420215
2021.333333	0.419891
2021.416667	0.419557
2021.500000	0.419214
2021.583333	0.418861
2021.666667	0.413643
2021.750000	0.414081
2021.833333	0.414508
2021.916667	0.414925
2022.000000	0.415333
2022.083333	0.415730
2022.166667	0.416117
2022.250000	0.416495
2022.333333	0.416862
2022.416667	0.417220
2022.500000	0.417569
2022.583333	0.417908
