1880 -0.06
1880.083333 -0.12
1880.166667 -0.13
1880.250000 -0.11
1880.333333 -0.08
1880.416667 -0.01
1880.500000 -0.01
1880.583333 0.01
1880.666667 0.05
1880.750000 0.08
1880.833333 -0.07
1880.916667 -0.09
1881 -0.01
1881.083333 0.09
1881.166667 0.06
1881.250000 0.07
1881.333333 0.01
1881.416667 0.02
1881.500000 0.00
1881.583333 -0.05
1881.666667 -0.04
1881.750000 -0.20
1881.833333 -0.17
1881.916667 -0.12
1882 -0.06
1882.083333 -0.08
1882.166667 -0.01
1882.250000 -0.04
1882.333333 -0.12
1882.416667 -0.14
1882.500000 -0.17
1882.583333 -0.15
1882.666667 -0.12
1882.750000 -0.12
1882.833333 0.01
1882.916667 0.04
1883 -0.07
1883.083333 -0.23
1883.166667 -0.19
1883.250000 -0.17
1883.333333 -0.09
1883.416667 -0.18
1883.500000 -0.35
1883.583333 -0.28
1883.666667 -0.18
1883.750000 -0.16
1883.833333 -0.10
1883.916667 -0.04
1884 -0.04
1884.083333 -0.20
1884.166667 -0.25
1884.250000 -0.19
1884.333333 -0.13
1884.416667 0.14
1884.500000 -0.15
1884.583333 -0.12
1884.666667 -0.14
1884.750000 -0.24
1884.833333 -0.25
1884.916667 -0.17
1885 -0.02
1885.083333 -0.01
1885.166667 -0.07
1885.250000 -0.13
1885.333333 -0.19
1885.416667 -0.08
1885.500000 0.00
1885.583333 0.00
1885.666667 -0.04
1885.750000 -0.08
1885.833333 -0.11
1885.916667 -0.07
1886 0.10
1886.083333 0.10
1886.166667 0.12
1886.250000 0.18
1886.333333 0.22
1886.416667 0.28
1886.500000 0.24
1886.583333 0.02
1886.666667 -0.04
1886.750000 -0.07
1886.833333 0.00
1886.916667 0.14
1887 -0.07
1887.083333 0.01
1887.166667 0.01
1887.250000 0.05
1887.333333 0.09
1887.416667 0.18
1887.500000 0.20
1887.583333 0.13
1887.666667 0.05
1887.750000 0.12
1887.833333 0.18
1887.916667 0.16
1888 0.20
1888.083333 0.15
1888.166667 0.15
1888.250000 0.08
1888.333333 -0.01
1888.416667 0.15
1888.500000 0.03
1888.583333 -0.01
1888.666667 -0.05
1888.750000 0.08
1888.833333 -0.10
1888.916667 -0.07
1889 -0.03
1889.083333 0.01
1889.166667 0.17
1889.250000 0.23
1889.333333 0.18
1889.416667 0.09
1889.500000 0.07
1889.583333 0.03
1889.666667 0.08
1889.750000 0.07
1889.833333 0.08
1889.916667 0.03
1890 0.01
1890.083333 0.00
1890.166667 -0.06
1890.250000 -0.08
1890.333333 -0.05
1890.416667 0.01
1890.500000 -0.13
1890.583333 -0.18
1890.666667 -0.04
1890.750000 -0.02
1890.833333 -0.06
1890.916667 -0.13
1891 -0.14
1891.083333 -0.06
1891.166667 0.04
1891.250000 0.13
1891.333333 0.12
1891.416667 0.13
1891.500000 0.12
1891.583333 0.07
1891.666667 -0.05
1891.750000 -0.15
1891.833333 -0.16
1891.916667 -0.10
1892 0.06
1892.083333 0.04
1892.166667 0.15
1892.250000 0.12
1892.333333 -0.07
1892.416667 -0.12
1892.500000 -0.06
1892.583333 -0.03
1892.666667 -0.05
1892.750000 -0.05
1892.833333 0.01
1892.916667 0.02
1893 0.13
1893.083333 0.07
1893.166667 0.04
1893.250000 0.07
1893.333333 0.14
1893.416667 0.17
1893.500000 0.21
1893.583333 0.17
1893.666667 0.12
1893.750000 0.11
1893.833333 0.11
1893.916667 0.00
1894 -0.09
1894.083333 -0.09
1894.166667 -0.10
1894.250000 -0.10
1894.333333 -0.11
1894.416667 -0.18
1894.500000 -0.21
1894.583333 -0.14
1894.666667 -0.15
1894.750000 -0.20
1894.833333 -0.18
1894.916667 -0.10
1895 -0.03
1895.083333 -0.08
1895.166667 -0.10
1895.250000 -0.13
1895.333333 -0.17
1895.416667 -0.14
1895.500000 -0.10
1895.583333 -0.15
1895.666667 0.00
1895.750000 0.03
1895.833333 -0.01
1895.916667 -0.01
1896 -0.07
1896.083333 -0.04
1896.166667 -0.03
1896.250000 0.01
1896.333333 0.08
1896.416667 0.13
1896.500000 -0.03
1896.583333 -0.01
1896.666667 0.05
1896.750000 0.01
1896.833333 -0.08
1896.916667 -0.19
1897 -0.10
1897.083333 -0.03
1897.166667 0.12
1897.250000 0.12
1897.333333 0.06
1897.416667 0.07
1897.500000 0.01
1897.583333 -0.06
1897.666667 -0.08
1897.750000 -0.10
1897.833333 -0.07
1897.916667 -0.11
1898 -0.09
1898.083333 -0.04
1898.166667 0.11
1898.250000 0.06
1898.333333 0.04
1898.416667 0.28
1898.500000 0.24
1898.583333 0.35
1898.666667 0.22
1898.750000 0.04
1898.833333 0.06
1898.916667 0.15
1899 0.05
1899.083333 -0.04
1899.166667 0.04
1899.250000 0.11
1899.333333 0.18
1899.416667 0.12
1899.500000 0.01
1899.583333 0.19
1899.666667 0.09
1899.750000 0.08
1899.833333 0.08
1899.916667 0.23
1900 0.18
1900.083333 0.09
1900.166667 0.10
1900.250000 0.02
1900.333333 -0.08
1900.416667 -0.16
1900.500000 -0.10
1900.583333 -0.06
1900.666667 -0.03
1900.750000 -0.05
1900.833333 -0.02
1900.916667 -0.03
1901 -0.12
1901.083333 0.23
1901.166667 0.14
1901.250000 0.08
1901.333333 0.16
1901.416667 0.11
1901.500000 0.11
1901.583333 0.08
1901.666667 0.06
1901.750000 -0.03
1901.833333 0.03
1901.916667 -0.02
1902 -0.15
1902.083333 -0.08
1902.166667 0.03
1902.250000 -0.14
1902.333333 -0.12
1902.416667 -0.27
1902.500000 -0.45
1902.583333 -0.19
1902.666667 -0.02
1902.750000 -0.02
1902.833333 -0.09
1902.916667 -0.12
1903 0.00
1903.083333 0.05
1903.166667 -0.14
1903.250000 -0.02
1903.333333 -0.03
1903.416667 -0.24
1903.500000 -0.29
1903.583333 -0.38
1903.666667 -0.35
1903.750000 -0.36
1903.833333 -0.19
1903.916667 -0.18
1904 -0.17
1904.083333 -0.20
1904.166667 -0.20
1904.250000 -0.24
1904.333333 -0.11
1904.416667 -0.27
1904.500000 -0.09
1904.583333 -0.15
1904.666667 -0.33
1904.750000 -0.26
1904.833333 -0.11
1904.916667 -0.11
1905 -0.10
1905.083333 -0.01
1905.166667 -0.21
1905.250000 -0.01
1905.333333 -0.04
1905.416667 -0.18
1905.500000 -0.11
1905.583333 -0.21
1905.666667 -0.37
1905.750000 -0.22
1905.833333 -0.27
1905.916667 -0.31
1906 -0.08
1906.083333 0.00
1906.166667 0.05
1906.250000 0.03
1906.333333 -0.07
1906.416667 0.10
1906.500000 0.12
1906.583333 -0.05
1906.666667 0.05
1906.750000 -0.05
1906.833333 0.15
1906.916667 -0.02
1907 0.04
1907.083333 -0.06
1907.166667 -0.07
1907.250000 0.04
1907.333333 -0.05
1907.416667 -0.17
1907.500000 -0.09
1907.583333 -0.12
1907.666667 0.02
1907.750000 -0.02
1907.833333 -0.13
1907.916667 -0.01
1908 0.02
1908.083333 -0.04
1908.166667 -0.09
1908.250000 -0.11
1908.333333 0.08
1908.416667 0.13
1908.500000 0.17
1908.583333 0.10
1908.666667 -0.01
1908.750000 0.01
1908.833333 0.04
1908.916667 0.09
1909 0.07
1909.083333 0.10
1909.166667 0.13
1909.250000 0.09
1909.333333 0.17
1909.416667 0.00
1909.500000 -0.01
1909.583333 0.12
1909.666667 0.07
1909.750000 0.04
1909.833333 0.01
1909.916667 0.05
1910 0.02
1910.083333 -0.02
1910.166667 -0.03
1910.250000 0.03
1910.333333 -0.01
1910.416667 -0.07
1910.500000 -0.10
1910.583333 -0.15
1910.666667 0.09
1910.750000 0.04
1910.833333 0.17
1910.916667 0.02
1911 -0.03
1911.083333 0.03
1911.166667 -0.03
1911.250000 0.03
1911.333333 0.02
1911.416667 0.06
1911.500000 0.12
1911.583333 0.14
1911.666667 0.06
1911.750000 0.00
1911.833333 -0.20
1911.916667 -0.20
1912 -0.16
1912.083333 -0.18
1912.166667 -0.22
1912.250000 -0.13
1912.333333 -0.03
1912.416667 -0.06
1912.500000 -0.16
1912.583333 -0.33
1912.666667 -0.19
1912.750000 -0.20
1912.833333 -0.10
1912.916667 -0.13
1913 -0.20
1913.083333 -0.17
1913.166667 -0.07
1913.250000 -0.17
1913.333333 -0.28
1913.416667 -0.33
1913.500000 -0.19
1913.583333 -0.18
1913.666667 -0.24
1913.750000 -0.24
1913.833333 -0.22
1913.916667 -0.14
1914 -0.05
1914.083333 -0.28
1914.166667 -0.27
1914.250000 -0.25
1914.333333 -0.13
1914.416667 -0.21
1914.500000 -0.36
1914.583333 -0.40
1914.666667 -0.29
1914.750000 -0.24
1914.833333 -0.24
1914.916667 -0.23
1915 -0.14
1915.083333 -0.05
1915.166667 -0.02
1915.250000 0.07
1915.333333 0.11
1915.416667 0.05
1915.500000 0.10
1915.583333 0.11
1915.666667 0.08
1915.750000 0.01
1915.833333 0.00
1915.916667 0.02
1916 0.00
1916.083333 -0.01
1916.166667 -0.06
1916.250000 0.00
1916.333333 0.08
1916.416667 0.09
1916.500000 0.12
1916.583333 0.09
1916.666667 0.09
1916.750000 0.04
1916.833333 0.01
1916.916667 -0.01
1917 0.01
1917.083333 0.00
1917.166667 -0.06
1917.250000 -0.05
1917.333333 -0.04
1917.416667 -0.12
1917.500000 -0.09
1917.583333 -0.19
1917.666667 -0.20
1917.750000 -0.24
1917.833333 -0.19
1917.916667 0.16
1918 0.18
1918.083333 0.21
1918.166667 -0.03
1918.250000 0.02
1918.333333 -0.15
1918.416667 -0.20
1918.500000 -0.26
1918.583333 -0.16
1918.666667 -0.25
1918.750000 -0.29
1918.833333 -0.23
1918.916667 -0.22
1919 -0.06
1919.083333 -0.10
1919.166667 -0.04
1919.250000 -0.12
1919.333333 -0.14
1919.416667 -0.20
1919.500000 -0.18
1919.583333 -0.15
1919.666667 -0.07
1919.750000 -0.03
1919.833333 -0.02
1919.916667 -0.16
1920 -0.25
1920.083333 -0.25
1920.166667 -0.24
1920.250000 -0.24
1920.333333 -0.33
1920.416667 -0.30
1920.500000 -0.21
1920.583333 -0.18
1920.666667 -0.20
1920.750000 -0.19
1920.833333 -0.25
1920.916667 -0.24
1921 -0.14
1921.083333 -0.14
1921.166667 -0.12
1921.250000 -0.07
1921.333333 -0.17
1921.416667 -0.02
1921.500000 0.14
1921.583333 -0.17
1921.666667 -0.12
1921.750000 0.04
1921.833333 -0.12
1921.916667 0.00
1922 0.00
1922.083333 -0.12
1922.166667 -0.15
1922.250000 -0.18
1922.333333 -0.16
1922.416667 -0.05
1922.500000 -0.23
1922.583333 -0.19
1922.666667 -0.21
1922.750000 -0.13
1922.833333 -0.11
1922.916667 -0.09
1923 -0.16
1923.083333 -0.22
1923.166667 -0.23
1923.250000 -0.31
1923.333333 -0.04
1923.416667 -0.16
1923.500000 -0.11
1923.583333 -0.15
1923.666667 -0.17
1923.750000 -0.05
1923.833333 -0.04
1923.916667 0.09
1924 0.09
1924.083333 0.04
1924.166667 0.12
1924.250000 0.08
1924.333333 0.17
1924.416667 0.08
1924.500000 0.01
1924.583333 -0.05
1924.666667 -0.02
1924.750000 -0.02
1924.833333 0.03
1924.916667 -0.01
1925 -0.06
1925.083333 -0.09
1925.166667 -0.08
1925.250000 -0.03
1925.333333 0.05
1925.416667 -0.04
1925.500000 -0.10
1925.583333 -0.11
1925.666667 0.02
1925.750000 0.06
1925.833333 -0.11
1925.916667 0.06
1926 0.14
1926.083333 0.15
1926.166667 -0.02
1926.250000 0.05
1926.333333 0.02
1926.416667 -0.02
1926.500000 0.07
1926.583333 -0.02
1926.666667 0.03
1926.750000 0.23
1926.833333 0.12
1926.916667 0.13
1927 0.23
1927.083333 0.11
1927.166667 0.17
1927.250000 0.12
1927.333333 0.37
1927.416667 0.30
1927.500000 0.11
1927.583333 0.08
1927.666667 0.11
1927.750000 0.26
1927.833333 0.21
1927.916667 0.19
1928 0.11
1928.083333 0.03
1928.166667 0.00
1928.250000 -0.01
1928.333333 0.11
1928.416667 0.18
1928.500000 0.22
1928.583333 0.19
1928.666667 0.16
1928.750000 0.09
1928.833333 -0.03
1928.916667 0.03
1929 0.05
1929.083333 0.10
1929.166667 0.10
1929.250000 0.09
1929.333333 0.03
1929.416667 -0.09
1929.500000 0.05
1929.583333 0.02
1929.666667 0.10
1929.750000 0.11
1929.833333 0.00
1929.916667 -0.05
1930 -0.01
1930.083333 -0.10
1930.166667 0.01
1930.250000 -0.16
1930.333333 -0.06
1930.416667 -0.03
1930.500000 0.12
1930.583333 -0.01
1930.666667 0.18
1930.750000 0.12
1930.833333 0.18
1930.916667 0.14
1931 0.08
1931.083333 0.16
1931.166667 0.16
1931.250000 0.26
1931.333333 0.31
1931.416667 0.28
1931.500000 0.16
1931.583333 0.12
1931.666667 0.28
1931.750000 0.33
1931.833333 0.17
1931.916667 0.22
1932 0.21
1932.083333 0.19
1932.166667 0.25
1932.250000 0.28
1932.333333 0.19
1932.416667 0.29
1932.500000 0.17
1932.583333 0.39
1932.666667 0.34
1932.750000 0.28
1932.833333 0.16
1932.916667 0.15
1933 0.09
1933.083333 0.21
1933.166667 0.18
1933.250000 0.32
1933.333333 0.25
1933.416667 0.24
1933.500000 0.28
1933.583333 0.29
1933.666667 0.34
1933.750000 0.46
1933.833333 0.21
1933.916667 0.06
1934 0.04
1934.083333 0.06
1934.166667 0.01
1934.250000 0.09
1934.333333 0.06
1934.416667 0.14
1934.500000 0.21
1934.583333 0.12
1934.666667 0.17
1934.750000 0.21
1934.833333 0.10
1934.916667 0.08
1935 0.11
1935.083333 0.00
1935.166667 -0.04
1935.250000 0.10
1935.333333 0.22
1935.416667 0.22
1935.500000 0.13
1935.583333 0.08
1935.666667 0.01
1935.750000 -0.03
1935.833333 0.08
1935.916667 0.21
1936 0.19
1936.083333 0.16
1936.166667 0.25
1936.250000 0.23
1936.333333 0.20
1936.416667 0.31
1936.500000 0.16
1936.583333 0.14
1936.666667 0.16
1936.750000 0.04
1936.833333 0.03
1936.916667 0.07
1937 0.10
1937.083333 0.04
1937.166667 0.16
1937.250000 0.06
1937.333333 0.16
1937.416667 0.60
1937.500000 0.54
1937.583333 0.51
1937.666667 0.47
1937.750000 0.26
1937.833333 0.24
1937.916667 0.34
1938 0.22
1938.083333 0.11
1938.166667 0.14
1938.250000 0.29
1938.333333 0.23
1938.416667 0.28
1938.500000 0.20
1938.583333 0.28
1938.666667 0.28
1938.750000 0.35
1938.833333 0.44
1938.916667 0.31
1939 0.21
1939.083333 0.20
1939.166667 0.02
1939.250000 0.15
1939.333333 0.12
1939.416667 0.17
1939.500000 0.19
1939.583333 0.13
1939.666667 0.11
1939.750000 -0.04
1939.833333 -0.21
1939.916667 -0.04
1940 0.01
1940.083333 -0.03
1940.166667 -0.02
1940.250000 -0.06
1940.333333 -0.04
1940.416667 -0.09
1940.500000 -0.15
1940.583333 -0.16
1940.666667 0.04
1940.750000 0.03
1940.833333 0.01
1940.916667 -0.07
1941 -0.02
1941.083333 0.03
1941.166667 -0.01
1941.250000 -0.06
1941.333333 -0.17
1941.416667 -0.16
1941.500000 -0.14
1941.583333 -0.06
1941.666667 -0.02
1941.750000 -0.01
1941.833333 0.01
1941.916667 -0.15
1942 0.00
1942.083333 0.15
1942.166667 0.15
1942.250000 0.14
1942.333333 0.15
1942.416667 0.15
1942.500000 0.05
1942.583333 0.17
1942.666667 0.21
1942.750000 0.21
1942.833333 0.26
1942.916667 0.12
1943 0.09
1943.083333 0.05
1943.166667 -0.06
1943.250000 -0.11
1943.333333 -0.20
1943.416667 -0.18
1943.500000 -0.19
1943.583333 -0.14
1943.666667 -0.03
1943.750000 0.03
1943.833333 0.01
1943.916667 0.09
1944 0.18
1944.083333 0.20
1944.166667 0.37
1944.250000 0.29
1944.333333 0.15
1944.416667 0.14
1944.500000 0.01
1944.583333 0.04
1944.666667 0.17
1944.750000 0.24
1944.833333 0.26
1944.916667 0.13
1945 0.09
1945.083333 0.08
1945.166667 0.16
1945.250000 0.26
1945.333333 0.15
1945.416667 0.08
1945.500000 -0.07
1945.583333 -0.10
1945.666667 -0.06
1945.750000 0.02
1945.833333 0.07
1945.916667 0.12
1946 0.16
1946.083333 0.09
1946.166667 0.15
1946.250000 0.14
1946.333333 0.08
1946.416667 -0.04
1946.500000 -0.19
1946.583333 0.01
1946.666667 0.03
1946.750000 -0.04
1946.833333 -0.01
1946.916667 -0.01
1947 -0.13
1947.083333 0.03
1947.166667 0.03
1947.250000 -0.01
1947.333333 -0.20
1947.416667 -0.24
1947.500000 -0.23
1947.583333 -0.09
1947.666667 -0.02
1947.750000 0.08
1947.833333 0.16
1947.916667 0.07
1948 0.17
1948.083333 0.14
1948.166667 0.11
1948.250000 0.01
1948.333333 -0.06
1948.416667 0.05
1948.500000 0.03
1948.583333 -0.03
1948.666667 0.02
1948.750000 0.11
1948.833333 0.30
1948.916667 0.15
1949 0.07
1949.083333 0.16
1949.166667 0.07
1949.250000 0.14
1949.333333 0.04
1949.416667 0.09
1949.500000 0.14
1949.583333 0.13
1949.666667 0.10
1949.750000 0.17
1949.833333 0.19
1949.916667 0.20
1950 0.16
1950.083333 0.07
1950.166667 -0.06
1950.250000 -0.03
1950.333333 0.02
1950.416667 0.01
1950.500000 -0.04
1950.583333 -0.03
1950.666667 -0.03
1950.750000 0.00
1950.833333 0.17
1950.916667 0.27
1951 0.29
1951.083333 0.20
1951.166667 0.24
1951.250000 0.37
1951.333333 0.28
1951.416667 0.21
1951.500000 0.42
1951.583333 0.23
1951.666667 0.13
1951.750000 0.11
1951.833333 0.17
1951.916667 0.15
1952 -0.02
1952.083333 0.06
1952.166667 0.14
1952.250000 0.14
1952.333333 0.23
1952.416667 0.36
1952.500000 0.39
1952.583333 0.43
1952.666667 0.31
1952.750000 0.29
1952.833333 0.23
1952.916667 0.40
1953 0.29
1953.083333 0.23
1953.166667 0.08
1953.250000 0.22
1953.333333 0.27
1953.416667 0.23
1953.500000 0.25
1953.583333 0.17
1953.666667 0.16
1953.750000 0.07
1953.833333 0.28
1953.916667 0.26
1954 0.25
1954.083333 0.11
1954.166667 0.16
1954.250000 0.02
1954.333333 0.19
1954.416667 0.23
1954.500000 0.24
1954.583333 0.15
1954.666667 0.06
1954.750000 0.15
1954.833333 0.14
1954.916667 0.19
1955 0.31
1955.083333 0.26
1955.166667 0.20
1955.250000 0.28
1955.333333 0.36
1955.416667 0.36
1955.500000 0.44
1955.583333 0.38
1955.666667 0.28
1955.750000 0.42
1955.833333 0.51
1955.916667 0.40
1956 0.33
1956.083333 0.33
1956.166667 0.20
1956.250000 0.20
1956.333333 0.09
1956.416667 -0.05
1956.500000 0.04
1956.583333 -0.01
1956.666667 -0.01
1956.750000 0.03
1956.833333 -0.01
1956.916667 0.09
1957 -0.08
1957.083333 -0.18
1957.166667 0.01
1957.250000 -0.13
1957.333333 -0.28
1957.416667 -0.09
1957.500000 -0.08
1957.583333 0.06
1957.666667 0.11
1957.750000 0.09
1957.833333 0.01
1957.916667 -0.03
1958 -0.01
1958.083333 0.15
1958.166667 0.28
1958.250000 0.35
1958.333333 0.24
1958.416667 0.23
1958.500000 0.05
1958.583333 0.00
1958.666667 0.03
1958.750000 -0.01
1958.833333 0.15
1958.916667 0.08
1959 0.08
1959.083333 0.03
1959.166667 -0.08
1959.250000 -0.09
1959.333333 -0.14
1959.416667 -0.14
1959.500000 -0.16
1959.583333 -0.04
1959.666667 0.04
1959.750000 0.00
1959.833333 0.04
1959.916667 0.04
1960 0.15
1960.083333 0.25
1960.166667 0.11
1960.250000 0.11
1960.333333 0.24
1960.416667 0.26
1960.500000 0.16
1960.583333 0.29
1960.666667 0.13
1960.750000 0.25
1960.833333 0.24
1960.916667 0.07
1961 0.14
1961.083333 0.07
1961.166667 0.14
1961.250000 0.19
1961.333333 0.10
1961.416667 0.01
1961.500000 0.04
1961.583333 0.09
1961.666667 0.04
1961.750000 0.05
1961.833333 0.22
1961.916667 0.28
1962 0.22
1962.083333 0.25
1962.166667 0.25
1962.250000 0.14
1962.333333 0.08
1962.416667 -0.02
1962.500000 0.00
1962.583333 -0.06
1962.666667 -0.01
1962.750000 0.11
1962.833333 0.19
1962.916667 0.32
1963 0.33
1963.083333 0.28
1963.166667 0.17
1963.250000 0.11
1963.333333 -0.12
1963.416667 -0.10
1963.500000 -0.07
1963.583333 -0.16
1963.666667 -0.24
1963.750000 -0.05
1963.833333 0.01
1963.916667 -0.07
1964 -0.03
1964.083333 0.11
1964.166667 0.14
1964.250000 -0.03
1964.333333 0.17
1964.416667 0.12
1964.500000 0.07
1964.583333 -0.01
1964.666667 -0.01
1964.750000 -0.03
1964.833333 0.13
1964.916667 0.17
1965 0.04
1965.083333 0.03
1965.166667 0.16
1965.250000 0.08
1965.333333 0.05
1965.416667 -0.02
1965.500000 -0.03
1965.583333 -0.10
1965.666667 -0.15
1965.750000 -0.14
1965.833333 -0.19
1965.916667 -0.06
1966 -0.04
1966.083333 0.14
1966.166667 0.14
1966.250000 0.12
1966.333333 0.07
1966.416667 -0.03
1966.500000 -0.04
1966.583333 0.01
1966.666667 -0.01
1966.750000 0.06
1966.833333 0.10
1966.916667 0.16
1967 0.29
1967.083333 0.21
1967.166667 0.08
1967.250000 0.09
1967.333333 -0.16
1967.416667 -0.23
1967.500000 -0.12
1967.583333 -0.10
1967.666667 -0.07
1967.750000 -0.04
1967.833333 -0.03
1967.916667 0.05
1968 0.05
1968.083333 0.12
1968.166667 0.09
1968.250000 0.05
1968.333333 -0.02
1968.416667 -0.26
1968.500000 -0.20
1968.583333 -0.19
1968.666667 -0.16
1968.750000 -0.15
1968.833333 -0.12
1968.916667 -0.16
1969 -0.13
1969.083333 0.00
1969.166667 0.13
1969.250000 0.04
1969.333333 -0.05
1969.416667 -0.11
1969.500000 0.02
1969.583333 -0.14
1969.666667 -0.16
1969.750000 -0.20
1969.833333 -0.14
1969.916667 -0.08
1970 -0.10
1970.083333 -0.05
1970.166667 0.04
1970.250000 0.05
1970.333333 0.06
1970.416667 -0.08
1970.500000 -0.09
1970.583333 -0.05
1970.666667 -0.10
1970.750000 -0.13
1970.833333 -0.14
1970.916667 -0.09
1971 -0.07
1971.083333 -0.02
1971.166667 -0.03
1971.250000 -0.18
1971.333333 -0.14
1971.416667 -0.10
1971.500000 -0.14
1971.583333 -0.25
1971.666667 -0.16
1971.750000 -0.04
1971.833333 0.02
1971.916667 -0.07
1972 -0.25
1972.083333 -0.30
1972.166667 -0.35
1972.250000 -0.28
1972.333333 -0.46
1972.416667 -0.41
1972.500000 -0.36
1972.583333 -0.43
1972.666667 -0.40
1972.750000 -0.41
1972.833333 -0.40
1972.916667 -0.57
1973 -0.53
1973.083333 -0.42
1973.166667 -0.33
1973.250000 -0.24
1973.333333 -0.15
1973.416667 -0.09
1973.500000 -0.04
1973.583333 -0.10
1973.666667 -0.07
1973.750000 -0.15
1973.833333 -0.11
1973.916667 -0.01
1974 -0.06
1974.083333 -0.06
1974.166667 -0.17
1974.250000 -0.37
1974.333333 -0.36
1974.416667 -0.28
1974.500000 -0.42
1974.583333 -0.44
1974.666667 -0.51
1974.750000 -0.41
1974.833333 -0.28
1974.916667 -0.23
1975 -0.06
1975.083333 -0.08
1975.166667 -0.11
1975.250000 -0.14
1975.333333 -0.22
1975.416667 -0.06
1975.500000 0.00
1975.583333 0.07
1975.666667 -0.06
1975.750000 -0.11
1975.833333 -0.02
1975.916667 0.03
1976 -0.03
1976.083333 -0.12
1976.166667 -0.25
1976.250000 -0.19
1976.333333 -0.23
1976.416667 -0.26
1976.500000 -0.10
1976.583333 0.02
1976.666667 -0.07
1976.750000 -0.19
1976.833333 -0.31
1976.916667 -0.44
1977 -0.37
1977.083333 -0.30
1977.166667 -0.12
1977.250000 -0.15
1977.333333 -0.10
1977.416667 -0.06
1977.500000 -0.05
1977.583333 -0.13
1977.666667 -0.28
1977.750000 -0.26
1977.833333 -0.15
1977.916667 -0.22
1978 -0.09
1978.083333 0.02
1978.166667 0.01
1978.250000 -0.01
1978.333333 -0.10
1978.416667 -0.20
1978.500000 -0.29
1978.583333 -0.18
1978.666667 -0.17
1978.750000 -0.13
1978.833333 -0.05
1978.916667 -0.16
1979 -0.15
1979.083333 -0.13
1979.166667 -0.18
1979.250000 -0.18
1979.333333 -0.04
1979.416667 0.00
1979.500000 -0.03
1979.583333 -0.18
1979.666667 -0.15
1979.750000 -0.15
1979.833333 -0.11
1979.916667 -0.14
1980 -0.09
1980.083333 -0.06
1980.166667 -0.18
1980.250000 0.08
1980.333333 0.17
1980.416667 0.06
1980.500000 0.01
1980.583333 0.01
1980.666667 -0.06
1980.750000 -0.07
1980.833333 -0.18
1980.916667 -0.20
1981 -0.03
1981.083333 0.02
1981.166667 0.12
1981.250000 0.02
1981.333333 0.02
1981.416667 0.04
1981.500000 -0.03
1981.583333 -0.04
1981.666667 -0.05
1981.750000 -0.18
1981.833333 -0.04
1981.916667 0.03
1982 -0.07
1982.083333 -0.07
1982.166667 -0.05
1982.250000 -0.18
1982.333333 -0.17
1982.416667 -0.25
1982.500000 -0.23
1982.583333 -0.27
1982.666667 -0.31
1982.750000 -0.48
1982.833333 -0.49
1982.916667 -0.50
1983 -0.44
1983.083333 -0.22
1983.166667 -0.01
1983.250000 -0.08
1983.333333 -0.14
1983.416667 -0.15
1983.500000 -0.05
1983.583333 -0.16
1983.666667 -0.26
1983.750000 -0.16
1983.833333 -0.08
1983.916667 -0.06
1984 -0.16
1984.083333 -0.13
1984.166667 -0.11
1984.250000 -0.07
1984.333333 -0.08
1984.416667 -0.30
1984.500000 -0.27
1984.583333 -0.22
1984.666667 -0.23
1984.750000 -0.35
1984.833333 -0.34
1984.916667 -0.33
1985 -0.29
1985.083333 -0.28
1985.166667 -0.27
1985.250000 -0.32
1985.333333 -0.30
1985.416667 -0.07
1985.500000 -0.02
1985.583333 -0.25
1985.666667 -0.26
1985.750000 -0.26
1985.833333 -0.25
1985.916667 -0.31
1986 -0.37
1986.083333 -0.34
1986.166667 -0.33
1986.250000 -0.34
1986.333333 -0.25
1986.416667 -0.32
1986.500000 -0.27
1986.583333 -0.34
1986.666667 -0.31
1986.750000 -0.43
1986.833333 -0.47
1986.916667 -0.41
1987 -0.28
1987.083333 -0.22
1987.166667 -0.10
1987.250000 0.01
1987.333333 0.03
1987.416667 0.09
1987.500000 0.12
1987.583333 0.16
1987.666667 -0.02
1987.750000 -0.13
1987.833333 -0.23
1987.916667 -0.18
1988 -0.29
1988.083333 -0.31
1988.166667 -0.24
1988.250000 -0.06
1988.333333 0.04
1988.416667 0.16
1988.500000 0.11
1988.583333 -0.02
1988.666667 -0.07
1988.750000 -0.11
1988.833333 -0.04
1988.916667 -0.08
1989 -0.21
1989.083333 -0.11
1989.166667 -0.24
1989.250000 -0.36
1989.333333 -0.18
1989.416667 0.16
1989.500000 0.22
1989.583333 0.16
1989.666667 -0.14
1989.750000 -0.11
1989.833333 -0.18
1989.916667 -0.22
1990 -0.30
1990.083333 -0.26
1990.166667 -0.23
1990.250000 -0.16
1990.333333 -0.18
1990.416667 -0.19
1990.500000 -0.17
1990.583333 -0.04
1990.666667 0.08
1990.750000 0.00
1990.833333 -0.07
1990.916667 -0.15
1991 -0.30
1991.083333 -0.21
1991.166667 -0.20
1991.250000 -0.38
1991.333333 -0.32
1991.416667 -0.33
1991.500000 -0.32
1991.583333 -0.21
1991.666667 -0.15
1991.750000 -0.29
1991.833333 -0.25
1991.916667 -0.22
1992 -0.15
1992.083333 -0.11
1992.166667 -0.15
1992.250000 -0.26
1992.333333 -0.30
1992.416667 -0.27
1992.500000 -0.26
1992.583333 -0.39
1992.666667 -0.35
1992.750000 -0.25
1992.833333 -0.26
1992.916667 -0.22
1993 -0.22
1993.083333 -0.15
1993.166667 -0.24
1993.250000 -0.16
1993.333333 -0.22
1993.416667 -0.29
1993.500000 -0.34
1993.583333 -0.21
1993.666667 -0.19
1993.750000 -0.29
1993.833333 -0.34
1993.916667 -0.32
1994 -0.39
1994.083333 -0.37
1994.166667 -0.31
1994.250000 -0.23
1994.333333 -0.32
1994.416667 -0.28
1994.500000 -0.31
1994.583333 -0.33
1994.666667 -0.24
1994.750000 -0.14
1994.833333 -0.09
1994.916667 -0.12
1995 -0.08
1995.083333 -0.03
1995.166667 -0.03
1995.250000 0.05
1995.333333 0.09
1995.416667 0.17
1995.500000 0.10
1995.583333 0.08
1995.666667 -0.04
1995.750000 0.05
1995.833333 0.07
1995.916667 0.03
1996 0.10
1996.083333 -0.04
1996.166667 -0.12
1996.250000 -0.02
1996.333333 -0.07
1996.416667 -0.16
1996.500000 -0.12
1996.583333 -0.13
1996.666667 -0.02
1996.750000 -0.08
1996.833333 -0.07
1996.916667 -0.07
1997 -0.02
1997.083333 0.06
1997.166667 -0.06
1997.250000 -0.05
1997.333333 -0.08
1997.416667 -0.17
1997.500000 -0.13
1997.583333 -0.19
1997.666667 -0.16
1997.750000 0.01
1997.833333 -0.06
1997.916667 -0.16
1998 -0.06
1998.083333 0.07
1998.166667 0.06
1998.250000 0.03
1998.333333 0.04
1998.416667 0.21
1998.500000 0.15
1998.583333 0.28
1998.666667 0.17
1998.750000 0.23
1998.833333 0.24
1998.916667 0.25
1999 0.09
1999.083333 0.06
1999.166667 0.02
1999.250000 0.09
1999.333333 0.24
1999.416667 0.17
1999.500000 0.23
1999.583333 0.38
1999.666667 0.22
1999.750000 0.12
1999.833333 0.05
1999.916667 0.16
2000 -0.04
2000.083333 0.04
2000.166667 0.16
2000.250000 0.06
2000.333333 0.13
2000.416667 0.02
2000.500000 0.09
2000.583333 0.06
2000.666667 0.03
2000.750000 -0.06
2000.833333 0.01
2000.916667 -0.13
2001 -0.12
2001.083333 -0.06
2001.166667 -0.05
2001.250000 -0.09
2001.333333 -0.10
2001.416667 0.10
2001.500000 0.05
2001.583333 0.16
2001.666667 0.24
2001.750000 0.20
2001.833333 0.15
2001.916667 0.17
2002 0.19
2002.083333 0.14
2002.166667 0.04
2002.250000 -0.06
2002.333333 -0.20
2002.416667 -0.33
2002.500000 -0.28
2002.583333 -0.07
2002.666667 -0.05
2002.750000 -0.03
2002.833333 -0.01
2002.916667 -0.09
2003 -0.01
2003.083333 -0.06
2003.166667 -0.04
2003.250000 -0.06
2003.333333 0.00
2003.416667 0.03
2003.500000 0.15
2003.583333 0.23
2003.666667 0.26
2003.750000 0.36
2003.833333 0.13
2003.916667 0.17
2004 0.17
2004.083333 0.10
2004.166667 0.10
2004.250000 0.07
2004.333333 -0.06
2004.416667 0.06
2004.500000 0.11
2004.583333 0.17
2004.666667 0.04
2004.750000 0.12
2004.833333 0.10
2004.916667 0.08
2005 0.05
2005.083333 0.07
2005.166667 0.18
2005.250000 0.26
2005.333333 0.20
2005.416667 0.21
2005.500000 0.29
2005.583333 0.30
2005.666667 0.34
2005.750000 0.23
2005.833333 0.23
2005.916667 0.30
2006 0.25
2006.083333 0.12
2006.166667 0.09
2006.250000 0.18
2006.333333 0.25
2006.416667 0.28
2006.500000 0.24
2006.583333 0.28
2006.666667 0.24
2006.750000 0.30
2006.833333 0.30
2006.916667 0.09
2007 0.20
2007.083333 0.20
2007.166667 0.15
2007.250000 0.15
2007.333333 0.13
2007.416667 -0.05
2007.500000 0.00
2007.583333 -0.07
2007.666667 0.15
2007.750000 0.27
2007.833333 0.42
2007.916667 0.32
2008 0.29
2008.083333 0.31
2008.166667 0.34
2008.250000 0.15
2008.333333 0.24
2008.416667 0.39
2008.500000 0.30
2008.583333 0.18
2008.666667 0.18
2008.750000 0.14
2008.833333 0.13
2008.916667 0.09
2009 0.04
2009.083333 -0.16
2009.166667 -0.17
2009.250000 -0.16
2009.333333 -0.20
2009.416667 -0.11
2009.500000 0.03
2009.583333 -0.04
2009.666667 -0.10
2009.750000 0.09
2009.833333 0.03
2009.916667 -0.03
2010 -0.01
2010.083333 0.06
2010.166667 0.18
2010.250000 0.29
2010.333333 0.33
2010.416667 0.35
2010.500000 0.39
2010.583333 0.54
2010.666667 0.36
2010.750000 0.38
2010.833333 0.39
2010.916667 0.29
2011 0.34
2011.083333 0.19
2011.166667 0.07
2011.250000 0.10
2011.333333 0.13
2011.416667 0.15
2011.500000 0.06
2011.583333 0.16
2011.666667 0.15
2011.750000 0.23
2011.833333 0.05
2011.916667 0.09
2012 0.18
2012.083333 0.12
2012.166667 0.08
2012.250000 0.08
2012.333333 0.08
2012.416667 0.22
2012.500000 0.19
2012.583333 0.37
2012.666667 0.38
2012.750000 0.28
2012.833333 0.20
2012.916667 0.15
2013 0.20
2013.083333 0.13
2013.166667 0.19
2013.250000 0.09
2013.333333 0.06
2013.416667 -0.02
2013.500000 0.11
2013.583333 0.11
2013.666667 0.23
2013.750000 0.38
2013.833333 0.10
2013.916667 0.05
2014 -0.01
2014.083333 -0.06
2014.166667 -0.18
2014.250000 -0.24
2014.333333 -0.21
2014.416667 -0.21
2014.500000 0.00
2014.583333 0.09
2014.666667 0.11
2014.750000 0.15
2014.833333 0.01
2014.916667 -0.01
2015 -0.04
2015.083333 -0.05
2015.166667 -0.21
2015.250000 -0.31
2015.333333 -0.23
2015.416667 -0.25
2015.500000 -0.24
2015.583333 -0.16
2015.666667 -0.01
2015.750000 0.05
2015.833333 -0.10
2015.916667 -0.09
2016 -0.12
2016.083333 -0.10
2016.166667 -0.12
2016.250000 -0.15
2016.333333 0.03
2016.416667 0.00
2016.500000 0.02
2016.583333 0.17
2016.666667 0.03
2016.750000 0.08
2016.833333 0.18
2016.916667 0.20
2017 0.13
2017.083333 0.04
2017.166667 -0.02
2017.250000 0.09
2017.333333 0.02
2017.416667 0.06
2017.500000 0.06
2017.583333 0.10
2017.666667 0.17
2017.750000 0.19
2017.833333 0.32
2017.916667 0.44
2018 0.23
2018.083333 0.07
2018.166667 -0.05
2018.250000 -0.15
2018.333333 -0.21
2018.416667 -0.18
2018.500000 -0.12
2018.583333 -0.04
2018.666667 0.12
2018.750000 -0.10
2018.833333 -0.25
2018.916667 -0.25
2019 -0.11
2019.083333 -0.05
2019.166667 -0.12
2019.250000 -0.15
2019.333333 -0.10
2019.416667 -0.04
2019.500000 0.13
2019.583333 0.17
2019.666667 0.13
2019.750000 -0.05
2019.833333 -0.04
2019.916667 0.00
2020 0.02
2020.083333 0.17
2020.166667 0.25
2020.250000 0.10
2020.333333 0.02
2020.416667 0.04
2020.500000 0.12
2020.583333 0.24
2020.666667 0.14
2020.750000 0.23
2020.833333 0.12
2020.916667 0.19
2021 0.23
2021.083333 0.18
2021.166667 0.02
