1880	0.2720515
1880.083333	0.2247109
1880.166667	0.1703434
1880.25	0.2654309
1880.333333	-4.39E-02
1880.416667	0.1182116
1880.5	0.5804003
1880.583333	0.3958039
1880.666667	0.3489968
1880.75	0.3488823
1880.833333	0.3897189
1880.916667	4.58E-03
1881	0.2863503
1881.083333	0.3388516
1881.166667	0.16886
1881.25	-0.1547202
1881.333333	2.62E-02
1881.416667	0.1619027
1881.5	-0.1830073
1881.583333	-0.2459652
1881.666667	-4.23E-03
1881.75	-8.05E-02
1881.833333	-0.3188033
1881.916667	-0.4613658
1882	-0.1148202
1882.083333	-5.90E-02
1882.166667	-7.73E-02
1882.25	3.31E-02
1882.333333	-5.58E-02
1882.416667	0.2040146
1882.5	0.2420342
1882.583333	3.78E-02
1882.666667	-6.64E-02
1882.75	9.60E-02
1882.833333	0.2374624
1882.916667	0.2335186
1883	0.1718743
1883.083333	0.1027722
1883.166667	-0.1857258
1883.25	-0.1003666
1883.333333	-0.1732835
1883.416667	-0.1379543
1883.5	-0.130098
1883.583333	-5.27E-02
1883.666667	-6.67E-02
1883.75	0.1195554
1883.833333	0.2827361
1883.916667	0.2331988
1884	-7.62E-02
1884.083333	-5.36E-02
1884.166667	0.1005703
1884.25	-1.04E-02
1884.333333	0.1371927
1884.416667	4.39E-02
1884.5	-0.218229
1884.583333	-0.1268653
1884.666667	-0.2492417
1884.75	-0.1811538
1884.833333	-0.3248744
1884.916667	-0.108732
1885	0.1573017
1885.083333	-6.62E-02
1885.166667	-2.62E-02
1885.25	0.1485004
1885.333333	0.2075232
1885.416667	1.99E-02
1885.5	3.09E-02
1885.583333	0.1534402
1885.666667	9.80E-02
1885.75	-3.58E-03
1885.833333	2.99E-02
1885.916667	7.38E-02
1886	0.4234482
1886.083333	0.5511542
1886.166667	0.2980439
1886.25	0.2713662
1886.333333	0.3068943
1886.416667	0.3884739
1886.5	0.3122593
1886.583333	0.1511865
1886.666667	-9.58E-02
1886.75	8.37E-02
1886.833333	8.02E-02
1886.916667	0.1325243
1887	0.2262495
1887.083333	9.89E-02
1887.166667	0.2128939
1887.25	0.2293167
1887.333333	0.3108361
1887.416667	0.5750816
1887.5	0.3419904
1887.583333	0.292686
1887.666667	7.31E-02
1887.75	0.3940362
1887.833333	0.2748517
1887.916667	0.2031453
1888	0.2221671
1888.083333	0.1625432
1888.166667	0.103751
1888.25	-9.04E-02
1888.333333	0.241527
1888.416667	0.3484765
1888.5	-4.58E-02
1888.583333	-0.1724157
1888.666667	-0.1452096
1888.75	-0.120104
1888.833333	7.38E-02
1888.916667	0.2216364
1889	-7.93E-02
1889.083333	-0.1112194
1889.166667	-9.68E-03
1889.25	3.80E-02
1889.333333	0.2133622
1889.416667	1.38E-02
1889.5	-0.2702518
1889.583333	-2.18E-02
1889.666667	0.1355909
1889.75	0.2213097
1889.833333	0.6039352
1889.916667	0.4447456
1890	0.297561
1890.083333	0.2002622
1890.166667	0.1161353
1890.25	-3.82E-02
1890.333333	0.1425412
1890.416667	0.1600814
1890.5	-8.37E-02
1890.583333	-5.89E-02
1890.666667	9.97E-02
1890.75	0.2786191
1890.833333	0.3211401
1890.916667	3.88E-02
1891	-0.1811494
1891.083333	-9.03E-03
1891.166667	-1.10E-02
1891.25	0.217777
1891.333333	5.35E-02
1891.416667	-2.89E-02
1891.5	0.1470069
1891.583333	0.1151039
1891.666667	2.67E-02
1891.75	-0.1913022
1891.833333	-0.2884972
1891.916667	-0.1061977
1892	1.02E-02
1892.083333	-0.1127196
1892.166667	0.1226636
1892.25	0.1993102
1892.333333	-0.1613739
1892.416667	-0.2864577
1892.5	2.09E-02
1892.583333	0.1178298
1892.666667	-0.2506499
1892.75	-0.3906278
1892.833333	3.97E-02
1892.916667	0.1229649
1893	0.3389688
1893.083333	0.2656975
1893.166667	-9.60E-02
1893.25	-0.1782681
1893.333333	5.86E-02
1893.416667	0.186995
1893.5	-6.15E-02
1893.583333	8.61E-02
1893.666667	-2.37E-02
1893.75	7.38E-02
1893.833333	5.96E-02
1893.916667	9.71E-02
1894	9.26E-02
1894.083333	-3.74E-02
1894.166667	-1.51E-02
1894.25	3.77E-02
1894.333333	-4.86E-02
1894.416667	-6.41E-02
1894.5	-4.87E-02
1894.583333	-0.1919748
1894.666667	-0.1374136
1894.75	-0.3284685
1894.833333	-0.2174909
1894.916667	-0.2191068
1895	2.04E-02
1895.083333	-0.2505381
1895.166667	-0.2501522
1895.25	-0.2929334
1895.333333	-0.1248374
1895.416667	-8.04E-02
1895.5	3.98E-02
1895.583333	-0.1353993
1895.666667	-1.94E-02
1895.75	-1.16E-02
1895.833333	-0.1952938
1895.916667	-0.144887
1896	-5.88E-02
1896.083333	-3.47E-02
1896.166667	3.39E-02
1896.25	-9.48E-03
1896.333333	0.4051755
1896.416667	0.2501593
1896.5	2.77E-02
1896.583333	5.56E-04
1896.666667	0.1229353
1896.75	-0.2016372
1896.833333	-1.24E-02
1896.916667	-0.2384813
1897	-0.1898805
1897.083333	-4.04E-02
1897.166667	7.04E-02
1897.25	-4.47E-02
1897.333333	-1.87E-02
1897.416667	-1.22E-02
1897.5	-0.1445569
1897.583333	-0.2861296
1897.666667	-0.2938863
1897.75	-0.2147641
1897.833333	-6.73E-02
1897.916667	-0.1411293
1898	-0.2483781
1898.083333	8.17E-02
1898.166667	0.2520527
1898.25	0.1961856
1898.333333	0.1806929
1898.416667	0.2692291
1898.5	0.5343888
1898.583333	0.6151282
1898.666667	0.4595043
1898.75	0.1307421
1898.833333	-0.1321842
1898.916667	-0.1615266
1899	-4.79E-02
1899.083333	-7.83E-02
1899.166667	-5.38E-02
1899.25	0.2748134
1899.333333	0.2360148
1899.416667	0.2369232
1899.5	8.28E-02
1899.583333	0.1771961
1899.666667	5.21E-02
1899.75	-0.124843
1899.833333	-0.2029812
1899.916667	0.1936125
1900	0.1780991
1900.083333	3.52E-02
1900.166667	-8.52E-02
1900.25	-5.28E-02
1900.333333	-0.448433
1900.416667	-0.3614308
1900.5	-0.1496417
1900.583333	-0.1886119
1900.666667	-0.2437164
1900.75	-0.1506923
1900.833333	-6.64E-02
1900.916667	-0.2364451
1901	-6.27E-02
1901.083333	-6.00E-02
1901.166667	-0.2517392
1901.25	-0.259952
1901.333333	-0.16409
1901.416667	-6.84E-02
1901.5	1.41E-02
1901.583333	0.107974
1901.666667	3.62E-02
1901.75	-0.1045906
1901.833333	-0.256304
1901.916667	-0.4282041
1902	-9.23E-02
1902.083333	-0.189515
1902.166667	-0.2059582
1902.25	-0.271837
1902.333333	-0.2673033
1902.416667	-0.5242785
1902.5	-0.4576617
1902.583333	-0.2108621
1902.666667	-3.67E-02
1902.75	0.1972283
1902.833333	0.1787818
1902.916667	-1.36E-02
1903	-0.1952671
1903.083333	-0.3325028
1903.166667	-8.99E-02
1903.25	-0.1706757
1903.333333	-0.3374224
1903.416667	-0.6138048
1903.5	-0.7028
1903.583333	-0.7297174
1903.666667	-0.4848026
1903.75	-0.585434
1903.833333	-0.3686381
1903.916667	-0.35131
1904	-0.1733036
1904.083333	-0.2621934
1904.166667	-0.4272793
1904.25	-0.3458519
1904.333333	-0.1726911
1904.416667	-0.4170058
1904.5	-0.1585533
1904.583333	-9.89E-02
1904.666667	-0.2584657
1904.75	-0.3492545
1904.833333	-0.4371419
1904.916667	-0.4390647
1905	-0.5257248
1905.083333	-0.3022543
1905.166667	-0.3175737
1905.25	-0.2245596
1905.333333	-0.2068317
1905.416667	-0.3358105
1905.5	-0.2063691
1905.583333	-0.5294352
1905.666667	-0.6533082
1905.75	-0.4534356
1905.833333	-0.4498496
1905.916667	-0.4455459
1906	2.44E-02
1906.083333	5.13E-02
1906.166667	-0.1649745
1906.25	-0.2287658
1906.333333	-0.2464542
1906.416667	-0.1174153
1906.5	-0.1447283
1906.583333	-0.2341436
1906.666667	-0.2402921
1906.75	-0.2979971
1906.833333	-2.60E-02
1906.916667	-0.3642561
1907	-0.2525081
1907.083333	-0.278008
1907.166667	-0.2269568
1907.25	-4.36E-03
1907.333333	-0.1674142
1907.416667	-0.2959836
1907.5	-0.2328718
1907.583333	-0.3449527
1907.666667	-0.1293413
1907.75	-0.2270237
1907.833333	-0.1862065
1907.916667	-8.38E-02
1908	-0.1663747
1908.083333	-0.1927058
1908.166667	5.13E-02
1908.25	-0.1938367
1908.333333	-0.1423185
1908.416667	0.2011082
1908.5	0.4327036
1908.583333	0.2127022
1908.666667	7.87E-02
1908.75	3.07E-02
1908.833333	1.20E-02
1908.916667	-3.58E-02
1909	9.19E-02
1909.083333	-0.1842492
1909.166667	-8.90E-02
1909.25	-0.1391322
1909.333333	-7.09E-02
1909.416667	-0.2054325
1909.5	-0.2723781
1909.583333	-0.1868554
1909.666667	3.02E-02
1909.75	0.1033781
1909.833333	-0.3391985
1909.916667	-0.2202529
1910	-0.3561718
1910.083333	-0.1530997
1910.166667	-7.10E-02
1910.25	-5.10E-03
1910.333333	-0.1535025
1910.416667	-0.2853873
1910.5	-0.2254697
1910.583333	-2.06E-02
1910.666667	0.1076507
1910.75	-3.16E-02
1910.833333	0.3097356
1910.916667	0.2052839
1911	5.29E-02
1911.083333	7.30E-02
1911.166667	-1.37E-02
1911.25	-0.1797706
1911.333333	-5.24E-02
1911.416667	0.1734203
1911.5	0.2805614
1911.583333	0.3083073
1911.666667	0.1752988
1911.75	-9.87E-02
1911.833333	-0.260961
1911.916667	-0.1828124
1912	-0.3084682
1912.083333	-0.4224527
1912.166667	-0.2535609
1912.25	-0.2708417
1912.333333	-0.2100508
1912.416667	-0.1851258
1912.5	-0.3464682
1912.583333	-0.5169984
1912.666667	-0.3059569
1912.75	-6.98E-02
1912.833333	-0.2871139
1912.916667	-0.1552032
1913	-0.1611212
1913.083333	-6.38E-02
1913.166667	-2.04E-02
1913.25	-0.2744176
1913.333333	-0.2460314
1913.416667	-0.4068069
1913.5	-0.3212553
1913.583333	-0.2946655
1913.666667	-0.2143764
1913.75	-0.1195346
1913.833333	-0.2590432
1913.916667	-0.2679591
1914	-0.243394
1914.083333	-0.3599238
1914.166667	-0.3185833
1914.25	-0.307918
1914.333333	-0.3317585
1914.416667	-0.3180109
1914.5	-0.5683315
1914.583333	-0.5302014
1914.666667	-0.220524
1914.75	-7.93E-02
1914.833333	-9.38E-02
1914.916667	-0.3229629
1915	-0.1193285
1915.083333	-9.45E-02
1915.166667	-9.48E-02
1915.25	-0.2075931
1915.333333	-2.51E-02
1915.416667	0.1960334
1915.5	6.73E-02
1915.583333	0.1840089
1915.666667	0.2518221
1915.75	0.2776285
1915.833333	0.1631114
1915.916667	5.42E-02
1916	-0.1945309
1916.083333	-1.27E-02
1916.166667	-8.68E-02
1916.25	0.1585383
1916.333333	0.1799475
1916.416667	0.3779767
1916.5	0.2830963
1916.583333	-7.70E-02
1916.666667	0.1524379
1916.75	0.3891593
1916.833333	0.1694489
1916.916667	0.1838385
1917	-9.32E-02
1917.083333	6.91E-02
1917.166667	7.93E-02
1917.25	5.92E-02
1917.333333	4.50E-02
1917.416667	7.01E-02
1917.5	8.83E-02
1917.583333	0.135895
1917.666667	-0.145183
1917.75	0.2149721
1917.833333	0.1788386
1917.916667	0.3635291
1918	7.01E-02
1918.083333	-9.46E-02
1918.166667	-0.2574524
1918.25	7.33E-02
1918.333333	3.15E-02
1918.416667	-7.93E-02
1918.5	-0.2494707
1918.583333	-0.3759013
1918.666667	-0.4831516
1918.75	-0.5525637
1918.833333	-0.1537762
1918.916667	0.2131908
1919	0.1636385
1919.083333	4.93E-02
1919.166667	-8.71E-02
1919.25	-0.1967704
1919.333333	-0.1176687
1919.416667	-9.46E-02
1919.5	-0.2767465
1919.583333	0.1046946
1919.666667	0.1686446
1919.75	0.1177546
1919.833333	0.1290393
1919.916667	9.10E-02
1920	-0.1278819
1920.083333	-2.49E-02
1920.166667	-0.1021024
1920.25	-3.58E-02
1920.333333	-3.76E-02
1920.416667	-0.1070556
1920.5	-0.1041474
1920.583333	-0.1436965
1920.666667	-9.13E-02
1920.75	-5.28E-02
1920.833333	-0.1508713
1920.916667	-7.67E-02
1921	-0.2586129
1921.083333	-7.91E-02
1921.166667	3.06E-02
1921.25	8.02E-02
1921.333333	2.98E-02
1921.416667	4.12E-02
1921.5	0.1004369
1921.583333	-0.2179934
1921.666667	-6.62E-02
1921.75	8.23E-02
1921.833333	-3.14E-02
1921.916667	3.64E-02
1922	2.19E-02
1922.083333	0.1278585
1922.166667	-0.1575914
1922.25	-0.2722298
1922.333333	-0.2438624
1922.416667	-7.10E-02
1922.5	-0.2599292
1922.583333	-0.1443568
1922.666667	1.95E-03
1922.75	2.04E-03
1922.833333	-0.2951181
1922.916667	-0.2338108
1923	-5.33E-02
1923.083333	-3.32E-02
1923.166667	-0.1022354
1923.25	1.60E-02
1923.333333	-1.86E-02
1923.416667	-9.87E-02
1923.5	-9.45E-02
1923.583333	-0.2349196
1923.666667	-0.1140889
1923.75	-4.94E-02
1923.833333	-8.41E-02
1923.916667	8.51E-02
1924	-5.35E-03
1924.083333	-1.95E-02
1924.166667	-6.02E-02
1924.25	-7.99E-02
1924.333333	5.51E-02
1924.416667	-0.1207899
1924.5	-0.1688897
1924.583333	6.05E-03
1924.666667	-2.89E-02
1924.75	0.2081611
1924.833333	-0.1521019
1924.916667	4.61E-02
1925	-4.90E-02
1925.083333	0.1799372
1925.166667	0.1271827
1925.25	7.57E-02
1925.333333	0.14964
1925.416667	5.92E-02
1925.5	3.14E-02
1925.583333	-0.10182
1925.666667	6.68E-02
1925.75	2.54E-02
1925.833333	-0.3327944
1925.916667	-0.1948642
1926	-0.1287392
1926.083333	-8.77E-02
1926.166667	-0.1865554
1926.25	-4.09E-02
1926.333333	1.43E-02
1926.416667	-2.48E-02
1926.5	-1.84E-02
1926.583333	-0.2649824
1926.666667	-0.1634022
1926.75	0.1452562
1926.833333	1.89E-02
1926.916667	0.1963628
1927	0.2607338
1927.083333	0.2198254
1927.166667	0.3264747
1927.25	0.1893968
1927.333333	0.3560461
1927.416667	0.2079728
1927.5	9.21E-03
1927.583333	0.1240079
1927.666667	-2.46E-02
1927.75	6.20E-02
1927.833333	0.1083793
1927.916667	0.1225961
1928	1.15E-03
1928.083333	-2.93E-02
1928.166667	0.1137097
1928.25	9.67E-02
1928.333333	0.1863491
1928.416667	0.2664357
1928.5	0.2745529
1928.583333	0.1718565
1928.666667	0.2515112
1928.75	0.1304926
1928.833333	3.15E-02
1928.916667	0.1449158
1929	0.330519
1929.083333	0.384537
1929.166667	0.211987
1929.25	0.2498724
1929.333333	9.57E-02
1929.416667	8.18E-02
1929.5	7.65E-03
1929.583333	0.1419591
1929.666667	0.2265722
1929.75	0.2810184
1929.833333	0.2230698
1929.916667	0.3033849
1930	0.2013931
1930.083333	0.1177473
1930.166667	6.39E-02
1930.25	-4.61E-03
1930.333333	0.1657609
1930.416667	0.2246918
1930.5	0.4281017
1930.583333	4.62E-02
1930.666667	0.3271312
1930.75	0.3994634
1930.833333	0.2078515
1930.916667	0.29577
1931	0.2946419
1931.083333	0.3251014
1931.166667	0.2441996
1931.25	0.3416862
1931.333333	0.357508
1931.416667	0.1473411
1931.5	-7.44E-03
1931.583333	2.96E-02
1931.666667	0.3153952
1931.75	0.3276121
1931.833333	0.2399445
1931.916667	0.1734272
1932	0.1657806
1932.083333	0.2487643
1932.166667	0.2780757
1932.25	0.2662618
1932.333333	0.2122752
1932.416667	0.4199564
1932.5	0.3804832
1932.583333	0.7472051
1932.666667	0.5793183
1932.75	0.3398417
1932.833333	0.3687288
1932.916667	0.3532892
1933	0.3425273
1933.083333	0.4109993
1933.166667	0.3009634
1933.25	0.3997816
1933.333333	0.3694269
1933.416667	0.5099189
1933.5	0.3844525
1933.583333	0.4685495
1933.666667	0.6204268
1933.75	0.8721863
1933.833333	0.5953383
1933.916667	0.29052
1934	0.222916
1934.083333	3.68E-02
1934.166667	0.3412585
1934.25	0.2930864
1934.333333	7.50E-02
1934.416667	0.357731
1934.5	0.4043018
1934.583333	0.2763486
1934.666667	0.3773081
1934.75	0.4403087
1934.833333	0.3422114
1934.916667	0.240874
1935	0.2381079
1935.083333	-9.90E-03
1935.166667	0.1354499
1935.25	0.4268735
1935.333333	0.2788943
1935.416667	0.3225725
1935.5	0.167601
1935.583333	0.2861096
1935.666667	0.1423682
1935.75	9.37E-02
1935.833333	0.4447602
1935.916667	0.4596402
1936	0.3606746
1936.083333	0.278292
1936.166667	0.2867259
1936.25	0.2027621
1936.333333	0.1363342
1936.416667	0.4668934
1936.5	0.1570304
1936.583333	0.2874369
1936.666667	0.1775458
1936.75	0.1038747
1936.833333	9.55E-02
1936.916667	0.1439226
1937	0.1686909
1937.083333	7.26E-02
1937.166667	0.1366759
1937.25	1.72E-02
1937.333333	9.64E-02
1937.416667	0.6702412
1937.5	0.8463028
1937.583333	0.7324173
1937.666667	0.5549033
1937.75	0.2085202
1937.833333	0.1608075
1937.916667	0.317316
1938	9.89E-02
1938.083333	2.98E-02
1938.166667	2.12E-02
1938.25	0.174182
1938.333333	0.3495817
1938.416667	0.4592894
1938.5	0.2470551
1938.583333	0.3151494
1938.666667	0.331079
1938.75	0.2923265
1938.833333	0.3866006
1938.916667	0.2922029
1939	0.1689996
1939.083333	0.2464702
1939.166667	0.1727905
1939.25	7.65E-02
1939.333333	0.1095375
1939.416667	0.2341667
1939.5	0.1784646
1939.583333	0.4906834
1939.666667	0.6095577
1939.75	0.4074727
1939.833333	0.2307401
1939.916667	9.91E-02
1940	0.2981058
1940.083333	0.3619183
1940.166667	0.3061634
1940.25	5.93E-02
1940.333333	6.62E-02
1940.416667	0.1296578
1940.5	0.1858514
1940.583333	0.1619414
1940.666667	0.2076656
1940.75	0.3293026
1940.833333	0.272852
1940.916667	0.3820117
1941	0.3199074
1941.083333	0.1128786
1941.166667	0.1204374
1941.25	0.1983012
1941.333333	9.90E-02
1941.416667	-0.1397896
1941.5	-5.69E-02
1941.583333	4.01E-02
1941.666667	0.4268052
1941.75	0.3639427
1941.833333	0.4107186
1941.916667	0.3874092
1942	6.47E-02
1942.083333	0.14285
1942.166667	0.2057392
1942.25	0.2632554
1942.333333	0.2788361
1942.416667	0.1750358
1942.5	0.3275695
1942.583333	0.4881524
1942.666667	0.4170304
1942.75	0.2512583
1942.833333	0.1948155
1942.916667	-0.1076913
1943	6.82E-02
1943.083333	1.17E-02
1943.166667	4.64E-02
1943.25	8.99E-02
1943.333333	4.72E-03
1943.416667	5.11E-02
1943.5	3.95E-02
1943.583333	0.1073505
1943.666667	5.66E-02
1943.75	2.41E-02
1943.833333	0.1685559
1943.916667	0.1084792
1944	0.2453806
1944.083333	0.3358925
1944.166667	0.2624973
1944.25	0.2986352
1944.333333	0.2847914
1944.416667	0.1442674
1944.5	-3.75E-02
1944.583333	0.1587828
1944.666667	0.3839508
1944.75	0.4057653
1944.833333	0.5108306
1944.916667	0.4527514
1945	0.2796406
1945.083333	0.4523194
1945.166667	0.4079441
1945.25	0.4276954
1945.333333	0.2820114
1945.416667	0.1770847
1945.5	0.1795226
1945.583333	2.77E-02
1945.666667	0.1722496
1945.75	7.63E-02
1945.833333	4.82E-03
1945.916667	8.87E-02
1946	-9.69E-02
1946.083333	-0.1287424
1946.166667	0.127177
1946.25	3.69E-02
1946.333333	2.83E-02
1946.416667	7.51E-02
1946.5	4.65E-03
1946.583333	3.03E-02
1946.666667	9.32E-02
1946.75	0.134072
1946.833333	-0.1616575
1946.916667	-7.60E-02
1947	-0.1884063
1947.083333	-0.1380097
1947.166667	-0.2511095
1947.25	-0.2520152
1947.333333	-0.1463954
1947.416667	-0.2358398
1947.5	-0.204216
1947.583333	-3.18E-02
1947.666667	-6.88E-02
1947.75	-0.1799989
1947.833333	-2.62E-02
1947.916667	-0.1752546
1948	-0.1562388
1948.083333	-8.35E-02
1948.166667	-4.39E-02
1948.25	-0.1175647
1948.333333	-0.1638978
1948.416667	-6.92E-02
1948.5	6.23E-02
1948.583333	0.148919
1948.666667	8.74E-02
1948.75	4.52E-02
1948.833333	0.2991349
1948.916667	8.63E-02
1949	0.1549869
1949.083333	0.3090923
1949.166667	0.1413728
1949.25	0.2966946
1949.333333	0.2106624
1949.416667	0.2776806
1949.5	0.4243613
1949.583333	0.3729641
1949.666667	0.2294953
1949.75	0.1452824
1949.833333	0.3168402
1949.916667	0.2450632
1950	0.1857956
1950.083333	9.12E-02
1950.166667	-4.76E-02
1950.25	7.29E-04
1950.333333	8.72E-03
1950.416667	8.36E-03
1950.5	3.42E-03
1950.583333	0.1338041
1950.666667	-1.09E-02
1950.75	6.41E-02
1950.833333	0.4238681
1950.916667	0.4073004
1951	0.4295853
1951.083333	0.3951962
1951.166667	0.3120962
1951.25	0.3941654
1951.333333	0.3553521
1951.416667	0.4120536
1951.5	0.6149764
1951.583333	0.3240007
1951.666667	0.1942656
1951.75	0.1404614
1951.833333	0.2592173
1951.916667	0.1418498
1952	7.45E-02
1952.083333	0.1158872
1952.166667	0.1918506
1952.25	0.1548928
1952.333333	0.2202449
1952.416667	0.4894426
1952.5	0.5600904
1952.583333	0.7125088
1952.666667	0.3544159
1952.75	0.510307
1952.833333	0.3186092
1952.916667	0.2819103
1953	0.2100393
1953.083333	6.77E-02
1953.166667	0.1258545
1953.25	0.1968091
1953.333333	0.4395914
1953.416667	0.3114759
1953.5	0.3895819
1953.583333	-1.02E-02
1953.666667	0.1517395
1953.75	-2.42E-02
1953.833333	0.3810351
1953.916667	0.2709807
1954	0.3804662
1954.083333	0.2133628
1954.166667	0.2749719
1954.25	0.1330009
1954.333333	0.1932339
1954.416667	0.2843496
1954.5	0.381063
1954.583333	0.2011155
1954.666667	6.09E-02
1954.75	0.1555544
1954.833333	2.15E-02
1954.916667	0.2724065
1955	0.1481186
1955.083333	0.1705863
1955.166667	0.3210698
1955.25	0.2233322
1955.333333	0.5118627
1955.416667	0.2679504
1955.5	0.6287874
1955.583333	0.351918
1955.666667	0.3635299
1955.75	0.2581538
1955.833333	0.5307572
1955.916667	0.2704075
1956	0.1716083
1956.083333	0.1651256
1956.166667	0.1645088
1956.25	0.2315798
1956.333333	0.108698
1956.416667	-0.1631384
1956.5	0.1153603
1956.583333	0.2072624
1956.666667	5.49E-02
1956.75	0.1781288
1956.833333	4.16E-02
1956.916667	7.16E-02
1957	9.62E-03
1957.083333	-1.84E-02
1957.166667	3.47E-02
1957.25	-3.52E-02
1957.333333	-0.2616018
1957.416667	-0.2609228
1957.5	-5.84E-03
1957.583333	1.88E-02
1957.666667	0.1275784
1957.75	8.50E-02
1957.833333	-6.47E-02
1957.916667	-0.1067216
1958	-0.1639853
1958.083333	-5.55E-02
1958.166667	0.1297985
1958.25	0.1780076
1958.333333	3.78E-02
1958.416667	0.1153124
1958.5	-3.86E-02
1958.583333	0.1156598
1958.666667	6.36E-02
1958.75	-4.29E-02
1958.833333	7.59E-02
1958.916667	3.42E-02
1959	-8.00E-02
1959.083333	-7.15E-02
1959.166667	-0.23095
1959.25	-0.3430278
1959.333333	-9.96E-02
1959.416667	-0.117078
1959.5	-0.1117759
1959.583333	0.1170902
1959.666667	0.2870717
1959.75	0.1805406
1959.833333	6.45E-02
1959.916667	1.81E-02
1960	6.23E-02
1960.083333	1.01E-02
1960.166667	0.1754447
1960.25	0.1038769
1960.333333	0.3118772
1960.416667	0.3060433
1960.5	0.2680016
1960.583333	0.4517198
1960.666667	0.2300779
1960.75	0.3019064
1960.833333	0.1892831
1960.916667	-5.92E-02
1961	3.59E-02
1961.083333	3.18E-02
1961.166667	0.1905677
1961.25	0.1627004
1961.333333	3.99E-02
1961.416667	8.88E-02
1961.5	0.2477844
1961.583333	0.3196925
1961.666667	4.06E-02
1961.75	0.1420735
1961.833333	0.2985681
1961.916667	0.3540795
1962	8.02E-02
1962.083333	0.1459028
1962.166667	7.49E-02
1962.25	9.83E-02
1962.333333	-0.1024284
1962.416667	-0.2254436
1962.5	-0.1366425
1962.583333	-0.2328184
1962.666667	-2.29E-02
1962.75	6.95E-02
1962.833333	6.20E-02
1962.916667	0.1933041
1963	9.02E-02
1963.083333	-0.1042123
1963.166667	1.17E-02
1963.25	-6.25E-02
1963.333333	-0.1924209
1963.416667	-0.3005087
1963.5	-0.2247657
1963.583333	-0.4776742
1963.666667	-0.5580301
1963.75	-0.2241132
1963.833333	-0.1752835
1963.916667	-7.36E-02
1964	-0.2134371
1964.083333	-0.1292897
1964.166667	-0.1100761
1964.25	-0.1266169
1964.333333	0.1352904
1964.416667	-6.99E-02
1964.5	-9.64E-02
1964.583333	-7.72E-02
1964.666667	8.22E-02
1964.75	0.135227
1964.833333	2.57E-02
1964.916667	8.61E-02
1965	-1.97E-02
1965.083333	2.84E-02
1965.166667	8.07E-02
1965.25	0.1415481
1965.333333	8.39E-02
1965.416667	-1.21E-02
1965.5	6.12E-03
1965.583333	1.97E-02
1965.666667	-6.19E-02
1965.75	-0.2687069
1965.833333	-0.3656609
1965.916667	-0.1667478
1966	-0.1069544
1966.083333	-0.1436849
1966.166667	-0.1140959
1966.25	3.53E-02
1966.333333	-0.1050212
1966.416667	-0.260507
1966.5	-0.2787239
1966.583333	5.39E-02
1966.666667	-5.94E-02
1966.75	9.44E-02
1966.833333	-8.69E-02
1966.916667	7.24E-02
1967	0.1007816
1967.083333	0.1873876
1967.166667	4.52E-02
1967.25	6.27E-02
1967.333333	-0.3105088
1967.416667	-0.20148
1967.5	2.12E-02
1967.583333	0.194598
1967.666667	8.34E-02
1967.75	-0.1040914
1967.833333	3.10E-02
1967.916667	-8.50E-03
1968	1.95E-02
1968.083333	4.37E-02
1968.166667	-0.2030473
1968.25	-8.59E-03
1968.333333	-0.1037788
1968.416667	-0.3029304
1968.5	-0.2413621
1968.583333	-0.2687715
1968.666667	-0.1229443
1968.75	-0.2518191
1968.833333	-0.2039527
1968.916667	-0.2590752
1969	-0.215353
1969.083333	-7.42E-02
1969.166667	-0.1714591
1969.25	-0.32217
1969.333333	-0.5875262
1969.416667	-0.4810219
1969.5	-0.148603
1969.583333	-0.3269022
1969.666667	-0.3477672
1969.75	-0.4180149
1969.833333	-0.3721184
1969.916667	-0.2993686
1970	-0.389743
1970.083333	-0.4672351
1970.166667	-0.2924009
1970.25	-0.2418299
1970.333333	-0.2432041
1970.416667	-0.3875908
1970.5	-0.3384748
1970.583333	-4.66E-02
1970.666667	-0.3010088
1970.75	-0.2548819
1970.833333	-0.2396987
1970.916667	-0.232958
1971	-0.361623
1971.083333	-0.3118482
1971.166667	-0.1986465
1971.25	-0.2531373
1971.333333	-0.2458175
1971.416667	-5.70E-02
1971.5	-0.1116132
1971.583333	-0.3577774
1971.666667	-0.2700795
1971.75	-0.1412012
1971.833333	-0.1119316
1971.916667	-0.2882251
1972	-0.2802176
1972.083333	-0.327904
1972.166667	-0.443763
1972.25	-0.3550765
1972.333333	-0.5157817
1972.416667	-0.4787138
1972.5	-0.2402468
1972.583333	-0.5149692
1972.666667	-0.3571504
1972.75	-0.5922595
1972.833333	-0.5531688
1972.916667	-0.6909267
1973	-0.7614803
1973.083333	-0.5806473
1973.166667	-0.4347476
1973.25	-0.3540491
1973.333333	-0.4094037
1973.416667	-0.2572553
1973.5	-0.1688415
1973.583333	-0.1782247
1973.666667	-0.1548217
1973.75	-0.2684478
1973.833333	-0.3096464
1973.916667	-0.1829383
1974	-0.167358
1974.083333	-2.73E-02
1974.166667	-0.2049667
1974.25	-0.2588932
1974.333333	-0.4298331
1974.416667	-0.4806526
1974.5	-0.6273232
1974.583333	-0.6748257
1974.666667	-0.4848834
1974.75	-0.3651663
1974.833333	-0.2335965
1974.916667	-0.1511259
1975	-0.1981107
1975.083333	-0.2394392
1975.166667	-0.1730943
1975.25	-0.2225198
1975.333333	-0.2943724
1975.416667	-0.1701249
1975.5	6.68E-02
1975.583333	0.3051096
1975.666667	-3.50E-02
1975.75	-0.1803465
1975.833333	-6.60E-03
1975.916667	-8.25E-02
1976	-0.133951
1976.083333	-0.1606347
1976.166667	3.06E-03
1976.25	-1.38E-02
1976.333333	-5.22E-02
1976.416667	-2.95E-02
1976.5	0.2349606
1976.583333	0.2578177
1976.666667	-4.67E-02
1976.75	-4.04E-02
1976.833333	-0.3777382
1976.916667	-0.4872085
1977	-0.4127547
1977.083333	-0.3092982
1977.166667	-0.1493491
1977.25	-0.1918465
1977.333333	-0.1960174
1977.416667	-0.141843
1977.5	2.26E-02
1977.583333	-0.1134413
1977.666667	-0.104533
1977.75	-8.68E-02
1977.833333	-0.1215505
1977.916667	-0.1755943
1978	-0.1441762
1978.083333	-5.71E-02
1978.166667	-0.1051004
1978.25	-0.2452302
1978.333333	-0.328577
1978.416667	-0.2568358
1978.5	-0.1538167
1978.583333	8.48E-02
1978.666667	-7.73E-02
1978.75	-0.1379263
1978.833333	-5.12E-02
1978.916667	-0.1498987
1979	-0.1971028
1979.083333	-0.1958084
1979.166667	-0.3481045
1979.25	-0.2840663
1979.333333	-4.20E-02
1979.416667	-1.89E-03
1979.5	-9.15E-02
1979.583333	-0.2773887
1979.666667	-0.184327
1979.75	-0.1681594
1979.833333	-0.1235787
1979.916667	-0.2604516
1980	-0.1017625
1980.083333	-0.194777
1980.166667	-0.1489902
1980.25	1.48E-03
1980.333333	-2.94E-03
1980.416667	-3.12E-02
1980.5	-9.64E-02
1980.583333	-0.2198936
1980.666667	-0.2767702
1980.75	-0.1072577
1980.833333	-0.3660487
1980.916667	-0.2853662
1981	-0.3100535
1981.083333	-0.1970219
1981.166667	-0.1222441
1981.25	-0.1539389
1981.333333	-5.74E-02
1981.416667	-8.77E-02
1981.5	-0.3483092
1981.583333	-0.4034778
1981.666667	-8.45E-02
1981.75	-0.3029265
1981.833333	-0.1450523
1981.916667	-9.39E-03
1982	-0.105499
1982.083333	-0.1865334
1982.166667	2.63E-02
1982.25	-0.2140144
1982.333333	-0.2086825
1982.416667	-0.2472825
1982.5	-0.3643652
1982.583333	-0.2796021
1982.666667	-0.2875771
1982.75	-0.3953803
1982.833333	-0.3691467
1982.916667	-0.4400787
1983	-0.3531806
1983.083333	-0.2295531
1983.166667	-0.1612708
1983.25	-0.1549257
1983.333333	-0.191524
1983.416667	-0.2589824
1983.5	-8.71E-02
1983.583333	-0.3729086
1983.666667	-0.3855248
1983.75	-9.53E-02
1983.833333	-0.2085761
1983.916667	-0.1548368
1984	-0.1641735
1984.083333	-4.77E-02
1984.166667	-0.1076335
1984.25	9.53E-02
1984.333333	-0.1654662
1984.416667	-0.2992827
1984.5	-0.3119287
1984.583333	-0.1174482
1984.666667	-0.1516277
1984.75	-0.2980574
1984.833333	-0.3257918
1984.916667	-0.2008614
1985	-0.3338524
1985.083333	-0.2442431
1985.166667	-0.1972284
1985.25	-0.2502601
1985.333333	-0.2389732
1985.416667	-8.91E-02
1985.5	-3.99E-02
1985.583333	-0.5033994
1985.666667	-0.2834716
1985.75	-0.3144713
1985.833333	-0.3497795
1985.916667	-0.3794146
1986	-0.3399832
1986.083333	-0.3572297
1986.166667	-0.2741982
1986.25	-0.3000559
1986.333333	-0.1830956
1986.416667	-0.1937619
1986.5	-0.1885485
1986.583333	-0.2937212
1986.666667	-0.3019356
1986.75	-0.434651
1986.833333	-0.4130804
1986.916667	-0.337158
1987	-0.2406219
1987.083333	-0.2991976
1987.166667	-9.22E-02
1987.25	-1.51E-02
1987.333333	-7.60E-02
1987.416667	-0.1309007
1987.5	2.98E-02
1987.583333	0.1583938
1987.666667	-9.99E-02
1987.75	-0.2767097
1987.833333	-0.327561
1987.916667	-0.4049184
1988	-0.4337143
1988.083333	-0.3017327
1988.166667	-0.2342885
1988.25	-0.1408283
1988.333333	-3.74E-02
1988.416667	-9.33E-02
1988.5	-0.1316967
1988.583333	-0.2427571
1988.666667	-0.2854153
1988.75	-0.2248473
1988.833333	3.25E-02
1988.916667	-0.1820872
1989	-0.1049007
1989.083333	-2.13E-02
1989.166667	-4.59E-02
1989.25	-0.1057629
1989.333333	0.1356576
1989.416667	0.4501398
1989.5	0.1944933
1989.583333	-2.30E-02
1989.666667	-0.240384
1989.75	-0.252443
1989.833333	-0.1323486
1989.916667	-0.4515421
1990	-0.399986
1990.083333	-0.3310783
1990.166667	-0.4717454
1990.25	-0.3437181
1990.333333	-0.3428061
1990.416667	-0.2210835
1990.5	-0.3379439
1990.583333	-0.1375747
1990.666667	0.1003321
1990.75	-0.1501135
1990.833333	-0.3200727
1990.916667	-0.2326565
1991	-0.339028
1991.083333	-0.2702582
1991.166667	-0.1161215
1991.25	-0.3014782
1991.333333	-0.3398199
1991.416667	-0.4964345
1991.5	-0.5131248
1991.583333	-0.2805383
1991.666667	-0.3545156
1991.75	-0.4017419
1991.833333	-0.2703287
1991.916667	-0.2067817
1992	-0.2478522
1992.083333	-0.1642478
1992.166667	-0.1840308
1992.25	-0.2120382
1992.333333	-0.2592172
1992.416667	-0.3092737
1992.5	-0.4191981
1992.583333	-0.5257559
1992.666667	-0.3728284
1992.75	-0.3874476
1992.833333	-0.3355559
1992.916667	-0.2982
1993	-0.2301156
1993.083333	-0.1641731
1993.166667	-0.2745127
1993.25	-0.1639711
1993.333333	-0.3204034
1993.416667	-0.5781158
1993.5	-0.6962242
1993.583333	-0.2143471
1993.666667	-0.162394
1993.75	-0.4407158
1993.833333	-0.2527556
1993.916667	-0.3652291
1994	-0.3042673
1994.083333	-0.2199911
1994.166667	-0.2488554
1994.25	-0.1768946
1994.333333	-0.2713128
1994.416667	-0.3869321
1994.5	-0.3256224
1994.583333	-0.2657891
1994.666667	-0.285033
1994.75	-0.1353433
1994.833333	-0.151901
1994.916667	-0.1280825
1995	-0.1013572
1995.083333	-0.1728995
1995.166667	-4.15E-03
1995.25	4.22E-02
1995.333333	0.2046603
1995.416667	0.2303374
1995.5	6.49E-02
1995.583333	-0.1047259
1995.666667	-0.2506687
1995.75	-0.1152538
1995.833333	-0.1243778
1995.916667	-0.1060048
1996	-0.1772393
1996.083333	-0.2853889
1996.166667	-0.1658705
1996.25	-1.70E-02
1996.333333	-0.2463487
1996.416667	-0.3170202
1996.5	-0.3431028
1996.583333	-0.2045449
1996.666667	1.79E-02
1996.75	-8.58E-02
1996.833333	-0.1414171
1996.916667	-0.1087679
1997	3.08E-02
1997.083333	1.62E-02
1997.166667	-4.01E-02
1997.25	-1.14E-02
1997.333333	-9.20E-02
1997.416667	-0.4446245
1997.5	-4.33E-02
1997.583333	-0.1525013
1997.666667	-0.1759179
1997.75	-0.1298962
1997.833333	-0.2616959
1997.916667	-0.212473
1998	-0.123724
1998.083333	-0.2921222
1998.166667	-2.74E-02
1998.25	-4.86E-02
1998.333333	1.03E-02
1998.416667	8.25E-02
1998.5	0.1148615
1998.583333	0.2269763
1998.666667	0.1998377
1998.75	0.2011744
1998.833333	0.3622945
1998.916667	0.2969182
1999	0.1667076
1999.083333	6.87E-02
1999.166667	0.3673812
1999.25	0.4114589
1999.333333	0.5422169
1999.416667	0.3528678
1999.5	0.2468448
1999.583333	0.4620295
1999.666667	0.1516721
1999.75	5.39E-02
1999.833333	-0.1516481
1999.916667	4.88E-02
2000	9.54E-02
2000.083333	4.23E-02
2000.166667	0.2299715
2000.25	0.1509634
2000.333333	0.3489421
2000.416667	4.92E-02
2000.5	0.1015098
2000.583333	1.83E-02
2000.666667	0.118777
2000.75	0.1087926
2000.833333	0.2792017
2000.916667	6.40E-02
2001	-5.43E-02
2001.083333	9.81E-02
2001.166667	-1.96E-02
2001.25	-3.06E-02
2001.333333	-0.1130136
2001.416667	0.1543165
2001.5	-7.24E-02
2001.583333	0.2966825
2001.666667	0.284592
2001.75	0.2226158
2001.833333	-3.00E-02
2001.916667	0.1709711
2002	8.86E-02
2002.083333	-7.73E-02
2002.166667	-3.12E-02
2002.25	5.87E-02
2002.333333	-0.1957971
2002.416667	-0.3730291
2002.5	-0.5011907
2002.583333	-0.17015
2002.666667	-0.2162635
2002.75	-0.1579275
2002.833333	-0.1567531
2002.916667	-0.111183
2003	-0.1081814
2003.083333	-3.94E-03
2003.166667	1.86E-02
2003.25	4.33E-03
2003.333333	-8.07E-02
2003.416667	3.94E-02
2003.5	0.1393827
2003.583333	0.1645626
2003.666667	0.1812764
2003.75	0.2089136
2003.833333	6.37E-02
2003.916667	0.1013277
2004	0.2532676
2004.083333	5.75E-02
2004.166667	0.1287706
2004.25	5.59E-02
2004.333333	0.1061114
2004.416667	0.1495194
2004.5	0.3349449
2004.583333	0.1333273
2004.666667	-4.13E-02
2004.75	-2.82E-02
2004.833333	-9.42E-02
2004.916667	0.1556709
2005	6.41E-02
2005.083333	7.45E-02
2005.166667	4.77E-02
2005.25	0.1512315
2005.333333	3.32E-04
2005.416667	-2.65E-02
2005.5	0.2067719
2005.583333	0.231111
2005.666667	0.1013091
2005.75	4.22E-03
2005.833333	-1.62E-02
2005.916667	0.1270684
2006	0.2809197
2006.083333	0.1561452
2006.166667	0.1027836
2006.25	0.2945193
2006.333333	0.4643686
2006.416667	0.2887719
2006.5	0.3810725
2006.583333	0.2265638
2006.666667	7.16E-02
2006.75	5.72E-02
2006.833333	0.1599028
2006.916667	-3.93E-03
2007	3.39E-02
2007.083333	6.34E-02
2007.166667	7.20E-02
2007.25	-6.58E-02
2007.333333	-2.79E-02
2007.416667	-0.122257
2007.5	-0.1402509
2007.583333	-0.3044869
2007.666667	3.19E-02
2007.75	0.2351263
2007.833333	0.3930312
2007.916667	0.3160263
2008	0.3072727
2008.083333	0.3876635
2008.166667	0.2353962
2008.25	0.1155562
2008.333333	0.2724406
2008.416667	0.4247984
2008.5	0.1776713
2008.583333	0.1670711
2008.666667	-4.64E-02
2008.75	-4.38E-02
2008.833333	3.86E-02
2008.916667	0.1832026
2009	6.53E-02
2009.083333	-1.91E-02
2009.166667	6.14E-02
2009.25	-3.97E-03
2009.333333	-0.1355038
2009.416667	8.68E-02
2009.5	-9.05E-02
2009.583333	-0.1653742
2009.666667	-0.3987833
2009.75	-7.31E-02
2009.833333	-0.1685815
2009.916667	-3.88E-02
2010	-0.1269127
2010.083333	-0.2281018
2010.166667	-0.1808569
2010.25	-8.02E-02
2010.333333	-3.94E-02
2010.416667	0.177087
2010.5	0.1048129
2010.583333	0.2772776
2010.666667	0.139756
2010.75	-4.35E-04
2010.833333	0.14498
2010.916667	0.1428393
2011	0.1521662
2011.083333	0.1421686
2011.166667	-1.72E-02
2011.25	-7.54E-02
2011.333333	6.84E-02
2011.416667	-8.80E-02
2011.5	-0.3743542
2011.583333	-0.3551478
2011.666667	-3.94E-03
2011.75	6.41E-03
2011.833333	-0.1033021
2011.916667	-1.85E-05
2012	0.2523779
2012.083333	0.330164
2012.166667	0.3288533
2012.25	0.2148151
2012.333333	0.1881624
2012.416667	0.3982611
2012.5	0.3904882
2012.583333	0.4479865
2012.666667	0.3552193
2012.75	0.1579345
2012.833333	3.41E-02
2012.916667	0.2333097
2013	0.1704911
2013.083333	0.1086979
2013.166667	0.1396324
2013.25	9.06E-02
2013.333333	5.22E-03
2013.416667	-0.1818371
2013.5	0.1879084
2013.583333	-5.81E-02
2013.666667	-1.99E-02
2013.75	0.2808502
2013.833333	0.1066773
2013.916667	-5.10E-02
2014	-3.74E-03
2014.083333	6.57E-02
2014.166667	-2.65E-02
2014.25	-0.1909752
2014.333333	-0.253868
2014.416667	-9.38E-02
2014.5	0.2327868
2014.583333	0.1503829
2014.666667	-6.34E-02
2014.75	6.03E-02
2014.833333	0.1144608
2014.916667	7.36E-02
2015	2.61E-02
2015.083333	-9.85E-02
2015.166667	-0.180305
2015.25	-0.1572679
2015.333333	-0.1148482
2015.416667	-4.31E-02
2015.5	-0.1929263
2015.583333	-0.2893092
2015.666667	-0.1222068
2015.75	-0.3074043
2015.833333	-0.3259246
2015.916667	-0.2661954
2016	-0.1036256
2016.083333	-0.1253286
2016.166667	-0.1251336
2016.25	-0.1568546
2016.333333	2.72E-02
2016.416667	4.77E-02
2016.5	-0.1374217
2016.583333	-0.1880535
2016.666667	-8.54E-02
2016.75	-9.89E-02
2016.833333	0.1341921
2016.916667	0.1483724
2017	0.1682487
2017.083333	0.1617748
2017.166667	2.64E-02
2017.25	0.1394027
2017.333333	-4.98E-02
2017.416667	6.10E-02
2017.5	-5.79E-02
2017.583333	-0.1555545
2017.666667	0.1187437
2017.75	0.2032261
2017.833333	0.4154645
2017.916667	0.4819357
2018	0.4168326
2018.083333	0.337946
2018.166667	0.1840711
2018.25	0.1156462
2018.333333	0.117856
2018.416667	-9.30E-02
2018.5	-0.1982993
2018.583333	-8.32E-02
2018.666667	2.91E-02
2018.75	-0.2537908
2018.833333	-0.1613122
2018.916667	-0.1841901
2019	5.87E-02
2019.083333	5.61E-02
2019.166667	5.02E-02
2019.25	-3.15E-02
2019.333333	-4.92E-02
2019.416667	-8.11E-03
2019.5	-9.85E-03
2019.583333	8.10E-02
2019.666667	-0.1009963
2019.75	-0.1970712
2019.833333	-7.88E-03
2019.916667	-4.97E-02
2020	4.09E-02
2020.083333	0.1142832
2020.166667	8.51E-02
2020.25	5.82E-02
2020.333333	-7.20E-02
2020.416667	-3.44E-02
2020.5	6.09E-02
2020.583333	0.1820895
2020.666667	-0.1201018
2020.75	6.58E-02
2020.833333	-9.35E-02
2020.916667	0.184788
2021	0.2569904
2021.083333	0.3909368
2021.166667	0.1965532
2021.25	0.3557679
2021.333333	0.3058956
2021.416667	0.1392038
2021.5	-6.89E-02
2021.583333	3.55E-02
2021.666667	8.30E-02
2021.75	0.2966406
2021.833333	0.4282265
2021.916667	0.4174577
2022	0.4171851
2022.083333	0.3781046
2022.166667	0.1470346
2022.25	0.1204529
2022.333333	0.1983328
2022.416667	-0.1345695
2022.5	-0.2519825
2022.583333	0.2872986
2022.666667	0.4731514
2022.75	0.4603106
2022.833333	0.5255975
2022.916667	0.3749056
2023	0.4322305
2023.083333	0.4043088
2023.166667	0.2892285
2023.25	0.3279845
2023.333333	0.3372581
2023.416667	0.3108013
2023.5	0.4005499
2023.583333	0.2571045
2023.666667	-3.61E-02
2023.75	0.1401557
2023.833333	3.37E-02
2023.916667	4.96E-02
2024	0.2008411
2024.083333	0.1993068
2024.166667	0.2312737
2024.25	0.1005137
2024.333333	0.3893386
2024.416667	0.4476143
2024.5	0.3756999
2024.583333	0.1392935
2024.666667	0.1523273
2024.75	0.1758177
2024.833333	0.2236415
2024.916667	0.3692535
