1880 19.054
1880.083333 18.536
1880.166667 18.600
1880.250000 18.896
1880.333333 19.661
1880.416667 21.008
1880.500000 22.366
1880.583333 23.078
1880.666667 23.121
1880.750000 22.306
1880.833333 21.129
1880.916667 19.796
1881 19.149
1881.083333 18.659
1881.166667 18.704
1881.250000 19.158
1881.333333 19.918
1881.416667 21.143
1881.500000 22.260
1881.583333 23.024
1881.666667 22.847
1881.750000 22.010
1881.833333 20.679
1881.916667 19.789
1882 18.853
1882.083333 18.441
1882.166667 18.485
1882.250000 18.812
1882.333333 19.677
1882.416667 21.026
1882.500000 22.316
1882.583333 23.052
1882.666667 22.915
1882.750000 22.068
1882.833333 21.003
1882.916667 19.904
1883 18.940
1883.083333 18.379
1883.166667 18.369
1883.250000 18.972
1883.333333 19.845
1883.416667 21.001
1883.500000 22.215
1883.583333 23.005
1883.666667 22.787
1883.750000 21.975
1883.833333 20.986
1883.916667 20.026
1884 19.025
1884.083333 18.405
1884.166667 18.417
1884.250000 18.887
1884.333333 19.768
1884.416667 21.172
1884.500000 22.234
1884.583333 22.983
1884.666667 22.732
1884.750000 21.949
1884.833333 20.658
1884.916667 19.783
1885 18.931
1885.083333 18.598
1885.166667 18.498
1885.250000 18.705
1885.333333 19.656
1885.416667 20.909
1885.500000 22.245
1885.583333 23.111
1885.666667 22.923
1885.750000 22.131
1885.833333 21.015
1885.916667 19.936
1886 19.134
1886.083333 18.685
1886.166667 18.720
1886.250000 19.166
1886.333333 20.060
1886.416667 21.249
1886.500000 22.520
1886.583333 23.065
1886.666667 22.894
1886.750000 22.084
1886.833333 20.994
1886.916667 19.886
1887 18.908
1887.083333 18.475
1887.166667 18.517
1887.250000 18.898
1887.333333 19.875
1887.416667 21.269
1887.500000 22.617
1887.583333 23.210
1887.666667 23.054
1887.750000 22.348
1887.833333 21.197
1887.916667 20.097
1888 19.249
1888.083333 18.742
1888.166667 18.805
1888.250000 19.096
1888.333333 19.969
1888.416667 21.311
1888.500000 22.475
1888.583333 23.161
1888.666667 23.055
1888.750000 22.371
1888.833333 21.149
1888.916667 19.999
1889 19.256
1889.083333 18.819
1889.166667 18.872
1889.250000 19.275
1889.333333 20.143
1889.416667 21.274
1889.500000 22.353
1889.583333 23.100
1889.666667 22.999
1889.750000 22.208
1889.833333 21.187
1889.916667 19.960
1890 19.040
1890.083333 18.579
1890.166667 18.504
1890.250000 18.811
1890.333333 19.686
1890.416667 20.949
1890.500000 22.025
1890.583333 22.707
1890.666667 22.639
1890.750000 22.026
1890.833333 20.742
1890.916667 19.664
1891 18.736
1891.083333 18.482
1891.166667 18.621
1891.250000 19.079
1891.333333 20.014
1891.416667 21.219
1891.500000 22.526
1891.583333 23.111
1891.666667 22.910
1891.750000 22.137
1891.833333 20.779
1891.916667 19.934
1892 19.078
1892.083333 18.693
1892.166667 18.645
1892.250000 18.976
1892.333333 19.710
1892.416667 20.911
1892.500000 22.035
1892.583333 22.908
1892.666667 22.691
1892.750000 21.933
1892.833333 20.743
1892.916667 19.741
1893 18.916
1893.083333 18.519
1893.166667 18.509
1893.250000 18.820
1893.333333 19.706
1893.416667 21.186
1893.500000 22.468
1893.583333 23.179
1893.666667 22.959
1893.750000 22.058
1893.833333 21.046
1893.916667 19.765
1894 18.873
1894.083333 18.410
1894.166667 18.369
1894.250000 18.695
1894.333333 19.487
1894.416667 20.740
1894.500000 22.066
1894.583333 22.782
1894.666667 22.685
1894.750000 21.785
1894.833333 20.713
1894.916667 19.697
1895 18.909
1895.083333 18.496
1895.166667 18.295
1895.250000 18.690
1895.333333 19.641
1895.416667 20.960
1895.500000 22.223
1895.583333 22.928
1895.666667 22.988
1895.750000 22.196
1895.833333 20.920
1895.916667 19.878
1896 18.961
1896.083333 18.615
1896.166667 18.521
1896.250000 19.031
1896.333333 20.107
1896.416667 21.258
1896.500000 22.399
1896.583333 23.105
1896.666667 23.229
1896.750000 22.284
1896.833333 21.075
1896.916667 19.984
1897 19.107
1897.083333 18.715
1897.166667 18.865
1897.250000 19.231
1897.333333 20.013
1897.416667 21.168
1897.500000 22.395
1897.583333 23.043
1897.666667 22.963
1897.750000 22.202
1897.833333 21.017
1897.916667 19.917
1898 19.014
1898.083333 18.642
1898.166667 18.671
1898.250000 19.047
1898.333333 19.943
1898.416667 21.281
1898.500000 22.517
1898.583333 23.167
1898.666667 23.024
1898.750000 22.101
1898.833333 20.904
1898.916667 19.932
1899 18.967
1899.083333 18.536
1899.166667 18.558
1899.250000 19.074
1899.333333 20.058
1899.416667 21.262
1899.500000 22.415
1899.583333 23.300
1899.666667 23.051
1899.750000 22.223
1899.833333 21.236
1899.916667 20.234
1900 19.244
1900.083333 18.794
1900.166667 18.631
1900.250000 19.157
1900.333333 19.857
1900.416667 21.079
1900.500000 22.400
1900.583333 23.034
1900.666667 22.975
1900.750000 22.252
1900.833333 21.085
1900.916667 20.076
1901 19.088
1901.083333 18.781
1901.166667 18.732
1901.250000 19.147
1901.333333 19.944
1901.416667 21.300
1901.500000 22.495
1901.583333 23.219
1901.666667 22.931
1901.750000 22.031
1901.833333 20.964
1901.916667 19.877
1902 18.925
1902.083333 18.564
1902.166667 18.552
1902.250000 18.849
1902.333333 19.774
1902.416667 20.832
1902.500000 22.022
1902.583333 22.868
1902.666667 22.930
1902.750000 22.157
1902.833333 20.929
1902.916667 19.858
1903 19.002
1903.083333 18.652
1903.166667 18.519
1903.250000 18.931
1903.333333 19.723
1903.416667 20.910
1903.500000 22.151
1903.583333 22.597
1903.666667 22.476
1903.750000 21.776
1903.833333 20.808
1903.916667 19.653
1904 18.694
1904.083333 18.227
1904.166667 18.200
1904.250000 18.579
1904.333333 19.471
1904.416667 20.658
1904.500000 21.979
1904.583333 22.695
1904.666667 22.456
1904.750000 21.774
1904.833333 20.850
1904.916667 19.793
1905 18.822
1905.083333 18.420
1905.166667 18.222
1905.250000 18.831
1905.333333 19.807
1905.416667 20.917
1905.500000 22.264
1905.583333 22.902
1905.666667 22.580
1905.750000 21.894
1905.833333 20.782
1905.916667 19.704
1906 18.977
1906.083333 18.572
1906.166667 18.530
1906.250000 18.961
1906.333333 19.712
1906.416667 21.099
1906.500000 22.313
1906.583333 22.982
1906.666667 22.818
1906.750000 22.007
1906.833333 21.035
1906.916667 19.726
1907 18.866
1907.083333 18.257
1907.166667 18.330
1907.250000 18.846
1907.333333 19.725
1907.416667 20.839
1907.500000 22.041
1907.583333 22.734
1907.666667 22.762
1907.750000 21.930
1907.833333 20.827
1907.916667 19.763
1908 18.822
1908.083333 18.376
1908.166667 18.346
1908.250000 18.801
1908.333333 19.713
1908.416667 21.031
1908.500000 22.348
1908.583333 23.059
1908.666667 22.854
1908.750000 22.031
1908.833333 20.902
1908.916667 19.834
1909 18.951
1909.083333 18.468
1909.166667 18.488
1909.250000 18.863
1909.333333 19.872
1909.416667 20.969
1909.500000 22.159
1909.583333 22.970
1909.666667 22.830
1909.750000 22.003
1909.833333 20.768
1909.916667 19.724
1910 18.751
1910.083333 18.362
1910.166667 18.331
1910.250000 18.704
1910.333333 19.540
1910.416667 20.739
1910.500000 22.040
1910.583333 22.796
1910.666667 22.841
1910.750000 21.966
1910.833333 20.984
1910.916667 19.718
1911 18.808
1911.083333 18.363
1911.166667 18.286
1911.250000 18.697
1911.333333 19.540
1911.416667 20.863
1911.500000 22.163
1911.583333 22.993
1911.666667 22.831
1911.750000 22.046
1911.833333 20.834
1911.916667 19.790
1912 18.826
1912.083333 18.358
1912.166667 18.378
1912.250000 18.851
1912.333333 19.771
1912.416667 20.954
1912.500000 22.077
1912.583333 22.666
1912.666667 22.707
1912.750000 21.911
1912.833333 20.844
1912.916667 19.730
1913 18.758
1913.083333 18.408
1913.166667 18.374
1913.250000 18.581
1913.333333 19.440
1913.416667 20.541
1913.500000 21.897
1913.583333 22.628
1913.666667 22.526
1913.750000 21.782
1913.833333 20.613
1913.916667 19.641
1914 18.844
1914.083333 18.304
1914.166667 18.195
1914.250000 18.640
1914.333333 19.628
1914.416667 20.732
1914.500000 21.907
1914.583333 22.695
1914.666667 22.768
1914.750000 22.053
1914.833333 20.887
1914.916667 19.742
1915 18.941
1915.083333 18.508
1915.166667 18.600
1915.250000 19.078
1915.333333 20.155
1915.416667 21.406
1915.500000 22.658
1915.583333 23.280
1915.666667 23.156
1915.750000 22.198
1915.833333 21.067
1915.916667 19.984
1916 19.033
1916.083333 18.529
1916.166667 18.513
1916.250000 18.910
1916.333333 19.915
1916.416667 21.143
1916.500000 22.269
1916.583333 23.054
1916.666667 22.958
1916.750000 22.097
1916.833333 20.836
1916.916667 19.767
1917 18.782
1917.083333 18.281
1917.166667 18.207
1917.250000 18.726
1917.333333 19.645
1917.416667 20.966
1917.500000 22.137
1917.583333 22.882
1917.666667 22.683
1917.750000 21.833
1917.833333 20.760
1917.916667 19.719
1918 18.977
1918.083333 18.458
1918.166667 18.494
1918.250000 18.856
1918.333333 19.663
1918.416667 20.701
1918.500000 21.983
1918.583333 22.686
1918.666667 22.603
1918.750000 21.919
1918.833333 20.783
1918.916667 19.757
1919 18.855
1919.083333 18.577
1919.166667 18.422
1919.250000 18.982
1919.333333 19.740
1919.416667 20.901
1919.500000 22.069
1919.583333 22.888
1919.666667 22.778
1919.750000 22.037
1919.833333 20.858
1919.916667 19.693
1920 18.623
1920.083333 18.236
1920.166667 18.166
1920.250000 18.706
1920.333333 19.655
1920.416667 20.845
1920.500000 22.080
1920.583333 22.779
1920.666667 22.697
1920.750000 21.916
1920.833333 20.661
1920.916667 19.684
1921 18.797
1921.083333 18.368
1921.166667 18.303
1921.250000 18.779
1921.333333 19.660
1921.416667 20.881
1921.500000 22.250
1921.583333 22.839
1921.666667 22.751
1921.750000 22.131
1921.833333 20.829
1921.916667 19.869
1922 18.885
1922.083333 18.403
1922.166667 18.283
1922.250000 18.636
1922.333333 19.595
1922.416667 20.801
1922.500000 21.985
1922.583333 22.779
1922.666667 22.611
1922.750000 21.902
1922.833333 20.743
1922.916667 19.668
1923 18.729
1923.083333 18.187
1923.166667 18.222
1923.250000 18.620
1923.333333 19.635
1923.416667 20.821
1923.500000 22.042
1923.583333 22.665
1923.666667 22.613
1923.750000 21.927
1923.833333 20.881
1923.916667 19.934
1924 18.964
1924.083333 18.451
1924.166667 18.525
1924.250000 18.995
1924.333333 19.964
1924.416667 21.040
1924.500000 22.240
1924.583333 22.956
1924.666667 22.780
1924.750000 21.958
1924.833333 20.783
1924.916667 19.711
1925 18.772
1925.083333 18.342
1925.166667 18.393
1925.250000 18.875
1925.333333 19.843
1925.416667 20.950
1925.500000 22.224
1925.583333 22.964
1925.666667 22.867
1925.750000 22.110
1925.833333 20.929
1925.916667 20.047
1926 19.134
1926.083333 18.762
1926.166667 18.681
1926.250000 19.165
1926.333333 20.049
1926.416667 21.210
1926.500000 22.512
1926.583333 23.150
1926.666667 23.031
1926.750000 22.376
1926.833333 21.130
1926.916667 20.092
1927 19.183
1927.083333 18.734
1927.166667 18.676
1927.250000 19.127
1927.333333 20.117
1927.416667 21.298
1927.500000 22.529
1927.583333 23.258
1927.666667 23.096
1927.750000 22.374
1927.833333 21.243
1927.916667 19.981
1928 19.059
1928.083333 18.566
1928.166667 18.545
1928.250000 18.963
1928.333333 19.945
1928.416667 21.214
1928.500000 22.462
1928.583333 23.205
1928.666667 23.082
1928.750000 22.246
1928.833333 21.058
1928.916667 19.918
1929 19.020
1929.083333 18.563
1929.166667 18.552
1929.250000 19.049
1929.333333 19.821
1929.416667 20.958
1929.500000 22.200
1929.583333 22.952
1929.666667 22.933
1929.750000 22.153
1929.833333 20.998
1929.916667 19.825
1930 18.988
1930.083333 18.491
1930.166667 18.550
1930.250000 18.857
1930.333333 19.823
1930.416667 21.073
1930.500000 22.442
1930.583333 23.178
1930.666667 23.288
1930.750000 22.412
1930.833333 21.268
1930.916667 20.157
1931 19.228
1931.083333 18.735
1931.166667 18.795
1931.250000 19.221
1931.333333 20.162
1931.416667 21.424
1931.500000 22.579
1931.583333 23.263
1931.666667 23.267
1931.750000 22.532
1931.833333 21.176
1931.916667 20.188
1932 19.293
1932.083333 18.902
1932.166667 18.898
1932.250000 19.285
1932.333333 20.094
1932.416667 21.403
1932.500000 22.659
1932.583333 23.502
1932.666667 23.342
1932.750000 22.454
1932.833333 21.258
1932.916667 20.115
1933 19.208
1933.083333 18.831
1933.166667 18.744
1933.250000 19.287
1933.333333 20.234
1933.416667 21.405
1933.500000 22.670
1933.583333 23.399
1933.666667 23.252
1933.750000 22.549
1933.833333 21.203
1933.916667 20.024
1934 19.011
1934.083333 18.488
1934.166667 18.445
1934.250000 18.985
1934.333333 19.833
1934.416667 21.198
1934.500000 22.564
1934.583333 23.200
1934.666667 23.154
1934.750000 22.392
1934.833333 21.143
1934.916667 20.020
1935 19.167
1935.083333 18.545
1935.166667 18.509
1935.250000 19.136
1935.333333 20.089
1935.416667 21.276
1935.500000 22.459
1935.583333 23.128
1935.666667 22.977
1935.750000 22.206
1935.833333 21.149
1935.916667 20.128
1936 19.265
1936.083333 18.828
1936.166667 18.855
1936.250000 19.280
1936.333333 20.118
1936.416667 21.362
1936.500000 22.593
1936.583333 23.339
1936.666667 23.190
1936.750000 22.330
1936.833333 21.151
1936.916667 20.078
1937 19.185
1937.083333 18.771
1937.166667 18.762
1937.250000 19.156
1937.333333 20.084
1937.416667 21.622
1937.500000 23.012
1937.583333 23.719
1937.666667 23.526
1937.750000 22.526
1937.833333 21.390
1937.916667 20.386
1938 19.344
1938.083333 18.839
1938.166667 18.866
1938.250000 19.326
1938.333333 20.159
1938.416667 21.343
1938.500000 22.608
1938.583333 23.429
1938.666667 23.331
1938.750000 22.586
1938.833333 21.455
1938.916667 20.254
1939 19.270
1939.083333 18.769
1939.166667 18.637
1939.250000 19.187
1939.333333 20.064
1939.416667 21.355
1939.500000 22.732
1939.583333 23.456
1939.666667 23.324
1939.750000 22.245
1939.833333 20.987
1939.916667 19.959
1940 19.200
1940.083333 18.500
1940.166667 18.528
1940.250000 19.062
1940.333333 19.963
1940.416667 21.194
1940.500000 22.506
1940.583333 23.242
1940.666667 23.052
1940.750000 22.188
1940.833333 21.010
1940.916667 19.903
1941 19.079
1941.083333 18.791
1941.166667 18.806
1941.250000 19.162
1941.333333 20.002
1941.416667 21.164
1941.500000 22.501
1941.583333 23.418
1941.666667 23.335
1941.750000 22.656
1941.833333 21.538
1941.916667 20.371
1942 19.279
1942.083333 18.898
1942.166667 18.870
1942.250000 19.305
1942.333333 20.176
1942.416667 21.446
1942.500000 22.516
1942.583333 23.288
1942.666667 23.257
1942.750000 22.446
1942.833333 21.345
1942.916667 20.139
1943 19.277
1943.083333 18.799
1943.166667 18.578
1943.250000 18.968
1943.333333 19.847
1943.416667 21.114
1943.500000 22.435
1943.583333 23.162
1943.666667 23.113
1943.750000 22.326
1943.833333 21.295
1943.916667 20.278
1944 19.451
1944.083333 19.023
1944.166667 19.107
1944.250000 19.422
1944.333333 20.266
1944.416667 21.540
1944.500000 22.783
1944.583333 23.593
1944.666667 23.458
1944.750000 22.616
1944.833333 21.427
1944.916667 20.327
1945 19.413
1945.083333 19.058
1945.166667 19.052
1945.250000 19.522
1945.333333 20.287
1945.416667 21.370
1945.500000 22.509
1945.583333 23.259
1945.666667 23.128
1945.750000 22.356
1945.833333 21.343
1945.916667 20.195
1946 19.434
1946.083333 18.903
1946.166667 18.822
1946.250000 19.175
1946.333333 20.070
1946.416667 21.099
1946.500000 22.224
1946.583333 22.991
1946.666667 23.029
1946.750000 22.241
1946.833333 21.096
1946.916667 20.025
1947 18.986
1947.083333 18.588
1947.166667 18.603
1947.250000 19.020
1947.333333 19.829
1947.416667 21.050
1947.500000 22.275
1947.583333 23.059
1947.666667 22.999
1947.750000 22.170
1947.833333 21.211
1947.916667 20.097
1948 19.148
1948.083333 18.691
1948.166667 18.725
1948.250000 19.050
1948.333333 19.982
1948.416667 21.260
1948.500000 22.395
1948.583333 23.139
1948.666667 23.000
1948.750000 22.270
1948.833333 21.302
1948.916667 20.128
1949 19.319
1949.083333 18.881
1949.166667 18.738
1949.250000 19.221
1949.333333 19.966
1949.416667 21.209
1949.500000 22.509
1949.583333 23.266
1949.666667 23.125
1949.750000 22.369
1949.833333 21.278
1949.916667 20.187
1950 19.280
1950.083333 18.691
1950.166667 18.597
1950.250000 18.995
1950.333333 19.934
1950.416667 21.169
1950.500000 22.385
1950.583333 23.187
1950.666667 23.068
1950.750000 22.178
1950.833333 21.253
1950.916667 20.160
1951 19.275
1951.083333 18.725
1951.166667 18.718
1951.250000 19.297
1951.333333 20.168
1951.416667 21.503
1951.500000 22.865
1951.583333 23.473
1951.666667 23.311
1951.750000 22.530
1951.833333 21.350
1951.916667 20.249
1952 19.346
1952.083333 18.912
1952.166667 18.939
1952.250000 19.322
1952.333333 20.178
1952.416667 21.599
1952.500000 22.818
1952.583333 23.576
1952.666667 23.426
1952.750000 22.628
1952.833333 21.429
1952.916667 20.418
1953 19.443
1953.083333 18.917
1953.166667 18.852
1953.250000 19.447
1953.333333 20.343
1953.416667 21.495
1953.500000 22.792
1953.583333 23.434
1953.666667 23.346
1953.750000 22.424
1953.833333 21.425
1953.916667 20.338
1954 19.407
1954.083333 18.831
1954.166667 18.814
1954.250000 19.123
1954.333333 20.073
1954.416667 21.321
1954.500000 22.406
1954.583333 23.164
1954.666667 23.058
1954.750000 22.247
1954.833333 21.157
1954.916667 20.031
1955 19.259
1955.083333 18.778
1955.166667 18.758
1955.250000 19.235
1955.333333 20.182
1955.416667 21.418
1955.500000 22.722
1955.583333 23.355
1955.666667 23.275
1955.750000 22.561
1955.833333 21.573
1955.916667 20.342
1956 19.372
1956.083333 18.835
1956.166667 18.733
1956.250000 19.205
1956.333333 19.951
1956.416667 20.963
1956.500000 22.366
1956.583333 23.085
1956.666667 22.986
1956.750000 22.242
1956.833333 21.103
1956.916667 20.107
1957 19.107
1957.083333 18.637
1957.166667 18.702
1957.250000 19.071
1957.333333 19.890
1957.416667 21.218
1957.500000 22.499
1957.583333 23.388
1957.666667 23.298
1957.750000 22.437
1957.833333 21.276
1957.916667 20.170
1958 19.239
1958.083333 18.935
1958.166667 19.068
1958.250000 19.493
1958.333333 20.215
1958.416667 21.454
1958.500000 22.626
1958.583333 23.350
1958.666667 23.292
1958.750000 22.442
1958.833333 21.380
1958.916667 20.313
1959 19.293
1959.083333 18.863
1959.166667 18.700
1959.250000 19.146
1959.333333 20.024
1959.416667 21.176
1959.500000 22.433
1959.583333 23.203
1959.666667 23.208
1959.750000 22.405
1959.833333 21.248
1959.916667 20.206
1960 19.372
1960.083333 18.968
1960.166667 18.818
1960.250000 19.249
1960.333333 20.322
1960.416667 21.557
1960.500000 22.738
1960.583333 23.529
1960.666667 23.296
1960.750000 22.591
1960.833333 21.450
1960.916667 20.236
1961 19.259
1961.083333 18.835
1961.166667 18.881
1961.250000 19.382
1961.333333 20.215
1961.416667 21.273
1961.500000 22.451
1961.583333 23.232
1961.666667 23.091
1961.750000 22.327
1961.833333 21.269
1961.916667 20.314
1962 19.350
1962.083333 18.908
1962.166667 18.900
1962.250000 19.245
1962.333333 20.047
1962.416667 21.172
1962.500000 22.464
1962.583333 23.136
1962.666667 23.095
1962.750000 22.366
1962.833333 21.251
1962.916667 20.294
1963 19.361
1963.083333 18.925
1963.166667 18.871
1963.250000 19.264
1963.333333 19.942
1963.416667 21.199
1963.500000 22.439
1963.583333 23.128
1963.666667 22.891
1963.750000 22.231
1963.833333 21.150
1963.916667 20.046
1964 19.131
1964.083333 18.783
1964.166667 18.779
1964.250000 19.017
1964.333333 20.070
1964.416667 21.252
1964.500000 22.334
1964.583333 22.970
1964.666667 22.876
1964.750000 22.034
1964.833333 21.044
1964.916667 19.988
1965 19.011
1965.083333 18.587
1965.166667 18.665
1965.250000 19.069
1965.333333 19.934
1965.416667 21.124
1965.500000 22.292
1965.583333 22.997
1965.666667 22.876
1965.750000 22.060
1965.833333 20.937
1965.916667 19.988
1966 19.136
1966.083333 18.777
1966.166667 18.736
1966.250000 19.212
1966.333333 20.036
1966.416667 21.209
1966.500000 22.427
1966.583333 23.166
1966.666667 23.101
1966.750000 22.324
1966.833333 21.219
1966.916667 20.195
1967 19.296
1967.083333 18.857
1967.166667 18.714
1967.250000 19.156
1967.333333 19.851
1967.416667 20.996
1967.500000 22.255
1967.583333 23.048
1967.666667 23.007
1967.750000 22.214
1967.833333 20.984
1967.916667 19.964
1968 18.970
1968.083333 18.574
1968.166667 18.542
1968.250000 19.018
1968.333333 19.917
1968.416667 20.997
1968.500000 22.259
1968.583333 23.001
1968.666667 22.956
1968.750000 22.203
1968.833333 21.113
1968.916667 19.993
1969 19.157
1969.083333 18.879
1969.166667 18.960
1969.250000 19.325
1969.333333 20.053
1969.416667 21.290
1969.500000 22.584
1969.583333 23.117
1969.666667 23.002
1969.750000 22.133
1969.833333 21.099
1969.916667 20.091
1970 19.212
1970.083333 18.729
1970.166667 18.775
1970.250000 19.199
1970.333333 19.999
1970.416667 21.082
1970.500000 22.293
1970.583333 23.080
1970.666667 22.974
1970.750000 22.125
1970.833333 20.986
1970.916667 19.916
1971 18.980
1971.083333 18.488
1971.166667 18.449
1971.250000 18.769
1971.333333 19.722
1971.416667 20.905
1971.500000 22.147
1971.583333 22.788
1971.666667 22.748
1971.750000 22.089
1971.833333 20.986
1971.916667 19.820
1972 18.911
1972.083333 18.403
1972.166667 18.323
1972.250000 18.858
1972.333333 19.583
1972.416667 20.782
1972.500000 22.124
1972.583333 22.843
1972.666667 22.815
1972.750000 22.041
1972.833333 20.955
1972.916667 19.780
1973 18.858
1973.083333 18.393
1973.166667 18.421
1973.250000 18.923
1973.333333 19.886
1973.416667 21.098
1973.500000 22.399
1973.583333 23.096
1973.666667 22.990
1973.750000 22.115
1973.833333 21.026
1973.916667 19.896
1974 18.959
1974.083333 18.506
1974.166667 18.367
1974.250000 18.667
1974.333333 19.558
1974.416667 20.829
1974.500000 21.991
1974.583333 22.765
1974.666667 22.618
1974.750000 21.826
1974.833333 20.813
1974.916667 19.776
1975 18.965
1975.083333 18.454
1975.166667 18.461
1975.250000 18.848
1975.333333 19.672
1975.416667 20.984
1975.500000 22.237
1975.583333 23.050
1975.666667 22.791
1975.750000 21.983
1975.833333 20.900
1975.916667 19.818
1976 18.856
1976.083333 18.354
1976.166667 18.280
1976.250000 18.770
1976.333333 19.575
1976.416667 20.799
1976.500000 22.204
1976.583333 23.053
1976.666667 22.936
1976.750000 22.046
1976.833333 20.828
1976.916667 19.711
1977 18.854
1977.083333 18.465
1977.166667 18.594
1977.250000 18.982
1977.333333 19.897
1977.416667 21.178
1977.500000 22.409
1977.583333 23.096
1977.666667 22.901
1977.750000 22.118
1977.833333 21.104
1977.916667 19.941
1978 19.140
1978.083333 18.654
1978.166667 18.622
1978.250000 19.008
1978.333333 19.866
1978.416667 20.956
1978.500000 22.241
1978.583333 23.018
1978.666667 22.946
1978.750000 22.138
1978.833333 21.131
1978.916667 19.967
1979 19.057
1979.083333 18.653
1979.166667 18.555
1979.250000 18.969
1979.333333 19.955
1979.416667 21.250
1979.500000 22.426
1979.583333 23.133
1979.666667 23.029
1979.750000 22.261
1979.833333 21.169
1979.916667 20.093
1980 19.251
1980.083333 18.730
1980.166667 18.648
1980.250000 19.209
1980.333333 20.205
1980.416667 21.404
1980.500000 22.574
1980.583333 23.274
1980.666667 23.134
1980.750000 22.291
1980.833333 21.060
1980.916667 19.907
1981 19.079
1981.083333 18.635
1981.166667 18.795
1981.250000 19.122
1981.333333 20.000
1981.416667 21.241
1981.500000 22.437
1981.583333 23.144
1981.666667 23.114
1981.750000 22.173
1981.833333 21.128
1981.916667 20.157
1982 19.183
1982.083333 18.740
1982.166667 18.717
1982.250000 19.037
1982.333333 19.895
1982.416667 21.121
1982.500000 22.306
1982.583333 22.953
1982.666667 22.845
1982.750000 21.991
1982.833333 20.850
1982.916667 19.786
1983 18.968
1983.083333 18.718
1983.166667 18.881
1983.250000 19.282
1983.333333 20.041
1983.416667 21.254
1983.500000 22.522
1983.583333 23.106
1983.666667 22.940
1983.750000 22.170
1983.833333 21.112
1983.916667 20.166
1984 19.163
1984.083333 18.736
1984.166667 18.678
1984.250000 19.068
1984.333333 19.927
1984.416667 20.987
1984.500000 22.275
1984.583333 23.042
1984.666667 22.950
1984.750000 22.024
1984.833333 20.849
1984.916667 19.854
1985 18.917
1985.083333 18.498
1985.166667 18.449
1985.250000 18.827
1985.333333 19.758
1985.416667 21.186
1985.500000 22.390
1985.583333 22.988
1985.666667 22.914
1985.750000 22.126
1985.833333 20.980
1985.916667 19.838
1986 18.931
1986.083333 18.554
1986.166667 18.515
1986.250000 18.906
1986.333333 19.869
1986.416667 21.055
1986.500000 22.297
1986.583333 23.000
1986.666667 22.944
1986.750000 22.055
1986.833333 20.881
1986.916667 19.806
1987 18.999
1987.083333 18.615
1987.166667 18.778
1987.250000 19.263
1987.333333 20.168
1987.416667 21.522
1987.500000 22.828
1987.583333 23.555
1987.666667 23.360
1987.750000 22.423
1987.833333 21.211
1987.916667 20.223
1988 19.238
1988.083333 18.718
1988.166667 18.802
1988.250000 19.286
1988.333333 20.239
1988.416667 21.485
1988.500000 22.658
1988.583333 23.267
1988.666667 23.071
1988.750000 22.205
1988.833333 21.133
1988.916667 20.015
1989 19.058
1989.083333 18.678
1989.166667 18.560
1989.250000 18.946
1989.333333 19.956
1989.416667 21.412
1989.500000 22.727
1989.583333 23.390
1989.666667 23.074
1989.750000 22.255
1989.833333 21.133
1989.916667 20.029
1990 18.983
1990.083333 18.675
1990.166667 18.637
1990.250000 19.121
1990.333333 20.046
1990.416667 21.268
1990.500000 22.531
1990.583333 23.332
1990.666667 23.318
1990.750000 22.494
1990.833333 21.232
1990.916667 20.148
1991 19.089
1991.083333 18.722
1991.166667 18.749
1991.250000 19.108
1991.333333 19.954
1991.416667 21.197
1991.500000 22.448
1991.583333 23.173
1991.666667 23.136
1991.750000 22.120
1991.833333 21.026
1991.916667 19.972
1992 19.096
1992.083333 18.747
1992.166667 18.727
1992.250000 19.058
1992.333333 19.887
1992.416667 21.177
1992.500000 22.338
1992.583333 22.903
1992.666667 22.805
1992.750000 22.085
1992.833333 20.955
1992.916667 19.904
1993 19.048
1993.083333 18.657
1993.166667 18.578
1993.250000 19.071
1993.333333 19.948
1993.416667 21.149
1993.500000 22.282
1993.583333 23.057
1993.666667 23.013
1993.750000 22.144
1993.833333 20.973
1993.916667 19.897
1994 18.994
1994.083333 18.537
1994.166667 18.545
1994.250000 19.047
1994.333333 19.907
1994.416667 21.111
1994.500000 22.330
1994.583333 23.053
1994.666667 23.027
1994.750000 22.330
1994.833333 21.275
1994.916667 20.102
1995 19.230
1995.083333 18.808
1995.166667 18.843
1995.250000 19.325
1995.333333 20.387
1995.416667 21.699
1995.500000 22.878
1995.583333 23.474
1995.666667 23.236
1995.750000 22.493
1995.833333 21.423
1995.916667 20.237
1996 19.285
1996.083333 18.818
1996.166667 18.771
1996.250000 19.261
1996.333333 20.053
1996.416667 21.214
1996.500000 22.462
1996.583333 23.285
1996.666667 23.183
1996.750000 22.250
1996.833333 21.125
1996.916667 20.043
1997 19.207
1997.083333 18.817
1997.166667 18.837
1997.250000 19.262
1997.333333 20.161
1997.416667 21.348
1997.500000 22.629
1997.583333 23.311
1997.666667 23.296
1997.750000 22.547
1997.833333 21.353
1997.916667 20.332
1998 19.431
1998.083333 19.147
1998.166667 19.156
1998.250000 19.548
1998.333333 20.508
1998.416667 21.832
1998.500000 23.059
1998.583333 23.811
1998.666667 23.602
1998.750000 22.782
1998.833333 21.622
1998.916667 20.483
1999 19.354
1999.083333 18.916
1999.166667 18.906
1999.250000 19.312
1999.333333 20.289
1999.416667 21.526
1999.500000 22.773
1999.583333 23.608
1999.666667 23.377
1999.750000 22.420
1999.833333 21.259
1999.916667 20.221
2000 19.223
2000.083333 18.823
2000.166667 18.943
2000.250000 19.305
2000.333333 20.235
2000.416667 21.330
2000.500000 22.650
2000.583333 23.407
2000.666667 23.297
2000.750000 22.365
2000.833333 21.257
2000.916667 20.082
2001 19.182
2001.083333 18.837
2001.166667 18.857
2001.250000 19.253
2001.333333 20.123
2001.416667 21.549
2001.500000 22.715
2001.583333 23.485
2001.666667 23.484
2001.750000 22.659
2001.833333 21.469
2001.916667 20.425
2002 19.493
2002.083333 19.032
2002.166667 18.990
2002.250000 19.295
2002.333333 20.087
2002.416667 21.237
2002.500000 22.517
2002.583333 23.416
2002.666667 23.281
2002.750000 22.522
2002.833333 21.335
2002.916667 20.219
2003 19.365
2003.083333 18.857
2003.166667 18.961
2003.250000 19.350
2003.333333 20.289
2003.416667 21.562
2003.500000 22.862
2003.583333 23.728
2003.666667 23.656
2003.750000 22.840
2003.833333 21.542
2003.916667 20.442
2004 19.528
2004.083333 19.082
2004.166667 19.009
2004.250000 19.382
2004.333333 20.146
2004.416667 21.537
2004.500000 22.816
2004.583333 23.632
2004.666667 23.447
2004.750000 22.659
2004.833333 21.542
2004.916667 20.407
2005 19.431
2005.083333 19.001
2005.166667 19.138
2005.250000 19.569
2005.333333 20.437
2005.416667 21.689
2005.500000 23.038
2005.583333 23.758
2005.666667 23.628
2005.750000 22.657
2005.833333 21.464
2005.916667 20.439
2006 19.447
2006.083333 18.953
2006.166667 18.917
2006.250000 19.477
2006.333333 20.455
2006.416667 21.698
2006.500000 22.969
2006.583333 23.722
2006.666667 23.576
2006.750000 22.756
2006.833333 21.616
2006.916667 20.397
2007 19.497
2007.083333 19.098
2007.166667 18.987
2007.250000 19.441
2007.333333 20.261
2007.416667 21.456
2007.500000 22.726
2007.583333 23.379
2007.666667 23.313
2007.750000 22.583
2007.833333 21.506
2007.916667 20.340
2008 19.359
2008.083333 19.012
2008.166667 19.021
2008.250000 19.328
2008.333333 20.324
2008.416667 21.627
2008.500000 22.806
2008.583333 23.502
2008.666667 23.417
2008.750000 22.530
2008.833333 21.334
2008.916667 20.250
2009 19.273
2009.083333 18.723
2009.166667 18.705
2009.250000 19.157
2009.333333 20.094
2009.416667 21.495
2009.500000 22.831
2009.583333 23.482
2009.666667 23.278
2009.750000 22.595
2009.833333 21.405
2009.916667 20.317
2010 19.374
2010.083333 19.067
2010.166667 19.155
2010.250000 19.716
2010.333333 20.617
2010.416667 21.824
2010.500000 23.056
2010.583333 23.858
2010.666667 23.673
2010.750000 22.757
2010.833333 21.574
2010.916667 20.445
2011 19.481
2011.083333 19.000
2011.166667 18.926
2011.250000 19.385
2011.333333 20.312
2011.416667 21.557
2011.500000 22.700
2011.583333 23.482
2011.666667 23.371
2011.750000 22.499
2011.833333 21.270
2011.916667 20.195
2012 19.275
2012.083333 18.899
2012.166667 18.899
2012.250000 19.376
2012.333333 20.327
2012.416667 21.682
2012.500000 22.986
2012.583333 23.769
2012.666667 23.677
2012.750000 22.768
2012.833333 21.509
2012.916667 20.384
2013 19.471
2013.083333 19.013
2013.166667 19.034
2013.250000 19.435
2013.333333 20.267
2013.416667 21.431
2013.500000 22.804
2013.583333 23.535
2013.666667 23.487
2013.750000 22.789
2013.833333 21.475
2013.916667 20.282
2014 19.283
2014.083333 18.858
2014.166667 18.798
2014.250000 19.208
2014.333333 20.167
2014.416667 21.450
2014.500000 22.838
2014.583333 23.678
2014.666667 23.545
2014.750000 22.736
2014.833333 21.414
2014.916667 20.307
2015 19.340
2015.083333 18.899
2015.166667 18.753
2015.250000 19.233
2015.333333 20.216
2015.416667 21.419
2015.500000 22.751
2015.583333 23.524
2015.666667 23.537
2015.750000 22.772
2015.833333 21.538
2015.916667 20.480
2016 19.582
2016.083333 19.061
2016.166667 19.073
2016.250000 19.484
2016.333333 20.518
2016.416667 21.802
2016.500000 23.054
2016.583333 23.805
2016.666667 23.698
2016.750000 22.830
2016.833333 21.745
2016.916667 20.588
2017 19.579
2017.083333 19.135
2017.166667 19.055
2017.250000 19.593
2017.333333 20.491
2017.416667 21.704
2017.500000 22.927
2017.583333 23.661
2017.666667 23.593
2017.750000 22.886
2017.833333 21.709
2017.916667 20.620
2018 19.529
2018.083333 18.974
2018.166667 19.022
2018.250000 19.376
2018.333333 20.179
2018.416667 21.387
2018.500000 22.645
2018.583333 23.467
2018.666667 23.408
2018.750000 22.599
2018.833333 21.240
2018.916667 20.199
2019 19.344
2019.083333 18.995
2019.166667 19.014
2019.250000 19.439
2019.333333 20.270
2019.416667 21.575
2019.500000 22.983
2019.583333 23.695
2019.666667 23.494
2019.750000 22.617
2019.833333 21.473
2019.916667 20.427
2020 19.458
2020.083333 19.273
2020.166667 19.264
2020.250000 19.688
2020.333333 20.452
2020.416667 21.676
2020.500000 22.997
2020.583333 23.808
2020.666667 23.571
2020.750000 22.773
2020.833333 21.502
2020.916667 20.450
2021 19.514
2021.083333 19.082
2021.166667 19.034
2021.250000 19.399
2021.333333 20.283
2021.416667 21.569
2021.500000 22.869
2021.583333 23.631
2021.666667 23.679
2021.750000 22.962
2021.833333 21.837
2021.916667 20.543
2022 19.567
2022.083333 19.079
2022.166667 18.933
2022.250000 19.458
2022.333333 20.411
2022.416667 21.632
2022.500000 22.798
2022.583333 23.747
2022.666667 23.942
2022.750000 22.973
2022.833333 21.677
2022.916667 20.512
2023 19.586
