1950.000000	0.276254
1950.083333	0.327821
1950.166667	0.406405
1950.250000	0.020765
1950.333333	0.079701
1950.416667	0.153659
1950.500000	0.135720
1950.583333	-0.526396
1950.666667	-0.715942
1950.750000	-0.731771
1950.833333	-0.478191
1950.916667	-0.461296
1951.000000	-0.318675
1951.083333	-0.470637
1951.166667	-0.390265
1951.250000	-0.255879
1951.333333	-0.757747
1951.416667	-0.429668
1951.500000	0.361140
1951.583333	0.424467
1951.666667	0.123108
1951.750000	0.350668
1951.833333	-0.078142
1951.916667	0.184497
1952.000000	0.164924
1952.083333	-0.018609
1952.166667	-0.132891
1952.250000	-0.121534
1952.333333	-0.251687
1952.416667	-0.208776
1952.500000	-0.044808
1952.583333	-0.135312
1952.666667	-0.113091
1952.750000	-0.311257
1952.833333	-0.386361
1952.916667	-0.125306
1953.000000	-0.325188
1953.083333	-0.154241
1953.166667	-0.323360
1953.250000	-0.126930
1953.333333	-0.141912
1953.416667	-0.039442
1953.500000	-0.326872
1953.583333	-0.269571
1953.666667	-0.163166
1953.750000	-0.121321
1953.833333	-0.175409
1953.916667	-0.163608
1954.000000	-0.334206
1954.083333	-0.402956
1954.166667	-0.358952
1954.250000	-0.860031
1954.333333	-0.973471
1954.416667	-0.651664
1954.500000	-0.907533
1954.583333	-0.430611
1954.666667	-0.118952
1954.750000	0.302534
1954.833333	0.007806
1954.916667	-0.132211
1955.000000	-0.164424
1955.083333	-0.251804
1955.166667	-0.286692
1955.250000	-0.096069
1955.333333	0.073716
1955.416667	-0.053600
1955.500000	-0.117147
1955.583333	-0.356162
1955.666667	0.001584
1955.750000	0.244101
1955.833333	0.130241
1955.916667	-0.116025
1956.000000	-0.246848
1956.083333	-0.427328
1956.166667	-0.204863
1956.250000	0.065873
1956.333333	0.026179
1956.416667	-0.222500
1956.500000	-0.289901
1956.583333	-0.407109
1956.666667	-0.010945
1956.750000	0.194625
1956.833333	0.065854
1956.916667	-0.481661
1957.000000	-0.204909
1957.083333	-0.179581
1957.166667	0.097497
1957.250000	0.297725
1957.333333	0.356348
1957.416667	0.467675
1957.500000	0.330437
1957.583333	-0.028634
1957.666667	-0.419684
1957.750000	-0.463680
1957.833333	-0.137388
1957.916667	0.085663
1958.000000	0.372356
1958.083333	0.314123
1958.166667	0.205637
1958.250000	-0.101055
1958.333333	-1.238825
1958.416667	-1.215909
1958.500000	-0.617422
1958.583333	-0.620208
1958.666667	-0.303327
1958.750000	-0.106352
1958.833333	-0.033501
1958.916667	0.176977
1959.000000	0.206190
1959.083333	0.322984
1959.166667	0.599151
1959.250000	0.359984
1959.333333	-0.281199
1959.416667	-0.464600
1959.500000	0.255908
1959.583333	0.292604
1959.666667	0.171860
1959.750000	0.099294
1959.833333	-0.095396
1959.916667	0.095039
1960.000000	-0.138946
1960.083333	0.048720
1960.166667	-0.101145
1960.250000	0.002146
1960.333333	-0.032204
1960.416667	0.126642
1960.500000	0.667676
1960.583333	0.585806
1960.666667	0.383089
1960.750000	0.441345
1960.833333	0.512217
1960.916667	0.502900
1961.000000	0.084819
1961.083333	0.080686
1961.166667	0.204152
1961.250000	0.127222
1961.333333	0.221890
1961.416667	-0.352026
1961.500000	-0.255291
1961.583333	-0.252353
1961.666667	0.035358
1961.750000	0.404755
1961.833333	0.419024
1961.916667	0.134624
1962.000000	0.156624
1962.083333	-0.053436
1962.166667	0.108082
1962.250000	0.314602
1962.333333	0.213315
1962.416667	0.025653
1962.500000	-0.338796
1962.583333	-0.237711
1962.666667	0.072238
1962.750000	0.253306
1962.833333	0.339081
1962.916667	0.634956
1963.000000	0.334447
1963.083333	0.381879
1963.166667	0.408133
1963.250000	0.416948
1963.333333	1.185409
1963.416667	1.487805
1963.500000	1.239113
1963.583333	0.906506
1963.666667	0.677405
1963.750000	0.654462
1963.833333	0.603801
1963.916667	0.549427
1964.000000	0.777428
1964.083333	0.262812
1964.166667	0.166733
1964.250000	0.163875
1964.333333	0.336764
1964.416667	0.161314
1964.500000	0.192065
1964.583333	0.182956
1964.666667	-0.359699
1964.750000	-0.921796
1964.833333	-0.676043
1964.916667	-0.347659
1965.000000	-0.143167
1965.083333	0.017348
1965.166667	0.542663
1965.250000	0.452379
1965.333333	0.726565
1965.416667	0.559505
1965.500000	-0.008744
1965.583333	0.135287
1965.666667	0.141794
1965.750000	-0.112577
1965.833333	-0.404390
1965.916667	-0.254111
1966.000000	0.029021
1966.083333	0.281137
1966.166667	0.379300
1966.250000	0.461112
1966.333333	0.790408
1966.416667	0.964037
1966.500000	0.961608
1966.583333	0.246883
1966.666667	0.118794
1966.750000	0.036211
1966.833333	0.249666
1966.916667	0.731131
1967.000000	0.567699
1967.083333	0.452186
1967.166667	0.145179
1967.250000	0.167595
1967.333333	0.033307
1967.416667	-0.171149
1967.500000	-0.144059
1967.583333	-0.137736
1967.666667	-0.335749
1967.750000	-0.507641
1967.833333	-0.412688
1967.916667	-0.180444
1968.000000	-0.020001
1968.083333	0.093688
1968.166667	-0.012794
1968.250000	0.218418
1968.333333	0.224907
1968.416667	0.092952
1968.500000	0.065354
1968.583333	0.288511
1968.666667	0.307674
1968.750000	0.505194
1968.833333	0.242065
1968.916667	0.069226
1969.000000	0.494085
1969.083333	0.812910
1969.166667	0.773332
1969.250000	0.674815
1969.333333	0.185816
1969.416667	-0.020777
1969.500000	-0.232622
1969.583333	0.081376
1969.666667	-0.148257
1969.750000	-0.350150
1969.833333	-0.078087
1969.916667	0.149172
1970.000000	0.244995
1970.083333	0.177501
1970.166667	0.401612
1970.250000	0.404482
1970.333333	0.136783
1970.416667	-0.072481
1970.500000	-0.155283
1970.583333	0.080672
1970.666667	0.112388
1970.750000	0.007807
1970.833333	0.200591
1970.916667	-0.123422
1971.000000	-0.365678
1971.083333	-0.260178
1971.166667	0.009750
1971.250000	0.218632
1971.333333	0.718810
1971.416667	0.535760
1971.500000	0.276112
1971.583333	0.201322
1971.666667	0.211273
1971.750000	0.002202
1971.833333	-0.590072
1971.916667	-1.018411
1972.000000	-0.578724
1972.083333	-0.451866
1972.166667	-0.389482
1972.250000	-0.261403
1972.333333	-0.349350
1972.416667	-0.391743
1972.500000	0.019865
1972.583333	-0.208184
1972.666667	-0.122617
1972.750000	0.095381
1972.833333	0.266144
1972.916667	0.712383
1973.000000	0.624688
1973.083333	0.779905
1973.166667	0.467526
1973.250000	0.317682
1973.333333	0.598565
1973.416667	0.486558
1973.500000	0.866079
1973.583333	0.932416
1973.666667	0.903997
1973.750000	0.882514
1973.833333	0.636983
1973.916667	-0.082223
1974.000000	-0.187350
1974.083333	-0.074891
1974.166667	-0.231398
1974.250000	0.225263
1974.333333	0.857649
1974.416667	0.656528
1974.500000	0.772020
1974.583333	0.184796
1974.666667	-0.159294
1974.750000	-0.293138
1974.833333	-0.187565
1974.916667	-0.369944
1975.000000	-0.432508
1975.083333	-0.215090
1975.166667	-0.117423
1975.250000	-0.000112
1975.333333	0.148716
1975.416667	0.439363
1975.500000	-0.138467
1975.583333	-0.222815
1975.666667	-0.064882
1975.750000	0.061032
1975.833333	-0.121421
1975.916667	-0.372788
1976.000000	-0.505281
1976.083333	-0.369886
1976.166667	-0.320537
1976.250000	-0.229126
1976.333333	-0.334396
1976.416667	-0.756800
1976.500000	-0.951932
1976.583333	-0.785589
1976.666667	-0.477041
1976.750000	-0.703501
1976.833333	-0.510818
1976.916667	-0.390302
1977.000000	-0.426371
1977.083333	-0.157904
1977.166667	-0.194331
1977.250000	-0.110014
1977.333333	-0.077748
1977.416667	-0.166517
1977.500000	-0.172266
1977.583333	0.180092
1977.666667	0.206328
1977.750000	-0.089845
1977.833333	-0.060494
1977.916667	-0.325391
1978.000000	-0.339979
1978.083333	-0.163014
1978.166667	-0.733625
1978.250000	-1.074320
1978.333333	-0.998796
1978.416667	-0.714255
1978.500000	-0.147069
1978.583333	-0.166139
1978.666667	-0.167656
1978.750000	-0.517231
1978.833333	-0.244673
1978.916667	0.204175
1979.000000	0.435690
1979.083333	0.409405
1979.166667	-0.100688
1979.250000	0.018461
1979.333333	-0.037882
1979.416667	-0.030913
1979.500000	-0.155583
1979.583333	-0.059378
1979.666667	0.123051
1979.750000	-0.108686
1979.833333	0.052511
1979.916667	0.034751
1980.000000	-0.014048
1980.083333	-0.189432
1980.166667	-0.077887
1980.250000	-0.292457
1980.333333	-0.326018
1980.416667	-0.438268
1980.500000	-0.228885
1980.583333	-0.176397
1980.666667	0.189943
1980.750000	-0.101347
1980.833333	-0.228512
1980.916667	-0.580189
1981.000000	-0.465427
1981.083333	-0.303330
1981.166667	-0.399269
1981.250000	-0.167022
1981.333333	-0.378874
1981.416667	0.067139
1981.500000	-0.001106
1981.583333	0.272846
1981.666667	0.009927
1981.750000	0.362732
1981.833333	0.269099
1981.916667	0.179085
1982.000000	0.061161
1982.083333	-0.066510
1982.166667	0.042953
1982.250000	-0.342540
1982.333333	-0.619992
1982.416667	-0.749002
1982.500000	-0.577355
1982.583333	-0.521385
1982.666667	-0.602976
1982.750000	-0.537453
1982.833333	-0.489604
1982.916667	-0.231657
1983.000000	0.169311
1983.083333	0.364806
1983.166667	0.236230
1983.250000	-0.089993
1983.333333	-0.390477
1983.416667	-0.852763
1983.500000	-0.636618
1983.583333	-0.328517
1983.666667	-0.142194
1983.750000	-0.119963
1983.833333	-0.078790
1983.916667	0.128500
1984.000000	-0.042474
1984.083333	0.154774
1984.166667	0.518263
1984.250000	0.387144
1984.333333	0.625589
1984.416667	1.000412
1984.500000	1.206793
1984.583333	1.377622
1984.666667	1.243834
1984.750000	0.711656
1984.833333	0.360625
1984.916667	0.378825
1985.000000	0.390092
1985.083333	0.216013
1985.166667	-0.059233
1985.250000	0.008979
1985.333333	0.156669
1985.416667	-0.067341
1985.500000	0.291515
1985.583333	0.523376
1985.666667	0.462086
1985.750000	0.326910
1985.833333	0.314159
1985.916667	0.221290
1986.000000	0.059710
1986.083333	0.366844
1986.166667	0.292718
1986.250000	0.433354
1986.333333	0.424118
1986.416667	0.336103
1986.500000	0.003779
1986.583333	0.017886
1986.666667	-0.015161
1986.750000	-0.367273
1986.833333	-0.635740
1986.916667	-0.490893
1987.000000	-0.247670
1987.083333	0.055056
1987.166667	0.167652
1987.250000	0.430757
1987.333333	0.515227
1987.416667	0.812739
1987.500000	0.893004
1987.583333	0.891936
1987.666667	0.581879
1987.750000	0.323914
1987.833333	0.752388
1987.916667	0.731439
1988.000000	0.610355
1988.083333	0.556570
1988.166667	0.671772
1988.250000	0.691748
1988.333333	0.988774
1988.416667	1.190348
1988.500000	1.042783
1988.583333	0.847162
1988.666667	0.604741
1988.750000	0.557898
1988.833333	0.234774
1988.916667	0.234898
1989.000000	0.318350
1989.083333	0.230838
1989.166667	0.097128
1989.250000	0.402562
1989.333333	0.739884
1989.416667	0.647331
1989.500000	0.550057
1989.583333	0.672158
1989.666667	0.422591
1989.750000	0.272396
1989.833333	0.210367
1989.916667	0.043784
1990.000000	-0.208754
1990.083333	0.142256
1990.166667	0.563178
1990.250000	0.532172
1990.333333	0.244022
1990.416667	0.389152
1990.500000	-0.142597
1990.583333	0.299764
1990.666667	0.422118
1990.750000	0.555790
1990.833333	0.688584
1990.916667	0.653156
1991.000000	0.557171
1991.083333	0.476379
1991.166667	0.597091
1991.250000	0.579305
1991.333333	1.065694
1991.416667	0.981262
1991.500000	0.513209
1991.583333	0.312180
1991.666667	0.071040
1991.750000	-0.355036
1991.833333	-0.518133
1991.916667	-0.406546
1992.000000	-0.380291
1992.083333	0.117911
1992.166667	-0.128825
1992.250000	-0.082248
1992.333333	-0.296194
1992.416667	-0.383933
1992.500000	-0.380570
1992.583333	-0.456577
1992.666667	-0.273033
1992.750000	-0.202784
1992.833333	-0.344919
1992.916667	-0.089363
1993.000000	0.184747
1993.083333	-0.051642
1993.166667	-0.130866
1993.250000	0.074218
1993.333333	-0.009037
1993.416667	-0.079474
1993.500000	0.494303
1993.583333	0.191756
1993.666667	0.581312
1993.750000	0.549252
1993.833333	0.550108
1993.916667	0.415223
1994.000000	0.047636
1994.083333	-0.177103
1994.166667	0.019002
1994.250000	0.244029
1994.333333	0.196681
1994.416667	-0.021961
1994.500000	-0.297427
1994.583333	0.188092
1994.666667	0.107036
1994.750000	0.283431
1994.833333	0.701670
1994.916667	0.820086
1995.000000	0.865254
1995.083333	0.786546
1995.166667	1.021177
1995.250000	0.898863
1995.333333	0.681553
1995.416667	0.918448
1995.500000	0.839849
1995.583333	0.590895
1995.666667	0.336284
1995.750000	0.310555
1995.833333	0.509522
1995.916667	0.272093
1996.000000	0.166253
1996.083333	0.357916
1996.166667	0.419511
1996.250000	0.960307
1996.333333	0.903070
1996.416667	0.860488
1996.500000	0.801084
1996.583333	0.671066
1996.666667	0.480073
1996.750000	0.374891
1996.833333	-0.069757
1996.916667	-0.363518
1997.000000	-0.498969
1997.083333	-0.401217
1997.166667	-0.261589
1997.250000	-0.391652
1997.333333	-0.220890
1997.416667	-0.228851
1997.500000	0.000054
1997.583333	0.343549
1997.666667	0.410817
1997.750000	0.761194
1997.833333	0.880120
1997.916667	0.953523
1998.000000	0.991854
1998.083333	1.228562
1998.166667	1.090364
1998.250000	1.032726
1998.333333	1.136372
1998.416667	1.324013
1998.500000	1.294976
1998.583333	0.791522
1998.666667	0.967095
1998.750000	0.893194
1998.833333	0.975822
1998.916667	0.447202
1999.000000	0.063575
1999.083333	0.290892
1999.166667	0.547377
1999.250000	0.614857
1999.333333	0.747713
1999.416667	0.849034
1999.500000	1.043199
1999.583333	0.908411
1999.666667	0.389427
1999.750000	0.233328
1999.833333	0.247664
1999.916667	0.620457
2000.000000	0.373857
2000.083333	0.392626
2000.166667	0.519975
2000.250000	0.491972
2000.333333	0.637328
2000.416667	0.544781
2000.500000	0.471947
2000.583333	0.711278
2000.666667	0.363133
2000.750000	0.291603
2000.833333	0.311222
2000.916667	0.198112
2001.000000	0.175028
2001.083333	0.141246
2001.166667	0.487588
2001.250000	0.675627
2001.333333	0.733417
2001.416667	0.729525
2001.500000	0.478008
2001.583333	0.431894
2001.666667	0.187286
2001.750000	0.351755
2001.833333	0.269329
2001.916667	0.086156
2002.000000	0.174929
2002.083333	0.182915
2002.166667	0.598210
2002.250000	0.654115
2002.333333	0.831556
2002.416667	0.680345
2002.500000	0.609163
2002.583333	0.677720
2002.666667	0.174445
2002.750000	0.197805
2002.833333	-0.092321
2002.916667	0.479765
2003.000000	0.541207
2003.083333	0.831258
2003.166667	0.872107
2003.250000	0.614801
2003.333333	0.316876
2003.416667	0.236508
2003.500000	0.936917
2003.583333	1.013579
2003.666667	1.150757
2003.750000	0.898688
2003.833333	0.832049
2003.916667	0.983498
2004.000000	0.881977
2004.083333	0.625689
2004.166667	0.157949
2004.250000	-0.222988
2004.333333	-0.100740
2004.416667	0.053572
2004.500000	0.341085
2004.583333	0.791047
2004.666667	1.147585
2004.750000	0.684094
2004.833333	0.867958
2004.916667	1.021880
2005.000000	0.996115
2005.083333	1.212668
2005.166667	0.996406
2005.250000	0.250680
2005.333333	-0.317019
2005.416667	-0.273623
2005.500000	0.214247
2005.583333	0.563492
2005.666667	0.711961
2005.750000	0.638970
2005.833333	0.682747
2005.916667	0.550941
2006.000000	0.439596
2006.083333	0.812620
2006.166667	0.955633
2006.250000	0.911580
2006.333333	0.652932
2006.416667	1.282409
2006.500000	1.021264
2006.583333	0.798090
2006.666667	0.562769
2006.750000	0.434689
2006.833333	0.627876
2006.916667	0.882887
2007.000000	0.727511
2007.083333	0.899683
2007.166667	0.827283
2007.250000	0.830738
2007.333333	1.117639
2007.416667	0.838995
2007.500000	0.786301
2007.583333	0.910861
2007.666667	0.816141
2007.750000	0.688325
2007.833333	0.725170
2007.916667	0.599907
2008.000000	0.439999
2008.083333	0.545776
2008.166667	0.670694
2008.250000	0.595587
2008.333333	0.782865
2008.416667	0.503893
2008.500000	0.780956
2008.583333	1.058339
2008.666667	0.740842
2008.750000	0.756441
2008.833333	0.576933
2008.916667	0.746966
2009.000000	0.564648
2009.083333	0.627695
2009.166667	0.617623
2009.250000	0.706331
2009.333333	0.859755
2009.416667	0.533006
2009.500000	0.518494
2009.583333	0.527627
2009.666667	0.647539
2009.750000	0.405157
2009.833333	0.407742
2009.916667	0.808386
2010.000000	1.136305
2010.083333	1.016563
2010.166667	0.980459
2010.250000	0.807021
2010.333333	0.488960
2010.416667	0.701896
2010.500000	0.614996
2010.583333	0.563727
2010.666667	0.823396
2010.750000	0.828330
2010.833333	0.905987
2010.916667	1.103537
2011.000000	1.106184
2011.083333	1.127051
2011.166667	0.866860
2011.250000	0.880193
2011.333333	0.320017
2011.416667	0.185828
2011.500000	0.317330
2011.583333	0.583836
2011.666667	0.418103
2011.750000	0.513314
2011.833333	0.506239
2011.916667	-0.088574
2012.000000	-0.217314
2012.083333	-0.285993
2012.166667	0.145591
2012.250000	0.202567
2012.333333	0.462948
2012.416667	0.708715
2012.500000	0.662118
2012.583333	0.699311
2012.666667	0.761629
2012.750000	0.519942
2012.833333	0.755813
2012.916667	0.647351
2013.000000	0.930971
2013.083333	0.763538
2013.166667	0.710663
2013.250000	0.626484
2013.333333	0.651909
2013.416667	0.377576
2013.500000	0.242270
2013.583333	0.457350
2013.666667	0.526578
2013.750000	0.603449
2013.833333	0.409442
2013.916667	0.517085
2014.000000	0.329547
2014.083333	0.531551
2014.166667	0.388804
2014.250000	0.642010
2014.333333	1.101257
2014.416667	0.875741
2014.500000	0.215354
2014.583333	0.622913
2014.666667	0.372509
2014.750000	0.581217
2014.833333	0.366734
2014.916667	0.370523
2015.000000	0.414290
2015.083333	0.398144
2015.166667	0.243316
2015.250000	0.522260
2015.333333	0.919103
2015.416667	0.291945
2015.500000	0.217360
2015.583333	0.217875
2015.666667	0.261963
2015.750000	0.685295
2015.833333	0.915351
2015.916667	0.908190
2016.000000	0.997525
2016.083333	0.878136
2016.166667	0.712285
2016.250000	0.723098
2016.333333	0.617814
2016.416667	0.906570
2016.500000	1.120106
2016.583333	0.989940
2016.666667	0.689787
2016.750000	0.874458
2016.833333	1.014126
2016.916667	1.100756
2017.000000	1.042639
2017.083333	0.652074
2017.166667	0.761550
2017.250000	0.899147
2017.333333	0.631776
2017.416667	0.882281
2017.500000	0.528394
2017.583333	0.628587
2017.666667	0.758175
2017.750000	1.040986
2017.833333	0.760529
2017.916667	0.459686
2018.000000	0.621784
2018.083333	0.405984
2018.166667	0.437576
2018.250000	0.687426
2018.333333	0.597188
2018.416667	0.624205
2018.500000	0.799211
2018.583333	0.609116
2018.666667	0.484417
2018.750000	0.582843
2018.833333	0.577501
2018.916667	0.586852
2019.000000	0.683820
2019.083333	0.706555
2019.166667	0.754387
2019.250000	0.900243
2019.333333	0.436699
2019.416667	0.340701
2019.500000	0.654432
2019.583333	0.647741
2019.666667	0.904715
2019.750000	0.874669
2019.833333	1.142039
2019.916667	1.582024
2020.000000	1.570919
2020.083333	1.201443
2020.166667	1.179653
2020.250000	0.812733
2020.333333	0.940144
2020.416667	0.990635
2020.500000	0.804264
2020.583333	1.038119
2020.666667	0.647157
2020.750000	0.418749
2020.833333	0.456873
2020.916667	0.308469
2021.000000	0.599890
2021.083333	0.601783
2021.166667	0.222241
2021.250000	0.681609
2021.333333	1.271725
2021.416667	1.435490
2021.500000	1.709849
2021.583333	1.734145
2021.666667	1.300843
2021.750000	1.489996
2021.833333	1.720828
2021.916667	0.996253
2022.000000	0.775708
2022.083333	0.636462
2022.166667	0.394624
2022.250000	0.322853
2022.333333	0.647984
2022.416667	0.965604
2022.500000	0.732148
2022.583333	0.776317
2022.666667	0.996213
2022.750000	1.075507
2022.833333	0.833421
2022.916667	0.635677
2023.000000	0.822600
