1880.000000	-0.378000
1880.083333	-0.246750
1880.166667	-0.139250
1880.250000	-0.033000
1880.333333	-0.057250
1880.416667	-0.216000
1880.500000	-0.381000
1880.583333	-0.462000
1880.666667	-0.501250
1880.750000	-0.521750
1880.833333	-0.433000
1880.916667	-0.273750
1881.000000	-0.230500
1881.083333	-0.302750
1881.166667	-0.325000
1881.250000	-0.264750
1881.333333	-0.050250
1881.416667	0.127250
1881.500000	0.072750
1881.583333	-0.035500
1881.666667	-0.163250
1881.750000	-0.262500
1881.833333	-0.308750
1881.916667	-0.399750
1882.000000	-0.502750
1882.083333	-0.435250
1882.166667	-0.189000
1882.250000	-0.038250
1882.333333	0.002000
1882.416667	-0.010000
1882.500000	-0.153750
1882.583333	-0.363000
1882.666667	-0.456750
1882.750000	-0.375000
1882.833333	-0.304750
1882.916667	-0.404000
1883.000000	-0.442000
1883.083333	-0.274000
1883.166667	-0.145500
1883.250000	-0.103500
1883.333333	-0.060500
1883.416667	-0.060750
1883.500000	-0.091250
1883.583333	-0.152750
1883.666667	-0.248000
1883.750000	-0.252250
1883.833333	-0.229250
1883.916667	-0.272250
1884.000000	-0.260750
1884.083333	-0.190500
1884.166667	-0.094500
1884.250000	0.104250
1884.333333	0.179750
1884.416667	0.061250
1884.500000	-0.023750
1884.583333	-0.164500
1884.666667	-0.282750
1884.750000	-0.283250
1884.833333	-0.314500
1884.916667	-0.360750
1885.000000	-0.288250
1885.083333	-0.121750
1885.166667	-0.067750
1885.250000	-0.108750
1885.333333	-0.094750
1885.416667	-0.068250
1885.500000	-0.093750
1885.583333	-0.150000
1885.666667	-0.166500
1885.750000	-0.178750
1885.833333	-0.269500
1885.916667	-0.382500
1886.000000	-0.524250
1886.083333	-0.568750
1886.166667	-0.400750
1886.250000	-0.283500
1886.333333	-0.292750
1886.416667	-0.365250
1886.500000	-0.573750
1886.583333	-0.780250
1886.666667	-0.827250
1886.750000	-0.730000
1886.833333	-0.587500
1886.916667	-0.483750
1887.000000	-0.397000
1887.083333	-0.299000
1887.166667	-0.214250
1887.250000	-0.190000
1887.333333	-0.166250
1887.416667	-0.115750
1887.500000	-0.056250
1887.583333	-0.027000
1887.666667	-0.153250
1887.750000	-0.265250
1887.833333	-0.228750
1887.916667	-0.222750
1888.000000	-0.324500
1888.083333	-0.488500
1888.166667	-0.644000
1888.250000	-0.658000
1888.333333	-0.486750
1888.416667	-0.349250
1888.500000	-0.318250
1888.583333	-0.322500
1888.666667	-0.344000
1888.750000	-0.350750
1888.833333	-0.379500
1888.916667	-0.448250
1889.000000	-0.436250
1889.083333	-0.370750
1889.166667	-0.503750
1889.250000	-0.655750
1889.333333	-0.589750
1889.416667	-0.474750
1889.500000	-0.459250
1889.583333	-0.581750
1889.666667	-0.785750
1889.750000	-0.878250
1889.833333	-0.703750
1889.916667	-0.367250
1890.000000	-0.101750
1890.083333	-0.027750
1890.166667	-0.077500
1890.250000	-0.151750
1890.333333	-0.323500
1890.416667	-0.597000
1890.500000	-0.722250
1890.583333	-0.747750
1890.666667	-0.892500
1890.750000	-0.945500
1890.833333	-0.771500
1890.916667	-0.515750
1891.000000	-0.378500
1891.083333	-0.438000
1891.166667	-0.432000
1891.250000	-0.294750
1891.333333	-0.171750
1891.416667	-0.105500
1891.500000	-0.072500
1891.583333	0.011250
1891.666667	0.056250
1891.750000	0.029250
1891.833333	0.041750
1891.916667	0.025250
1892.000000	-0.110250
1892.083333	-0.190250
1892.166667	-0.175000
1892.250000	-0.200000
1892.333333	-0.257500
1892.416667	-0.378750
1892.500000	-0.606500
1892.583333	-0.873500
1892.666667	-0.933000
1892.750000	-0.678750
1892.833333	-0.435750
1892.916667	-0.391000
1893.000000	-0.394250
1893.083333	-0.367750
1893.166667	-0.380000
1893.250000	-0.442250
1893.333333	-0.451500
1893.416667	-0.430250
1893.500000	-0.490500
1893.583333	-0.582000
1893.666667	-0.613500
1893.750000	-0.563500
1893.833333	-0.430000
1893.916667	-0.248750
1894.000000	-0.124500
1894.083333	-0.134250
1894.166667	-0.187500
1894.250000	-0.195000
1894.333333	-0.122500
1894.416667	-0.044500
1894.500000	0.023000
1894.583333	0.042250
1894.666667	-0.094000
1894.750000	-0.177500
1894.833333	-0.163750
1894.916667	-0.158750
1895.000000	-0.098500
1895.083333	-0.019500
1895.166667	-0.023500
1895.250000	-0.072250
1895.333333	-0.061750
1895.416667	-0.093250
1895.500000	-0.144500
1895.583333	-0.108000
1895.666667	-0.088500
1895.750000	-0.137000
1895.833333	-0.253250
1895.916667	-0.320750
1896.000000	-0.363000
1896.083333	-0.450000
1896.166667	-0.412750
1896.250000	-0.258750
1896.333333	-0.133750
1896.416667	-0.056250
1896.500000	-0.017000
1896.583333	0.013000
1896.666667	0.157750
1896.750000	0.295000
1896.833333	0.238500
1896.916667	0.094750
1897.000000	-0.075750
1897.083333	-0.192500
1897.166667	-0.176000
1897.250000	-0.123000
1897.333333	-0.112000
1897.416667	-0.132000
1897.500000	-0.135500
1897.583333	-0.204500
1897.666667	-0.495250
1897.750000	-0.791250
1897.833333	-0.800500
1897.916667	-0.653500
1898.000000	-0.501750
1898.083333	-0.361500
1898.166667	-0.282750
1898.250000	-0.312750
1898.333333	-0.362500
1898.416667	-0.444500
1898.500000	-0.619250
1898.583333	-0.730500
1898.666667	-0.757500
1898.750000	-0.708500
1898.833333	-0.559000
1898.916667	-0.424750
1899.000000	-0.330750
1899.083333	-0.214000
1899.166667	-0.105250
1899.250000	-0.049000
1899.333333	-0.084500
1899.416667	-0.253000
1899.500000	-0.388750
1899.583333	-0.495750
1899.666667	-0.565750
1899.750000	-0.419750
1899.833333	-0.393000
1899.916667	-0.516500
1900.000000	-0.423500
1900.083333	-0.299000
1900.166667	-0.297000
1900.250000	-0.233250
1900.333333	-0.083000
1900.416667	-0.039500
1900.500000	-0.187500
1900.583333	-0.352500
1900.666667	-0.378000
1900.750000	-0.261250
1900.833333	-0.244750
1900.916667	-0.418500
1901.000000	-0.575250
1901.083333	-0.668000
1901.166667	-0.617000
1901.250000	-0.492500
1901.333333	-0.472250
1901.416667	-0.524750
1901.500000	-0.612500
1901.583333	-0.741250
1901.666667	-0.793500
1901.750000	-0.692750
1901.833333	-0.615500
1901.916667	-0.562000
1902.000000	-0.450000
1902.083333	-0.326250
1902.166667	-0.137000
1902.250000	0.035250
1902.333333	0.056750
1902.416667	0.028250
1902.500000	0.130750
1902.583333	0.308000
1902.666667	0.249250
1902.750000	0.058750
1902.833333	-0.030500
1902.916667	-0.182500
1903.000000	-0.378750
1903.083333	-0.415000
1903.166667	-0.393000
1903.250000	-0.389250
1903.333333	-0.287000
1903.416667	-0.286750
1903.500000	-0.399000
1903.583333	-0.445000
1903.666667	-0.596000
1903.750000	-0.710750
1903.833333	-0.564750
1903.916667	-0.350750
1904.000000	-0.208500
1904.083333	-0.145250
1904.166667	-0.086500
1904.250000	-0.051250
1904.333333	-0.120500
1904.416667	-0.178000
1904.500000	-0.213250
1904.583333	-0.340750
1904.666667	-0.380000
1904.750000	-0.238500
1904.833333	-0.277250
1904.916667	-0.478250
1905.000000	-0.484750
1905.083333	-0.373500
1905.166667	-0.357500
1905.250000	-0.320750
1905.333333	-0.244000
1905.416667	-0.242250
1905.500000	-0.199250
1905.583333	-0.066000
1905.666667	-0.037500
1905.750000	-0.196750
1905.833333	-0.354500
1905.916667	-0.458250
1906.000000	-0.493750
1906.083333	-0.440250
1906.166667	-0.485000
1906.250000	-0.545500
1906.333333	-0.419750
1906.416667	-0.446500
1906.500000	-0.756750
1906.583333	-1.090750
1906.666667	-1.220250
1906.750000	-0.975750
1906.833333	-0.618250
1906.916667	-0.383500
1907.000000	-0.248500
1907.083333	-0.116500
1907.166667	-0.074500
1907.250000	-0.190250
1907.333333	-0.244750
1907.416667	-0.299250
1907.500000	-0.515750
1907.583333	-0.641750
1907.666667	-0.476250
1907.750000	-0.293250
1907.833333	-0.231250
1907.916667	-0.223500
1908.000000	-0.268750
1908.083333	-0.254750
1908.166667	-0.321750
1908.250000	-0.432000
1908.333333	-0.214500
1908.416667	-0.085250
1908.500000	-0.298750
1908.583333	-0.352250
1908.666667	-0.270000
1908.750000	-0.303000
1908.833333	-0.397250
1908.916667	-0.519250
1909.000000	-0.566750
1909.083333	-0.491500
1909.166667	-0.426750
1909.250000	-0.479750
1909.333333	-0.654250
1909.416667	-0.816250
1909.500000	-0.887000
1909.583333	-0.874000
1909.666667	-0.767500
1909.750000	-0.563500
1909.833333	-0.339500
1909.916667	-0.289750
1910.000000	-0.311750
1910.083333	-0.263250
1910.166667	-0.296500
1910.250000	-0.369500
1910.333333	-0.391500
1910.416667	-0.520250
1910.500000	-0.733250
1910.583333	-0.817750
1910.666667	-0.857750
1910.750000	-0.814750
1910.833333	-0.558750
1910.916667	-0.284750
1911.000000	-0.222500
1911.083333	-0.393750
1911.166667	-0.585500
1911.250000	-0.581500
1911.333333	-0.520000
1911.416667	-0.608250
1911.500000	-0.632000
1911.583333	-0.515750
1911.666667	-0.464750
1911.750000	-0.390500
1911.833333	-0.201250
1911.916667	-0.115250
1912.000000	-0.170000
1912.083333	-0.145750
1912.166667	-0.077000
1912.250000	-0.074500
1912.333333	-0.008750
1912.416667	-0.084000
1912.500000	-0.423750
1912.583333	-0.625750
1912.666667	-0.585250
1912.750000	-0.531750
1912.833333	-0.525500
1912.916667	-0.411750
1913.000000	-0.207500
1913.083333	-0.079000
1913.166667	-0.079000
1913.250000	-0.131000
1913.333333	-0.047500
1913.416667	0.020250
1913.500000	-0.159750
1913.583333	-0.336000
1913.666667	-0.267250
1913.750000	-0.107250
1913.833333	-0.096750
1913.916667	-0.173750
1914.000000	-0.178250
1914.083333	-0.164000
1914.166667	-0.189500
1914.250000	-0.151000
1914.333333	0.113000
1914.416667	0.376750
1914.500000	0.288250
1914.583333	0.103750
1914.666667	0.067500
1914.750000	-0.047500
1914.833333	-0.352250
1914.916667	-0.571250
1915.000000	-0.595250
1915.083333	-0.520750
1915.166667	-0.354000
1915.250000	-0.281250
1915.333333	-0.280750
1915.416667	-0.300000
1915.500000	-0.407750
1915.583333	-0.383500
1915.666667	-0.256750
1915.750000	-0.172250
1915.833333	-0.080500
1915.916667	-0.020750
1916.000000	-0.009250
1916.083333	0.048250
1916.166667	0.144750
1916.250000	0.126750
1916.333333	-0.056250
1916.416667	-0.308750
1916.500000	-0.551000
1916.583333	-0.808000
1916.666667	-0.968500
1916.750000	-0.841250
1916.833333	-0.546500
1916.916667	-0.241750
1917.000000	-0.026000
1917.083333	0.028000
1917.166667	-0.027750
1917.250000	-0.160500
1917.333333	-0.261000
1917.416667	-0.319000
1917.500000	-0.384250
1917.583333	-0.476000
1917.666667	-0.689750
1917.750000	-0.837500
1917.833333	-0.763250
1917.916667	-0.473750
1918.000000	-0.056750
1918.083333	0.179000
1918.166667	0.102750
1918.250000	-0.142500
1918.333333	-0.247250
1918.416667	-0.137750
1918.500000	-0.029750
1918.583333	0.035500
1918.666667	0.139500
1918.750000	0.262000
1918.833333	0.268500
1918.916667	0.152250
1919.000000	0.042000
1919.083333	-0.050500
1919.166667	-0.176500
1919.250000	-0.288250
1919.333333	-0.303750
1919.416667	-0.221250
1919.500000	-0.152000
1919.583333	-0.151500
1919.666667	-0.155500
1919.750000	-0.157500
1919.833333	-0.200750
1919.916667	-0.182250
1920.000000	-0.009500
1920.083333	0.147500
1920.166667	0.186750
1920.250000	0.213750
1920.333333	0.221750
1920.416667	-0.008000
1920.500000	-0.354750
1920.583333	-0.493500
1920.666667	-0.445500
1920.750000	-0.382500
1920.833333	-0.377750
1920.916667	-0.330000
1921.000000	-0.216000
1921.083333	-0.095250
1921.166667	-0.040250
1921.250000	-0.042250
1921.333333	-0.033750
1921.416667	-0.126250
1921.500000	-0.401750
1921.583333	-0.606000
1921.666667	-0.504250
1921.750000	-0.357750
1921.833333	-0.337250
1921.916667	-0.326000
1922.000000	-0.266000
1922.083333	-0.093000
1922.166667	-0.018500
1922.250000	-0.186750
1922.333333	-0.215250
1922.416667	-0.163750
1922.500000	-0.289500
1922.583333	-0.365000
1922.666667	-0.370250
1922.750000	-0.391750
1922.833333	-0.363000
1922.916667	-0.258250
1923.000000	-0.211750
1923.083333	-0.247250
1923.166667	-0.215250
1923.250000	-0.185000
1923.333333	-0.153750
1923.416667	-0.128500
1923.500000	-0.122250
1923.583333	0.065750
1923.666667	0.310000
1923.750000	0.447000
1923.833333	0.361000
1923.916667	-0.016000
1924.000000	-0.347000
1924.083333	-0.432750
1924.166667	-0.341000
1924.250000	-0.261250
1924.333333	-0.298500
1924.416667	-0.324750
1924.500000	-0.308750
1924.583333	-0.364000
1924.666667	-0.361750
1924.750000	-0.232250
1924.833333	-0.228500
1924.916667	-0.281750
1925.000000	-0.186750
1925.083333	-0.014000
1925.166667	0.198500
1925.250000	0.311250
1925.333333	0.206750
1925.416667	0.089000
1925.500000	0.031000
1925.583333	0.141500
1925.666667	0.330750
1925.750000	0.315250
1925.833333	0.165750
1925.916667	0.034250
1926.000000	-0.060000
1926.083333	-0.109500
1926.166667	-0.083250
1926.250000	-0.072500
1926.333333	0.019500
1926.416667	0.095000
1926.500000	0.024000
1926.583333	-0.055500
1926.666667	-0.112000
1926.750000	-0.144500
1926.833333	-0.260500
1926.916667	-0.301750
1927.000000	-0.125250
1927.083333	0.002000
1927.166667	-0.101000
1927.250000	-0.231000
1927.333333	-0.182500
1927.416667	-0.191250
1927.500000	-0.378000
1927.583333	-0.508750
1927.666667	-0.514250
1927.750000	-0.401500
1927.833333	-0.269500
1927.916667	-0.273000
1928.000000	-0.303000
1928.083333	-0.262000
1928.166667	-0.217500
1928.250000	-0.210000
1928.333333	-0.241500
1928.416667	-0.358750
1928.500000	-0.554250
1928.583333	-0.716500
1928.666667	-0.720500
1928.750000	-0.498750
1928.833333	-0.261000
1928.916667	-0.227250
1929.000000	-0.256000
1929.083333	-0.230500
1929.166667	-0.175750
1929.250000	-0.177500
1929.333333	-0.210250
1929.416667	-0.209750
1929.500000	-0.272750
1929.583333	-0.309750
1929.666667	-0.242000
1929.750000	-0.187250
1929.833333	-0.116750
1929.916667	-0.106250
1930.000000	-0.275500
1930.083333	-0.360500
1930.166667	-0.260250
1930.250000	-0.231000
1930.333333	-0.231000
1930.416667	-0.180250
1930.500000	-0.214500
1930.583333	-0.360000
1930.666667	-0.467000
1930.750000	-0.244000
1930.833333	0.042250
1930.916667	0.038500
1931.000000	-0.070750
1931.083333	-0.236750
1931.166667	-0.399250
1931.250000	-0.380750
1931.333333	-0.242750
1931.416667	-0.206500
1931.500000	-0.296750
1931.583333	-0.499750
1931.666667	-0.659000
1931.750000	-0.460000
1931.833333	-0.325250
1931.916667	-0.476500
1932.000000	-0.491250
1932.083333	-0.425250
1932.166667	-0.306750
1932.250000	-0.184000
1932.333333	-0.232000
1932.416667	-0.252750
1932.500000	-0.239000
1932.583333	-0.299500
1932.666667	-0.384750
1932.750000	-0.406500
1932.833333	-0.228500
1932.916667	-0.060250
1933.000000	-0.056000
1933.083333	-0.002750
1933.166667	0.129500
1933.250000	0.095000
1933.333333	-0.117500
1933.416667	-0.255750
1933.500000	-0.364000
1933.583333	-0.718000
1933.666667	-1.067250
1933.750000	-0.898750
1933.833333	-0.547750
1933.916667	-0.458000
1934.000000	-0.416250
1934.083333	-0.238750
1934.166667	-0.090750
1934.250000	-0.076000
1934.333333	-0.050250
1934.416667	-0.038000
1934.500000	-0.064500
1934.583333	-0.105000
1934.666667	-0.211500
1934.750000	-0.187000
1934.833333	-0.079000
1934.916667	-0.034750
1935.000000	0.020500
1935.083333	0.086000
1935.166667	0.080750
1935.250000	0.020000
1935.333333	0.087500
1935.416667	0.175500
1935.500000	0.147500
1935.583333	0.045500
1935.666667	-0.084750
1935.750000	-0.046750
1935.833333	0.107750
1935.916667	0.143750
1936.000000	0.020750
1936.083333	-0.145000
1936.166667	-0.131500
1936.250000	-0.052750
1936.333333	-0.010000
1936.416667	0.067000
1936.500000	-0.024750
1936.583333	-0.241500
1936.666667	-0.384250
1936.750000	-0.336000
1936.833333	-0.165250
1936.916667	-0.121500
1937.000000	-0.124250
1937.083333	-0.127000
1937.166667	-0.197750
1937.250000	-0.172000
1937.333333	-0.066750
1937.416667	-0.174000
1937.500000	-0.306000
1937.583333	-0.178750
1937.666667	-0.063500
1937.750000	-0.066250
1937.833333	-0.049000
1937.916667	-0.036750
1938.000000	-0.060500
1938.083333	-0.045250
1938.166667	-0.046250
1938.250000	-0.083000
1938.333333	-0.092750
1938.416667	-0.254000
1938.500000	-0.344750
1938.583333	-0.237500
1938.666667	-0.298250
1938.750000	-0.461250
1938.833333	-0.525500
1938.916667	-0.398250
1939.000000	-0.075750
1939.083333	0.159750
1939.166667	0.085250
1939.250000	-0.129000
1939.333333	-0.192000
1939.416667	-0.173250
1939.500000	-0.257000
1939.583333	-0.295500
1939.666667	-0.183750
1939.750000	-0.109000
1939.833333	-0.114750
1939.916667	-0.030750
1940.000000	0.027500
1940.083333	-0.130000
1940.166667	-0.328750
1940.250000	-0.397750
1940.333333	-0.273000
1940.416667	-0.119000
1940.500000	-0.147250
1940.583333	-0.208250
1940.666667	-0.255000
1940.750000	-0.281250
1940.833333	-0.248500
1940.916667	-0.251750
1941.000000	-0.344750
1941.083333	-0.383750
1941.166667	-0.265250
1941.250000	-0.188500
1941.333333	-0.211000
1941.416667	-0.261500
1941.500000	-0.308250
1941.583333	-0.293250
1941.666667	-0.197750
1941.750000	0.027500
1941.833333	0.163000
1941.916667	0.011250
1942.000000	-0.146500
1942.083333	-0.178750
1942.166667	-0.213750
1942.250000	-0.335250
1942.333333	-0.551250
1942.416667	-0.695250
1942.500000	-0.754750
1942.583333	-0.853750
1942.666667	-0.773750
1942.750000	-0.542500
1942.833333	-0.466500
1942.916667	-0.469750
1943.000000	-0.377000
1943.083333	-0.241500
1943.166667	-0.182000
1943.250000	-0.153250
1943.333333	-0.025250
1943.416667	0.153500
1943.500000	0.199250
1943.583333	-0.013250
1943.666667	-0.327750
1943.750000	-0.389750
1943.833333	-0.305500
1943.916667	-0.246750
1944.000000	-0.042000
1944.083333	0.122000
1944.166667	0.001750
1944.250000	-0.011500
1944.333333	0.140000
1944.416667	0.128250
1944.500000	0.115500
1944.583333	0.145250
1944.666667	-0.016250
1944.750000	-0.225250
1944.833333	-0.111250
1944.916667	0.073750
1945.000000	0.066750
1945.083333	0.142000
1945.166667	0.131000
1945.250000	-0.174500
1945.333333	-0.422750
1945.416667	-0.454750
1945.500000	-0.461500
1945.583333	-0.500500
1945.666667	-0.468250
1945.750000	-0.348500
1945.833333	-0.252750
1945.916667	-0.145750
1946.000000	0.018500
1946.083333	0.035000
1946.166667	-0.166500
1946.250000	-0.178000
1946.333333	0.014000
1946.416667	-0.029250
1946.500000	-0.015750
1946.583333	0.131500
1946.666667	0.081750
1946.750000	0.023750
1946.833333	-0.001000
1946.916667	-0.121500
1947.000000	-0.129250
1947.083333	0.024000
1947.166667	0.050000
1947.250000	0.015500
1947.333333	0.075750
1947.416667	-0.064250
1947.500000	-0.392750
1947.583333	-0.623500
1947.666667	-0.734750
1947.750000	-0.597000
1947.833333	-0.313000
1947.916667	-0.205000
1948.000000	-0.183750
1948.083333	-0.064500
1948.166667	0.036500
1948.250000	0.016250
1948.333333	0.033750
1948.416667	0.042000
1948.500000	-0.130000
1948.583333	-0.353250
1948.666667	-0.391750
1948.750000	-0.266000
1948.833333	-0.270500
1948.916667	-0.259250
1949.000000	0.001250
1949.083333	0.146000
1949.166667	0.113500
1949.250000	0.112000
1949.333333	0.080500
1949.416667	0.071250
1949.500000	0.100750
1949.583333	0.087500
1949.666667	0.047750
1949.750000	-0.046000
1949.833333	-0.192500
1949.916667	-0.193500
1950.000000	-0.173000
1950.083333	-0.379250
1950.166667	-0.514000
1950.250000	-0.405250
1950.333333	-0.310000
1950.416667	-0.310250
1950.500000	-0.247500
1950.583333	-0.248000
1950.666667	-0.397250
1950.750000	-0.372750
1950.833333	-0.149000
1950.916667	0.075750
1951.000000	0.244000
1951.083333	0.315500
1951.166667	0.142750
1951.250000	-0.144000
1951.333333	-0.158000
1951.416667	-0.083500
1951.500000	-0.021500
1951.583333	0.112750
1951.666667	0.108000
1951.750000	0.082750
1951.833333	0.119750
1951.916667	0.058750
1952.000000	0.037250
1952.083333	0.135500
1952.166667	0.190250
1952.250000	0.114000
1952.333333	0.036500
1952.416667	-0.033750
1952.500000	-0.221000
1952.583333	-0.384000
1952.666667	-0.435000
1952.750000	-0.330750
1952.833333	-0.111000
1952.916667	0.100000
1953.000000	0.286000
1953.083333	0.347000
1953.166667	0.240750
1953.250000	0.182000
1953.333333	0.203500
1953.416667	0.078750
1953.500000	-0.070250
1953.583333	-0.113250
1953.666667	-0.135000
1953.750000	-0.113250
1953.833333	-0.057000
1953.916667	-0.096250
1954.000000	-0.197250
1954.083333	-0.180250
1954.166667	-0.063000
1954.250000	-0.100500
1954.333333	-0.316750
1954.416667	-0.502750
1954.500000	-0.606500
1954.583333	-0.602250
1954.666667	-0.605250
1954.750000	-0.573000
1954.833333	-0.328250
1954.916667	-0.069250
1955.000000	-0.005750
1955.083333	-0.002250
1955.166667	0.049250
1955.250000	-0.108750
1955.333333	-0.368500
1955.416667	-0.376000
1955.500000	-0.318500
1955.583333	-0.402000
1955.666667	-0.537750
1955.750000	-0.479500
1955.833333	-0.273250
1955.916667	-0.161000
1956.000000	-0.061000
1956.083333	0.045000
1956.166667	0.007750
1956.250000	-0.210250
1956.333333	-0.479750
1956.416667	-0.725750
1956.500000	-0.836250
1956.583333	-0.751000
1956.666667	-0.642000
1956.750000	-0.528750
1956.833333	-0.344750
1956.916667	-0.231500
1957.000000	-0.326750
1957.083333	-0.359250
1957.166667	-0.226250
1957.250000	-0.198750
1957.333333	-0.267500
1957.416667	-0.335250
1957.500000	-0.322000
1957.583333	-0.243750
1957.666667	-0.267750
1957.750000	-0.341000
1957.833333	-0.315500
1957.916667	-0.262750
1958.000000	-0.249500
1958.083333	-0.228250
1958.166667	-0.243000
1958.250000	-0.308250
1958.333333	-0.461000
1958.416667	-0.715500
1958.500000	-0.955000
1958.583333	-1.114750
1958.666667	-1.087000
1958.750000	-0.840000
1958.833333	-0.619250
1958.916667	-0.412500
1959.000000	-0.235500
1959.083333	-0.322000
1959.166667	-0.395500
1959.250000	-0.412000
1959.333333	-0.558750
1959.416667	-0.623750
1959.500000	-0.643000
1959.583333	-0.726000
1959.666667	-0.673750
1959.750000	-0.509750
1959.833333	-0.404000
1959.916667	-0.299000
1960.000000	-0.148000
1960.083333	-0.107500
1960.166667	-0.324750
1960.250000	-0.583000
1960.333333	-0.639000
1960.416667	-0.608000
1960.500000	-0.578750
1960.583333	-0.514750
1960.666667	-0.542750
1960.750000	-0.664000
1960.833333	-0.673500
1960.916667	-0.477750
1961.000000	-0.182750
1961.083333	-0.025750
1961.166667	-0.145500
1961.250000	-0.363500
1961.333333	-0.286500
1961.416667	0.145500
1961.500000	0.611500
1961.583333	0.790000
1961.666667	0.706000
1961.750000	0.585000
1961.833333	0.472500
1961.916667	0.446250
1962.000000	0.539750
1962.083333	0.570500
1962.166667	0.398500
1962.250000	0.066000
1962.333333	-0.224500
1962.416667	-0.341000
1962.500000	-0.319250
1962.583333	-0.208250
1962.666667	-0.129750
1962.750000	-0.126500
1962.833333	-0.087250
1962.916667	0.075750
1963.000000	0.316000
1963.083333	0.411500
1963.166667	0.272750
1963.250000	0.021250
1963.333333	-0.152000
1963.416667	-0.051000
1963.500000	0.266750
1963.583333	0.416500
1963.666667	0.388000
1963.750000	0.453250
1963.833333	0.372000
1963.916667	0.017250
1964.000000	-0.348250
1964.083333	-0.458250
1964.166667	-0.296750
1964.250000	-0.237750
1964.333333	-0.314750
1964.416667	-0.408000
1964.500000	-0.566250
1964.583333	-0.687250
1964.666667	-0.797250
1964.750000	-0.693000
1964.833333	-0.325750
1964.916667	-0.163250
1965.000000	-0.253000
1965.083333	-0.271250
1965.166667	-0.186750
1965.250000	-0.241250
1965.333333	-0.375750
1965.416667	-0.395500
1965.500000	-0.314750
1965.583333	-0.183750
1965.666667	-0.034750
1965.750000	0.040250
1965.833333	-0.061750
1965.916667	-0.177250
1966.000000	-0.159250
1966.083333	-0.143500
1966.166667	-0.231250
1966.250000	-0.326000
1966.333333	-0.262750
1966.416667	-0.065000
1966.500000	0.105750
1966.583333	0.196500
1966.666667	0.129000
1966.750000	-0.079250
1966.833333	-0.196500
1966.916667	-0.185250
1967.000000	-0.125250
1967.083333	0.048000
1967.166667	0.129250
1967.250000	-0.028250
1967.333333	-0.050500
1967.416667	0.116500
1967.500000	0.218250
1967.583333	0.243250
1967.666667	0.265750
1967.750000	0.258500
1967.833333	0.184000
1967.916667	0.168250
1968.000000	0.273250
1968.083333	0.339500
1968.166667	0.267500
1968.250000	0.127250
1968.333333	0.066750
1968.416667	-0.015000
1968.500000	-0.247250
1968.583333	-0.434750
1968.666667	-0.492750
1968.750000	-0.425750
1968.833333	-0.294500
1968.916667	-0.179000
1969.000000	-0.105500
1969.083333	-0.026250
1969.166667	0.065250
1969.250000	0.031000
1969.333333	-0.164750
1969.416667	-0.355000
1969.500000	-0.342500
1969.583333	-0.232250
1969.666667	-0.141000
1969.750000	-0.025750
1969.833333	0.046250
1969.916667	0.113250
1970.000000	0.279250
1970.083333	0.335750
1970.166667	0.259000
1970.250000	0.254500
1970.333333	0.136500
1970.416667	-0.189000
1970.500000	-0.364750
1970.583333	-0.361500
1970.666667	-0.426250
1970.750000	-0.408250
1970.833333	-0.252500
1970.916667	-0.062750
1971.000000	0.113500
1971.083333	0.189000
1971.166667	0.255750
1971.250000	0.236000
1971.333333	0.051000
1971.416667	-0.124250
1971.500000	-0.268000
1971.583333	-0.441750
1971.666667	-0.546250
1971.750000	-0.359750
1971.833333	0.024000
1971.916667	0.229500
1972.000000	0.141500
1972.083333	0.017000
1972.166667	0.083250
1972.250000	0.195500
1972.333333	0.383250
1972.416667	0.686500
1972.500000	0.771250
1972.583333	0.630000
1972.666667	0.511750
1972.750000	0.558750
1972.833333	0.655250
1972.916667	0.499000
1973.000000	0.191250
1973.083333	0.052750
1973.166667	0.039750
1973.250000	0.045250
1973.333333	0.044000
1973.416667	-0.114250
1973.500000	-0.350750
1973.583333	-0.513500
1973.666667	-0.529250
1973.750000	-0.319750
1973.833333	-0.060000
1973.916667	0.136000
1974.000000	0.260250
1974.083333	0.291250
1974.166667	0.239000
1974.250000	0.058500
1974.333333	-0.052250
1974.416667	-0.034250
1974.500000	-0.150500
1974.583333	-0.369250
1974.666667	-0.545000
1974.750000	-0.588250
1974.833333	-0.458000
1974.916667	-0.328000
1975.000000	-0.266250
1975.083333	-0.251500
1975.166667	-0.184000
1975.250000	0.026500
1975.333333	0.155750
1975.416667	0.135500
1975.500000	0.013250
1975.583333	-0.289250
1975.666667	-0.657500
1975.750000	-0.687000
1975.833333	-0.351500
1975.916667	-0.083500
1976.000000	0.049750
1976.083333	0.126250
1976.166667	0.148500
1976.250000	0.147500
1976.333333	0.208000
1976.416667	0.433250
1976.500000	0.521000
1976.583333	0.256750
1976.666667	-0.014250
1976.750000	-0.076250
1976.833333	-0.023000
1976.916667	0.049750
1977.000000	0.010250
1977.083333	-0.006500
1977.166667	0.103500
1977.250000	0.026750
1977.333333	-0.114000
1977.416667	-0.074250
1977.500000	-0.069250
1977.583333	-0.130750
1977.666667	-0.012250
1977.750000	0.163250
1977.833333	0.111750
1977.916667	-0.119750
1978.000000	-0.387500
1978.083333	-0.489500
1978.166667	-0.388500
1978.250000	-0.303000
1978.333333	-0.276000
1978.416667	-0.145750
1978.500000	-0.048000
1978.583333	-0.097000
1978.666667	-0.190750
1978.750000	-0.293750
1978.833333	-0.300750
1978.916667	-0.083000
1979.000000	0.124500
1979.083333	0.073250
1979.166667	-0.019500
1979.250000	-0.140750
1979.333333	-0.160000
1979.416667	-0.034750
1979.500000	-0.082000
1979.583333	-0.155000
1979.666667	-0.154000
1979.750000	-0.152500
1979.833333	-0.110500
1979.916667	-0.071000
1980.000000	-0.084250
1980.083333	-0.162750
1980.166667	-0.193750
1980.250000	-0.085750
1980.333333	-0.065000
1980.416667	-0.271750
1980.500000	-0.527000
1980.583333	-0.655750
1980.666667	-0.621000
1980.750000	-0.482000
1980.833333	-0.374750
1980.916667	-0.314000
1981.000000	-0.157250
1981.083333	0.025500
1981.166667	0.119000
1981.250000	0.130750
1981.333333	0.041000
1981.416667	-0.163500
1981.500000	-0.392000
1981.583333	-0.536500
1981.666667	-0.566250
1981.750000	-0.437500
1981.833333	-0.201750
1981.916667	0.026000
1982.000000	0.178750
1982.083333	0.214250
1982.166667	0.187500
1982.250000	0.211750
1982.333333	0.292500
1982.416667	0.350750
1982.500000	0.365500
1982.583333	0.412000
1982.666667	0.562000
1982.750000	0.630250
1982.833333	0.376000
1982.916667	-0.048750
1983.000000	-0.358000
1983.083333	-0.520500
1983.166667	-0.573000
1983.250000	-0.398250
1983.333333	0.011500
1983.416667	0.403250
1983.500000	0.546500
1983.583333	0.393250
1983.666667	0.100750
1983.750000	-0.109750
1983.833333	-0.150000
1983.916667	-0.110750
1984.000000	-0.104750
1984.083333	-0.079750
1984.166667	0.003000
1984.250000	0.000750
1984.333333	-0.142000
1984.416667	-0.245000
1984.500000	-0.291500
1984.583333	-0.385250
1984.666667	-0.471000
1984.750000	-0.446500
1984.833333	-0.323000
1984.916667	-0.278250
1985.000000	-0.389500
1985.083333	-0.483750
1985.166667	-0.388000
1985.250000	-0.208250
1985.333333	-0.231750
1985.416667	-0.370500
1985.500000	-0.369000
1985.583333	-0.282750
1985.666667	-0.237000
1985.750000	-0.152750
1985.833333	-0.073000
1985.916667	-0.136500
1986.000000	-0.124500
1986.083333	-0.064750
1986.166667	-0.116500
1986.250000	-0.148500
1986.333333	-0.130750
1986.416667	-0.213500
1986.500000	-0.338250
1986.583333	-0.265500
1986.666667	-0.062250
1986.750000	0.016250
1986.833333	-0.084000
1986.916667	-0.136750
1987.000000	-0.029000
1987.083333	0.047000
1987.166667	-0.009250
1987.250000	0.010750
1987.333333	0.157500
1987.416667	0.248250
1987.500000	0.309500
1987.583333	0.404750
1987.666667	0.455000
1987.750000	0.349750
1987.833333	0.195000
1987.916667	0.233500
1988.000000	0.246250
1988.083333	0.015000
1988.166667	-0.137500
1988.250000	-0.188000
1988.333333	-0.269750
1988.416667	-0.200750
1988.500000	-0.110250
1988.583333	-0.173750
1988.666667	-0.279500
1988.750000	-0.269500
1988.833333	-0.065000
1988.916667	0.043750
1989.000000	-0.042500
1989.083333	-0.091000
1989.166667	-0.201750
1989.250000	-0.385250
1989.333333	-0.524500
1989.416667	-0.549250
1989.500000	-0.394250
1989.583333	-0.221750
1989.666667	-0.174500
1989.750000	-0.209750
1989.833333	-0.195250
1989.916667	-0.111000
1990.000000	-0.093000
1990.083333	-0.122750
1990.166667	-0.150500
1990.250000	-0.232750
1990.333333	-0.325750
1990.416667	-0.332250
1990.500000	-0.258750
1990.583333	-0.196750
1990.666667	-0.155000
1990.750000	-0.105000
1990.833333	-0.014000
1990.916667	0.076000
1991.000000	0.079250
1991.083333	0.040000
1991.166667	0.118250
1991.250000	0.312250
1991.333333	0.414000
1991.416667	0.394000
1991.500000	0.319500
1991.583333	0.227750
1991.666667	0.177250
1991.750000	0.156500
1991.833333	0.152000
1991.916667	0.053250
1992.000000	-0.167000
1992.083333	-0.361250
1992.166667	-0.482250
1992.250000	-0.499250
1992.333333	-0.541250
1992.416667	-0.586500
1992.500000	-0.541750
1992.583333	-0.605250
1992.666667	-0.644500
1992.750000	-0.484750
1992.833333	-0.317000
1992.916667	-0.225750
1993.000000	-0.098750
1993.083333	-0.024000
1993.166667	-0.095000
1993.250000	-0.088000
1993.333333	0.001750
1993.416667	0.002750
1993.500000	-0.073750
1993.583333	-0.126250
1993.666667	-0.079750
1993.750000	-0.020750
1993.833333	-0.046000
1993.916667	-0.052000
1994.000000	-0.005500
1994.083333	0.065000
1994.166667	0.241250
1994.250000	0.445000
1994.333333	0.555250
1994.416667	0.592500
1994.500000	0.694250
1994.583333	0.783750
1994.666667	0.765000
1994.750000	0.695000
1994.833333	0.505250
1994.916667	0.320000
1995.000000	0.246250
1995.083333	0.185250
1995.166667	0.049250
1995.250000	-0.103250
1995.333333	-0.113250
1995.416667	-0.043500
1995.500000	-0.035500
1995.583333	-0.052250
1995.666667	-0.096500
1995.750000	-0.164750
1995.833333	-0.097250
1995.916667	0.048250
1996.000000	0.073750
1996.083333	0.038500
1996.166667	-0.053500
1996.250000	-0.189250
1996.333333	-0.236750
1996.416667	-0.323500
1996.500000	-0.485500
1996.583333	-0.572250
1996.666667	-0.682250
1996.750000	-0.794500
1996.833333	-0.660250
1996.916667	-0.351750
1997.000000	-0.068750
1997.083333	0.104000
1997.166667	0.143500
1997.250000	0.126500
1997.333333	0.133500
1997.416667	0.259750
1997.500000	0.507250
1997.583333	0.728250
1997.666667	0.883250
1997.750000	1.086250
1997.833333	1.192250
1997.916667	0.964000
1998.000000	0.653500
1998.083333	0.409750
1998.166667	0.178500
1998.250000	0.127000
1998.333333	0.205250
1998.416667	0.113250
1998.500000	-0.195500
1998.583333	-0.403000
1998.666667	-0.457750
1998.750000	-0.522000
1998.833333	-0.477500
1998.916667	-0.281750
1999.000000	-0.088500
1999.083333	0.055250
1999.166667	0.129750
1999.250000	0.060500
1999.333333	-0.042750
1999.416667	0.009750
1999.500000	0.130250
1999.583333	0.133750
1999.666667	0.054000
1999.750000	0.000250
1999.833333	-0.024000
1999.916667	-0.052750
2000.000000	-0.032000
2000.083333	0.080500
2000.166667	0.192000
2000.250000	0.216500
2000.333333	0.173250
2000.416667	0.137500
2000.500000	0.170750
2000.583333	0.167500
2000.666667	0.070250
2000.750000	-0.034250
2000.833333	-0.131500
2000.916667	-0.226250
2001.000000	-0.211750
2001.083333	-0.037250
2001.166667	0.114250
2001.250000	0.183000
2001.333333	0.221750
2001.416667	0.164000
2001.500000	-0.008500
2001.583333	-0.134750
2001.666667	-0.179000
2001.750000	-0.205750
2001.833333	-0.129500
2001.916667	-0.040500
2002.000000	-0.038250
2002.083333	-0.001250
2002.166667	-0.019750
2002.250000	-0.174000
2002.333333	-0.213250
2002.416667	-0.141500
2002.500000	-0.125000
2002.583333	0.009000
2002.666667	0.313000
2002.750000	0.434750
2002.833333	0.228500
2002.916667	-0.032750
2003.000000	-0.084750
2003.083333	0.020250
2003.166667	0.048750
2003.250000	-0.017750
2003.333333	0.015000
2003.416667	0.162000
2003.500000	0.232000
2003.583333	0.178250
2003.666667	0.056750
2003.750000	-0.039250
2003.833333	0.026000
2003.916667	0.147750
2004.000000	0.167750
2004.083333	0.168500
2004.166667	0.135750
2004.250000	-0.079250
2004.333333	-0.311000
2004.416667	-0.307750
2004.500000	-0.175250
2004.583333	-0.061250
2004.666667	0.034000
2004.750000	0.070500
2004.833333	0.008500
2004.916667	-0.053250
2005.000000	-0.165000
2005.083333	-0.337750
2005.166667	-0.246000
2005.250000	0.008500
2005.333333	0.047500
2005.416667	-0.091000
2005.500000	-0.216750
2005.583333	-0.295000
2005.666667	-0.341250
2005.750000	-0.282250
2005.833333	-0.201250
2005.916667	-0.170250
2006.000000	-0.149250
2006.083333	-0.162250
2006.166667	-0.104750
2006.250000	-0.033250
2006.333333	-0.035000
2006.416667	0.029750
2006.500000	0.167500
2006.583333	0.338250
2006.666667	0.536250
2006.750000	0.657500
2006.833333	0.556250
2006.916667	0.348750
2007.000000	0.262250
2007.083333	0.241250
2007.166667	0.209250
2007.250000	0.228750
2007.333333	0.254250
2007.416667	0.194500
2007.500000	0.193750
2007.583333	0.294750
2007.666667	0.314000
2007.750000	0.223500
2007.833333	0.067500
2007.916667	-0.008500
2008.000000	0.052750
2008.083333	0.098250
2008.166667	0.081000
2008.250000	0.074750
2008.333333	0.191500
2008.416667	0.314250
2008.500000	0.312500
2008.583333	0.251500
2008.666667	0.201500
2008.750000	0.140500
2008.833333	0.048500
2008.916667	0.031000
2009.000000	0.113500
2009.083333	0.196500
2009.166667	0.211750
2009.250000	0.234750
2009.333333	0.271750
2009.416667	0.167500
2009.500000	0.008500
2009.583333	-0.018750
2009.666667	0.040250
2009.750000	0.088250
2009.833333	0.122250
2009.916667	0.218750
2010.000000	0.262750
2010.083333	0.280750
2010.166667	0.416000
2010.250000	0.374500
2010.333333	0.129750
2010.416667	0.023500
2010.500000	0.054000
2010.583333	0.008500
2010.666667	-0.138000
2010.750000	-0.272250
2010.833333	-0.290500
2010.916667	-0.099500
2011.000000	0.173250
2011.083333	0.341500
2011.166667	0.371000
2011.250000	0.229000
2011.333333	0.095000
2011.416667	0.162000
2011.500000	0.316000
2011.583333	0.385000
2011.666667	0.396750
2011.750000	0.449750
2011.833333	0.344250
2011.916667	0.113250
2012.000000	0.041250
2012.083333	0.060250
2012.166667	0.014500
2012.250000	-0.139000
2012.333333	-0.165250
2012.416667	0.145750
2012.500000	0.541250
2012.583333	0.682500
2012.666667	0.538000
2012.750000	0.280750
2012.833333	0.163750
2012.916667	0.174500
2013.000000	0.151500
2013.083333	0.180250
2013.166667	0.103500
2013.250000	-0.171250
2013.333333	-0.364000
2013.416667	-0.318750
2013.500000	-0.157750
2013.583333	-0.112750
2013.666667	-0.124750
2013.750000	0.025250
2013.833333	0.211750
2013.916667	0.177000
2014.000000	0.032750
2014.083333	-0.026000
2014.166667	-0.023500
2014.250000	-0.007250
2014.333333	0.019750
2014.416667	-0.026500
2014.500000	-0.176500
2014.583333	-0.206250
2014.666667	-0.009250
2014.750000	0.174000
2014.833333	0.170750
2014.916667	0.082750
2015.000000	-0.054250
2015.083333	-0.176250
2015.166667	-0.120000
2015.250000	0.078000
2015.333333	0.278500
2015.416667	0.364500
2015.500000	0.432750
2015.583333	0.520500
2015.666667	0.531000
2015.750000	0.538750
2015.833333	0.481000
2015.916667	0.371000
2016.000000	0.243000
2016.083333	0.090500
2016.166667	0.094000
2016.250000	0.125750
2016.333333	-0.043250
2016.416667	-0.337750
2016.500000	-0.495000
2016.583333	-0.413250
2016.666667	-0.301250
2016.750000	-0.253250
2016.833333	-0.242250
2016.916667	-0.190250
2017.000000	-0.025500
2017.083333	0.199500
2017.166667	0.417250
2017.250000	0.555250
2017.333333	0.586000
2017.416667	0.577250
2017.500000	0.558500
2017.583333	0.420250
2017.666667	0.229250
2017.750000	0.225500
2017.833333	0.294500
2017.916667	0.159000
2018.000000	0.051500
2018.083333	0.109000
2018.166667	0.061750
2018.250000	0.041250
2018.333333	0.165750
2018.416667	0.222250
2018.500000	0.200500
2018.583333	0.331500
2018.666667	0.624250
2018.750000	0.755000
2018.833333	0.616750
2018.916667	0.458000
2019.000000	0.444750
2019.083333	0.442250
2019.166667	0.369750
2019.250000	0.402500
2019.333333	0.572250
2019.416667	0.687000
2019.500000	0.663000
2019.583333	0.696750
2019.666667	0.917000
2019.750000	1.051000
2019.833333	0.838000
2019.916667	0.455250
2020.000000	0.231000
2020.083333	0.156500
2020.166667	0.109000
2020.250000	0.156000
2020.333333	0.346500
2020.416667	0.482250
2020.500000	0.332500
2020.583333	0.048250
2020.666667	-0.000750
2020.750000	0.131500
2020.833333	0.154750
2020.916667	0.114750
2021.000000	0.163750
2021.083333	0.282000
2021.166667	0.345000
2021.250000	0.276250
2021.333333	0.153750
2021.416667	0.045250
2021.500000	-0.034750
2021.583333	-0.014500
2021.666667	0.044250
2021.750000	0.094000
2021.833333	0.100250
2021.916667	0.024750
2022.000000	0.009000
