1880.000000	0.561080
1880.083333	0.395658
1880.166667	0.437089
1880.250000	0.195121
1880.333333	-0.020223
1880.416667	0.154068
1880.500000	0.292460
1880.583333	-0.014461
1880.666667	-0.484525
1880.750000	-0.381122
1880.833333	0.120260
1880.916667	0.564960
1881.000000	0.725936
1881.083333	0.805024
1881.166667	1.640004
1881.250000	2.899940
1881.333333	3.271236
1881.416667	3.259293
1881.500000	3.540387
1881.583333	3.319184
1881.666667	2.555877
1881.750000	2.189126
1881.833333	2.029838
1881.916667	2.109782
1882.000000	2.062344
1882.083333	1.904848
1882.166667	1.956741
1882.250000	1.671191
1882.333333	1.024975
1882.416667	0.100607
1882.500000	-0.615445
1882.583333	-0.738856
1882.666667	-0.794373
1882.750000	-1.007331
1882.833333	-1.227471
1882.916667	-1.042662
1883.000000	-0.193007
1883.083333	0.581048
1883.166667	0.833117
1883.250000	0.911341
1883.333333	0.970823
1883.416667	0.983141
1883.500000	0.757023
1883.583333	0.352963
1883.666667	-0.163788
1883.750000	-0.612941
1883.833333	-0.845795
1883.916667	-1.027209
1884.000000	-1.164636
1884.083333	-1.002964
1884.166667	-0.658911
1884.250000	-0.587920
1884.333333	-1.094279
1884.416667	-1.760272
1884.500000	-1.917752
1884.583333	-1.648553
1884.666667	-1.237565
1884.750000	-1.148386
1884.833333	-1.425623
1884.916667	-1.417722
1885.000000	-0.982111
1885.083333	-0.734171
1885.166667	-0.903983
1885.250000	-1.005915
1885.333333	-0.658563
1885.416667	-0.085812
1885.500000	0.207186
1885.583333	0.298625
1885.666667	0.480904
1885.750000	0.696472
1885.833333	1.039744
1885.916667	0.924734
1886.000000	0.580972
1886.083333	0.532327
1886.166667	0.870484
1886.250000	1.510538
1886.333333	1.547381
1886.416667	1.288305
1886.500000	1.474664
1886.583333	1.780239
1886.666667	1.474441
1886.750000	0.818997
1886.833333	0.375358
1886.916667	0.415675
1887.000000	0.732042
1887.083333	0.568499
1887.166667	0.278028
1887.250000	0.304594
1887.333333	0.178824
1887.416667	0.046705
1887.500000	0.007195
1887.583333	-0.127073
1887.666667	-0.199918
1887.750000	-0.127741
1887.833333	-0.019404
1887.916667	-0.030360
1888.000000	-0.423382
1888.083333	-0.998735
1888.166667	-1.020713
1888.250000	-0.306309
1888.333333	0.432411
1888.416667	0.812694
1888.500000	0.791476
1888.583333	0.452531
1888.666667	0.168797
1888.750000	0.208691
1888.833333	0.000000
1888.916667	-0.646775
1889.000000	-0.823232
1889.083333	-0.601713
1889.166667	-0.230738
1889.250000	0.178308
1889.333333	0.555733
1889.416667	0.961374
1889.500000	1.376093
1889.583333	1.552609
1889.666667	1.336936
1889.750000	1.200637
1889.833333	1.301972
1889.916667	1.241304
1890.000000	1.122876
1890.083333	1.128453
1890.166667	0.972690
1890.250000	0.743252
1890.333333	0.846640
1890.416667	1.196384
1890.500000	1.664175
1890.583333	2.357591
1890.666667	2.781465
1890.750000	2.774565
1890.833333	2.518033
1890.916667	2.350812
1891.000000	1.634720
1891.083333	0.742282
1891.166667	0.555358
1891.250000	0.331256
1891.333333	-0.129354
1891.416667	-0.067340
1891.500000	0.451243
1891.583333	0.714090
1891.666667	0.798428
1891.750000	1.226382
1891.833333	1.688650
1891.916667	1.924100
1892.000000	2.169961
1892.083333	2.141108
1892.166667	1.898961
1892.250000	1.790488
1892.333333	1.815936
1892.416667	1.401692
1892.500000	0.661117
1892.583333	0.388169
1892.666667	0.604463
1892.750000	1.144113
1892.833333	1.716124
1892.916667	2.283204
1893.000000	2.968963
1893.083333	3.142333
1893.166667	2.195736
1893.250000	1.416160
1893.333333	1.326208
1893.416667	1.139033
1893.500000	0.894067
1893.583333	0.837169
1893.666667	0.194810
1893.750000	-0.736013
1893.833333	-1.083590
1893.916667	-1.283191
1894.000000	-1.383594
1894.083333	-1.211139
1894.166667	-1.148882
1894.250000	-1.190098
1894.333333	-0.763463
1894.416667	-0.201171
1894.500000	-0.093900
1894.583333	-0.107029
1894.666667	0.174488
1894.750000	0.524833
1894.833333	0.493396
1894.916667	0.190490
1895.000000	0.277691
1895.083333	0.713255
1895.166667	0.668372
1895.250000	0.727691
1895.333333	0.818828
1895.416667	0.330845
1895.500000	-0.107944
1895.583333	-0.198079
1895.666667	-0.168474
1895.750000	0.024107
1895.833333	0.588370
1895.916667	1.442356
1896.000000	1.838077
1896.083333	1.790641
1896.166667	1.872863
1896.250000	1.848552
1896.333333	1.739889
1896.416667	1.332794
1896.500000	0.589845
1896.583333	0.404919
1896.666667	0.734679
1896.750000	0.997316
1896.833333	0.959969
1896.916667	0.675043
1897.000000	0.428542
1897.083333	-0.049386
1897.166667	-0.502050
1897.250000	-0.192559
1897.333333	0.444550
1897.416667	0.890840
1897.500000	0.991763
1897.583333	0.639190
1897.666667	0.244391
1897.750000	-0.229385
1897.833333	-0.742611
1897.916667	-0.876207
1898.000000	-0.463393
1898.083333	-0.420395
1898.166667	-0.819441
1898.250000	-0.790771
1898.333333	-0.589615
1898.416667	-0.232952
1898.500000	-0.091283
1898.583333	-0.801507
1898.666667	-1.440333
1898.750000	-1.348837
1898.833333	-0.965756
1898.916667	-0.688610
1899.000000	-0.453854
1899.083333	-0.423103
1899.166667	-0.342900
1899.250000	-0.059163
1899.333333	0.045062
1899.416667	0.167808
1899.500000	0.354834
1899.583333	0.446888
1899.666667	0.180626
1899.750000	-0.333751
1899.833333	-0.714447
1899.916667	-0.812305
1900.000000	-0.716565
1900.083333	-0.401241
1900.166667	-0.142368
1900.250000	0.131891
1900.333333	0.607055
1900.416667	1.217572
1900.500000	1.376845
1900.583333	1.228971
1900.666667	1.205260
1900.750000	1.415734
1900.833333	1.500846
1900.916667	1.235379
1901.000000	0.893823
1901.083333	0.444425
1901.166667	0.154162
1901.250000	0.576608
1901.333333	1.108245
1901.416667	0.978036
1901.500000	0.549960
1901.583333	0.344511
1901.666667	0.177128
1901.750000	-0.298571
1901.833333	-0.875443
1901.916667	-1.111740
1902.000000	-1.074387
1902.083333	-1.006572
1902.166667	-0.946256
1902.250000	-1.338975
1902.333333	-1.907455
1902.416667	-1.905023
1902.500000	-1.863848
1902.583333	-1.822252
1902.666667	-1.367308
1902.750000	-0.764455
1902.833333	-0.073925
1902.916667	0.362907
1903.000000	0.414227
1903.083333	0.610376
1903.166667	0.682492
1903.250000	0.429763
1903.333333	0.226833
1903.416667	-0.288805
1903.500000	-0.916690
1903.583333	-0.954131
1903.666667	-0.930882
1903.750000	-0.892821
1903.833333	-0.778617
1903.916667	-0.686415
1904.000000	-0.460558
1904.083333	-0.030708
1904.166667	0.433153
1904.250000	0.522989
1904.333333	0.119953
1904.416667	-0.314768
1904.500000	-0.592729
1904.583333	-0.941880
1904.666667	-1.047443
1904.750000	-0.755831
1904.833333	-0.639103
1904.916667	-0.738249
1905.000000	-0.574919
1905.083333	-0.479475
1905.166667	-0.628692
1905.250000	-0.651275
1905.333333	-0.679975
1905.416667	-0.499801
1905.500000	-0.022634
1905.583333	0.252626
1905.666667	0.210368
1905.750000	-0.017096
1905.833333	-0.140816
1905.916667	-0.220478
1906.000000	-0.234058
1906.083333	-0.149612
1906.166667	0.002698
1906.250000	0.092895
1906.333333	-0.113355
1906.416667	-0.146532
1906.500000	0.327595
1906.583333	0.804496
1906.666667	1.049874
1906.750000	1.213419
1906.833333	1.633749
1906.916667	2.004680
1907.000000	1.851781
1907.083333	1.432544
1907.166667	1.256985
1907.250000	1.221720
1907.333333	1.099637
1907.416667	1.231081
1907.500000	1.548349
1907.583333	1.488781
1907.666667	1.351459
1907.750000	1.645378
1907.833333	1.743117
1907.916667	1.276619
1908.000000	0.978336
1908.083333	0.766272
1908.166667	0.404252
1908.250000	0.165943
1908.333333	-0.043263
1908.416667	-0.494627
1908.500000	-0.857309
1908.583333	-1.078906
1908.666667	-1.805966
1908.750000	-2.131530
1908.833333	-1.521143
1908.916667	-1.176470
1909.000000	-1.248180
1909.083333	-1.377010
1909.166667	-1.365715
1909.250000	-1.409916
1909.333333	-1.480041
1909.416667	-1.361794
1909.500000	-1.304534
1909.583333	-1.139279
1909.666667	-0.922981
1909.750000	-0.960838
1909.833333	-1.041676
1909.916667	-0.986206
1910.000000	-0.922953
1910.083333	-0.849130
1910.166667	-0.851579
1910.250000	-0.845746
1910.333333	-0.500842
1910.416667	-0.109570
1910.500000	-0.113616
1910.583333	-0.235598
1910.666667	-0.135672
1910.750000	0.222703
1910.833333	0.265497
1910.916667	-0.342413
1911.000000	-1.002139
1911.083333	-1.263746
1911.166667	-1.202708
1911.250000	-1.103160
1911.333333	-1.161565
1911.416667	-1.445063
1911.500000	-1.834903
1911.583333	-1.866693
1911.666667	-1.659764
1911.750000	-1.864906
1911.833333	-1.853434
1911.916667	-1.353477
1912.000000	-0.966022
1912.083333	-0.863512
1912.166667	-1.233106
1912.250000	-1.744309
1912.333333	-1.681499
1912.416667	-1.651137
1912.500000	-1.676421
1912.583333	-1.441900
1912.666667	-1.303988
1912.750000	-1.600338
1912.833333	-2.092894
1912.916667	-1.905881
1913.000000	-1.580426
1913.083333	-1.414593
1913.166667	-0.761507
1913.250000	-0.228957
1913.333333	-0.387142
1913.416667	-0.843936
1913.500000	-1.256091
1913.583333	-1.641849
1913.666667	-1.871778
1913.750000	-1.952072
1913.833333	-1.883367
1913.916667	-1.583510
1914.000000	-1.260710
1914.083333	-1.202155
1914.166667	-1.348144
1914.250000	-1.780115
1914.333333	-2.167107
1914.416667	-2.191757
1914.500000	-2.086377
1914.583333	-1.733676
1914.666667	-1.698355
1914.750000	-2.476458
1914.833333	-3.380701
1914.916667	-3.403397
1915.000000	-2.904829
1915.083333	-2.657724
1915.166667	-2.626312
1915.250000	-2.230451
1915.333333	-1.806772
1915.416667	-1.767504
1915.500000	-2.068188
1915.583333	-2.464561
1915.666667	-2.926411
1915.750000	-3.239523
1915.833333	-2.839362
1915.916667	-2.511363
1916.000000	-2.141460
1916.083333	-1.761717
1916.166667	-1.769264
1916.250000	-1.782501
1916.333333	-1.468673
1916.416667	-1.102156
1916.500000	-0.878579
1916.583333	-1.050117
1916.666667	-1.172089
1916.750000	-1.124299
1916.833333	-1.191429
1916.916667	-1.250736
1917.000000	-1.170131
1917.083333	-1.335256
1917.166667	-1.898209
1917.250000	-2.363456
1917.333333	-2.554375
1917.416667	-2.469021
1917.500000	-2.010214
1917.583333	-1.589939
1917.666667	-1.618625
1917.750000	-2.182655
1917.833333	-2.748349
1917.916667	-2.773964
1918.000000	-2.179183
1918.083333	-1.374747
1918.166667	-1.056680
1918.250000	-1.099828
1918.333333	-0.983939
1918.416667	-0.399809
1918.500000	-0.051427
1918.583333	-0.524503
1918.666667	-1.386266
1918.750000	-1.982680
1918.833333	-1.816977
1918.916667	-1.428597
1919.000000	-1.364012
1919.083333	-1.097905
1919.166667	-0.492257
1919.250000	-0.293052
1919.333333	-0.445242
1919.416667	-0.072730
1919.500000	0.526954
1919.583333	0.242833
1919.666667	-0.465842
1919.750000	-0.424668
1919.833333	-0.186794
1919.916667	-0.152987
1920.000000	-0.318145
1920.083333	-0.924357
1920.166667	-1.567483
1920.250000	-1.958882
1920.333333	-2.203187
1920.416667	-2.682025
1920.500000	-3.057542
1920.583333	-2.727106
1920.666667	-1.535018
1920.750000	-0.714155
1920.833333	-0.454531
1920.916667	-0.288512
1921.000000	-0.135449
1921.083333	-0.170003
1921.166667	-0.291034
1921.250000	-0.069509
1921.333333	0.057702
1921.416667	-0.397854
1921.500000	-0.858763
1921.583333	-0.902402
1921.666667	-0.829433
1921.750000	-0.735617
1921.833333	-0.738356
1921.916667	-0.814083
1922.000000	-0.898024
1922.083333	-0.951725
1922.166667	-0.991638
1922.250000	-1.315124
1922.333333	-1.624053
1922.416667	-1.449954
1922.500000	-1.026252
1922.583333	-0.455914
1922.666667	0.174977
1922.750000	0.647638
1922.833333	0.659874
1922.916667	0.040917
1923.000000	-0.522870
1923.083333	-0.253671
1923.166667	0.319386
1923.250000	0.757318
1923.333333	1.232262
1923.416667	1.252942
1923.500000	0.837118
1923.583333	0.614796
1923.666667	0.524124
1923.750000	0.380246
1923.833333	0.606704
1923.916667	0.956430
1924.000000	0.891943
1924.083333	1.266218
1924.166667	2.020344
1924.250000	2.210714
1924.333333	1.921298
1924.416667	1.878204
1924.500000	1.915069
1924.583333	1.713557
1924.666667	1.599055
1924.750000	2.089448
1924.833333	2.575919
1924.916667	2.792895
1925.000000	2.320005
1925.083333	1.335625
1925.166667	0.580043
1925.250000	0.343365
1925.333333	0.220374
1925.416667	0.249906
1925.500000	0.347315
1925.583333	0.185597
1925.666667	0.123388
1925.750000	0.028189
1925.833333	-0.599797
1925.916667	-0.941778
1926.000000	-0.467019
1926.083333	-0.161514
1926.166667	-0.221468
1926.250000	0.064003
1926.333333	0.088559
1926.416667	-0.278401
1926.500000	-0.178564
1926.583333	0.361817
1926.666667	0.790607
1926.750000	0.587726
1926.833333	0.189514
1926.916667	-0.049323
1927.000000	-0.206462
1927.083333	-0.210038
1927.166667	0.085907
1927.250000	0.666407
1927.333333	0.836201
1927.416667	0.489231
1927.500000	0.105898
1927.583333	-0.271505
1927.666667	-0.527168
1927.750000	-0.253000
1927.833333	-0.121893
1927.916667	-0.725000
1928.000000	-1.091100
1928.083333	-0.582596
1928.166667	0.241173
1928.250000	0.599554
1928.333333	0.526790
1928.416667	0.286059
1928.500000	0.083678
1928.583333	-0.124675
1928.666667	0.257418
1928.750000	0.772780
1928.833333	0.208557
1928.916667	-1.019189
1929.000000	-1.643116
1929.083333	-1.617975
1929.166667	-1.297768
1929.250000	-1.028708
1929.333333	-0.698880
1929.416667	-0.312275
1929.500000	-0.284218
1929.583333	-0.434493
1929.666667	-0.212544
1929.750000	0.773923
1929.833333	2.156410
1929.916667	2.366296
1930.000000	1.798483
1930.083333	1.689784
1930.166667	2.096158
1930.250000	2.499261
1930.333333	2.481256
1930.416667	2.128891
1930.500000	1.963412
1930.583333	2.076380
1930.666667	1.987491
1930.750000	1.682282
1930.833333	1.271521
1930.916667	0.481851
1931.000000	-0.342153
1931.083333	-0.396188
1931.166667	0.196198
1931.250000	0.675209
1931.333333	0.457274
1931.416667	-0.006387
1931.500000	0.105689
1931.583333	0.181368
1931.666667	-0.055916
1931.750000	-0.129081
1931.833333	0.042940
1931.916667	0.406602
1932.000000	0.721595
1932.083333	0.755271
1932.166667	0.441277
1932.250000	-0.145528
1932.333333	-0.528984
1932.416667	-0.809584
1932.500000	-1.223540
1932.583333	-1.177208
1932.666667	-0.534019
1932.750000	-0.169693
1932.833333	-0.430126
1932.916667	-0.306387
1933.000000	0.170211
1933.083333	0.343974
1933.166667	0.371491
1933.250000	0.298223
1933.333333	0.190815
1933.416667	0.211428
1933.500000	0.026062
1933.583333	-0.079863
1933.666667	0.730364
1933.750000	1.751573
1933.833333	1.495632
1933.916667	0.720566
1934.000000	0.298264
1934.083333	-0.263527
1934.166667	-0.760000
1934.250000	-0.776053
1934.333333	-0.498674
1934.416667	-0.046057
1934.500000	0.441506
1934.583333	1.095972
1934.666667	1.862051
1934.750000	2.050651
1934.833333	1.442068
1934.916667	0.982028
1935.000000	1.322074
1935.083333	2.231669
1935.166667	2.443538
1935.250000	1.838416
1935.333333	1.140415
1935.416667	0.824382
1935.500000	1.070311
1935.583333	1.657494
1935.666667	1.836302
1935.750000	1.219424
1935.833333	0.739154
1935.916667	1.120200
1936.000000	1.709116
1936.083333	1.856862
1936.166667	1.563835
1936.250000	1.114785
1936.333333	0.433428
1936.416667	-0.333292
1936.500000	-0.496813
1936.583333	-0.019869
1936.666667	0.384237
1936.750000	0.735393
1936.833333	1.079961
1936.916667	0.959417
1937.000000	0.678174
1937.083333	0.388673
1937.166667	-0.440000
1937.250000	-1.302682
1937.333333	-1.700019
1937.416667	-2.080555
1937.500000	-2.335448
1937.583333	-1.973109
1937.666667	-1.700513
1937.750000	-1.642561
1937.833333	-1.678967
1937.916667	-1.962123
1938.000000	-2.279240
1938.083333	-2.388999
1938.166667	-2.136532
1938.250000	-1.684978
1938.333333	-1.008243
1938.416667	-0.373387
1938.500000	-0.434683
1938.583333	-0.891397
1938.666667	-0.927182
1938.750000	-0.692990
1938.833333	-0.644441
1938.916667	-0.775092
1939.000000	-0.968634
1939.083333	-1.032647
1939.166667	-0.966688
1939.250000	-0.971004
1939.333333	-1.063466
1939.416667	-1.245249
1939.500000	-1.445398
1939.583333	-1.347708
1939.666667	-0.980748
1939.750000	-0.530815
1939.833333	-0.100199
1939.916667	0.089708
1940.000000	0.018082
1940.083333	-0.007999
1940.166667	-0.085490
1940.250000	-0.428898
1940.333333	-0.867274
1940.416667	-0.697667
1940.500000	0.087144
1940.583333	0.363551
1940.666667	0.185570
1940.750000	0.076750
1940.833333	0.103944
1940.916667	0.053605
1941.000000	-0.478132
1941.083333	-1.116312
1941.166667	-1.464641
1941.250000	-1.575887
1941.333333	-1.426081
1941.416667	-1.104579
1941.500000	-0.664865
1941.583333	-0.231747
1941.666667	-0.177727
1941.750000	-0.314719
1941.833333	-0.167569
1941.916667	0.206399
1942.000000	0.098820
1942.083333	-0.477899
1942.166667	-0.604579
1942.250000	0.125179
1942.333333	1.049284
1942.416667	1.332853
1942.500000	0.908488
1942.583333	0.726097
1942.666667	0.791368
1942.750000	0.481828
1942.833333	0.480260
1942.916667	1.188761
1943.000000	1.445084
1943.083333	0.631638
1943.166667	-0.106218
1943.250000	-0.137466
1943.333333	0.036248
1943.416667	0.144372
1943.500000	0.340043
1943.583333	0.760583
1943.666667	1.135697
1943.750000	0.773218
1943.833333	0.160855
1943.916667	-0.484658
1944.000000	-0.918310
1944.083333	-0.805019
1944.166667	-0.541967
1944.250000	-0.536289
1944.333333	-0.448648
1944.416667	-0.390984
1944.500000	-0.420569
1944.583333	-0.728895
1944.666667	-1.213739
1944.750000	-1.308770
1944.833333	-1.188039
1944.916667	-1.190804
1945.000000	-1.311524
1945.083333	-1.518680
1945.166667	-1.671371
1945.250000	-1.647739
1945.333333	-1.343312
1945.416667	-0.935870
1945.500000	-0.510751
1945.583333	-0.168080
1945.666667	0.000000
1945.750000	-0.030492
1945.833333	-0.242821
1945.916667	-0.154866
1946.000000	0.086542
1946.083333	0.061129
1946.166667	0.217281
1946.250000	0.565833
1946.333333	0.581471
1946.416667	0.628457
1946.500000	1.035496
1946.583333	1.245189
1946.666667	1.034809
1946.750000	0.652315
1946.833333	0.575112
1946.916667	0.690334
1947.000000	1.037117
1947.083333	0.907685
1947.166667	0.411690
1947.250000	0.554963
1947.333333	1.023950
1947.416667	1.070776
1947.500000	0.912793
1947.583333	0.792014
1947.666667	0.844746
1947.750000	1.210985
1947.833333	1.142539
1947.916667	0.563686
1948.000000	0.323173
1948.083333	0.394605
1948.166667	0.160925
1948.250000	-0.567610
1948.333333	-1.236364
1948.416667	-1.312678
1948.500000	-0.987161
1948.583333	-0.266637
1948.666667	0.436496
1948.750000	0.515685
1948.833333	0.225089
1948.916667	0.000000
1949.000000	-0.187647
1949.083333	-0.292558
1949.166667	-0.432929
1949.250000	-0.483103
1949.333333	-0.062019
1949.416667	0.341451
1949.500000	0.277977
1949.583333	0.022153
1949.666667	0.165147
1949.750000	0.693337
1949.833333	0.664672
1949.916667	-0.114802
1950.000000	-0.631422
1950.083333	-0.864269
1950.166667	-1.190202
1950.250000	-1.460535
1950.333333	-1.336727
1950.416667	-0.552537
1950.500000	0.138166
1950.583333	0.325991
1950.666667	0.597698
1950.750000	0.867939
1950.833333	1.142513
1950.916667	1.376733
1951.000000	1.305780
1951.083333	1.265678
1951.166667	1.139990
1951.250000	0.690165
1951.333333	0.393541
1951.416667	0.341523
1951.500000	0.308608
1951.583333	0.314547
1951.666667	0.532516
1951.750000	0.479960
1951.833333	-0.066521
1951.916667	-0.539309
1952.000000	-0.680397
1952.083333	-0.622862
1952.166667	-0.361065
1952.250000	0.014955
1952.333333	0.098403
1952.416667	0.042327
1952.500000	0.149909
1952.583333	0.344505
1952.666667	0.300441
1952.750000	-0.207568
1952.833333	-0.659692
1952.916667	-0.668651
1953.000000	-0.754523
1953.083333	-1.056340
1953.166667	-0.934497
1953.250000	-0.231158
1953.333333	0.311958
1953.416667	0.312065
1953.500000	0.053831
1953.583333	-0.020220
1953.666667	0.217116
1953.750000	0.648657
1953.833333	0.727688
1953.916667	0.431294
1954.000000	0.220997
1954.083333	-0.060892
1954.166667	-0.704812
1954.250000	-1.389646
1954.333333	-1.684470
1954.416667	-1.685970
1954.500000	-2.106995
1954.583333	-2.524414
1954.666667	-2.672227
1954.750000	-2.783052
1954.833333	-2.742767
1954.916667	-2.415026
1955.000000	-2.039466
1955.083333	-1.798786
1955.166667	-1.878129
1955.250000	-2.048916
1955.333333	-1.708113
1955.416667	-1.035002
1955.500000	-0.411147
1955.583333	0.035894
1955.666667	0.460778
1955.750000	0.346942
1955.833333	-0.614145
1955.916667	-1.230438
1956.000000	-1.127231
1956.083333	-0.691895
1956.166667	-0.271783
1956.250000	-0.323878
1956.333333	-0.655080
1956.416667	-0.830788
1956.500000	-0.794760
1956.583333	-0.734586
1956.666667	-0.625149
1956.750000	-0.233360
1956.833333	0.352685
1956.916667	1.055936
1957.000000	1.185380
1957.083333	0.643600
1957.166667	0.441207
1957.250000	0.619217
1957.333333	0.852831
1957.416667	1.020431
1957.500000	1.054222
1957.583333	1.060529
1957.666667	0.749623
1957.750000	0.200703
1957.833333	-0.150540
1957.916667	0.117512
1958.000000	0.395948
1958.083333	0.206589
1958.166667	-0.004229
1958.250000	-0.118879
1958.333333	0.068720
1958.416667	0.494087
1958.500000	0.308724
1958.583333	0.118433
1958.666667	0.419927
1958.750000	0.993056
1958.833333	1.204287
1958.916667	0.825169
1959.000000	0.571613
1959.083333	0.404836
1959.166667	0.425728
1959.250000	0.618613
1959.333333	0.953680
1959.416667	1.154075
1959.500000	1.245048
1959.583333	1.543767
1959.666667	1.846834
1959.750000	1.742045
1959.833333	1.575698
1959.916667	1.884298
1960.000000	2.133289
1960.083333	1.840581
1960.166667	1.436818
1960.250000	1.141438
1960.333333	0.881928
1960.416667	1.125005
1960.500000	1.798095
1960.583333	2.356028
1960.666667	2.471966
1960.750000	1.939540
1960.833333	1.390612
1960.916667	1.413052
1961.000000	0.890020
1961.083333	-0.137327
1961.166667	-0.650416
1961.250000	-0.430541
1961.333333	0.136886
1961.416667	0.645700
1961.500000	0.813537
1961.583333	0.898636
1961.666667	1.324434
1961.750000	1.597438
1961.833333	1.448886
1961.916667	1.260839
1962.000000	1.335331
1962.083333	1.544383
1962.166667	1.590801
1962.250000	1.700035
1962.333333	2.047081
1962.416667	2.316477
1962.500000	2.479015
1962.583333	2.478208
1962.666667	2.176726
1962.750000	1.970836
1962.833333	2.067039
1962.916667	2.162293
1963.000000	2.116633
1963.083333	1.871981
1963.166667	1.555389
1963.250000	1.255267
1963.333333	0.735382
1963.416667	0.708893
1963.500000	0.896822
1963.583333	0.610988
1963.666667	0.315884
1963.750000	0.372594
1963.833333	0.414911
1963.916667	0.165664
1964.000000	0.028557
1964.083333	0.493765
1964.166667	1.321515
1964.250000	2.082673
1964.333333	2.316124
1964.416667	2.045311
1964.500000	1.301965
1964.583333	0.716872
1964.666667	0.743542
1964.750000	1.041454
1964.833333	1.123314
1964.916667	0.962246
1965.000000	1.006860
1965.083333	1.381133
1965.166667	1.577595
1965.250000	1.377320
1965.333333	1.070424
1965.416667	0.759334
1965.500000	0.729928
1965.583333	0.706928
1965.666667	0.758531
1965.750000	1.171810
1965.833333	1.125820
1965.916667	0.302687
1966.000000	0.018310
1966.083333	0.517573
1966.166667	0.763716
1966.250000	0.795961
1966.333333	1.214172
1966.416667	1.765076
1966.500000	1.880499
1966.583333	1.846343
1966.666667	1.873141
1966.750000	1.736708
1966.833333	1.451591
1966.916667	1.051864
1967.000000	0.092720
1967.083333	-0.806141
1967.166667	-0.982923
1967.250000	-0.835027
1967.333333	-0.757293
1967.416667	-0.846652
1967.500000	-1.102048
1967.583333	-1.291455
1967.666667	-1.152120
1967.750000	-0.805575
1967.833333	-0.464520
1967.916667	-0.043423
1968.000000	0.097519
1968.083333	-0.084082
1968.166667	-0.510369
1968.250000	-1.260135
1968.333333	-1.532467
1968.416667	-1.331929
1968.500000	-1.410599
1968.583333	-1.480029
1968.666667	-1.304168
1968.750000	-0.775071
1968.833333	-0.112236
1968.916667	-0.101031
1969.000000	-0.412802
1969.083333	-0.232305
1969.166667	0.199648
1969.250000	0.377850
1969.333333	0.270796
1969.416667	0.182010
1969.500000	0.464089
1969.583333	0.768985
1969.666667	0.804398
1969.750000	0.891379
1969.833333	1.151424
1969.916667	1.138563
1970.000000	0.765938
1970.083333	0.634207
1970.166667	0.553464
1970.250000	0.210330
1970.333333	-0.142036
1970.416667	-0.490488
1970.500000	-0.736599
1970.583333	-0.796223
1970.666667	-0.825815
1970.750000	-1.043375
1970.833333	-1.278433
1970.916667	-1.188584
1971.000000	-1.031114
1971.083333	-1.198799
1971.166667	-1.438126
1971.250000	-1.398583
1971.333333	-1.208129
1971.416667	-1.086955
1971.500000	-1.072174
1971.583333	-1.185047
1971.666667	-1.518891
1971.750000	-1.823929
1971.833333	-1.788485
1971.916667	-1.495526
1972.000000	-1.422496
1972.083333	-1.790465
1972.166667	-1.984628
1972.250000	-1.559967
1972.333333	-1.138948
1972.416667	-1.399082
1972.500000	-2.268802
1972.583333	-2.804839
1972.666667	-2.452898
1972.750000	-1.629096
1972.833333	-1.257000
1972.916667	-0.944276
1973.000000	-0.738861
1973.083333	-1.031162
1973.166667	-1.389118
1973.250000	-1.310279
1973.333333	-0.706754
1973.416667	-0.198380
1973.500000	-0.260112
1973.583333	-0.609592
1973.666667	-0.561334
1973.750000	0.181509
1973.833333	1.089297
1973.916667	1.402108
1974.000000	1.314698
1974.083333	0.650318
1974.166667	0.029451
1974.250000	0.029858
1974.333333	0.153134
1974.416667	0.088036
1974.500000	-0.029245
1974.583333	0.114717
1974.666667	0.429549
1974.750000	0.527149
1974.833333	0.497001
1974.916667	0.287839
1975.000000	-0.200000
1975.083333	-0.439629
1975.166667	-0.105537
1975.250000	0.263887
1975.333333	0.343449
1975.416667	0.270156
1975.500000	0.283804
1975.583333	0.570350
1975.666667	0.819407
1975.750000	1.009459
1975.833333	1.455938
1975.916667	1.757576
1976.000000	1.188652
1976.083333	0.297102
1976.166667	-0.306833
1976.250000	-0.593378
1976.333333	-0.679387
1976.416667	-0.958733
1976.500000	-1.208981
1976.583333	-1.281998
1976.666667	-1.443789
1976.750000	-1.462400
1976.833333	-1.419857
1976.916667	-1.360648
1977.000000	-1.097815
1977.083333	-0.955095
1977.166667	-1.060667
1977.250000	-1.071066
1977.333333	-0.889180
1977.416667	-0.342324
1977.500000	0.164734
1977.583333	0.207657
1977.666667	0.024197
1977.750000	-0.139473
1977.833333	-0.223511
1977.916667	-0.418762
1978.000000	-0.828130
1978.083333	-1.218975
1978.166667	-1.413671
1978.250000	-1.211451
1978.333333	-0.486217
1978.416667	0.153031
1978.500000	0.099644
1978.583333	-0.344655
1978.666667	-0.800695
1978.750000	-0.860814
1978.833333	-0.657300
1978.916667	-0.468667
1979.000000	-0.220859
1979.083333	-0.102810
1979.166667	-0.175135
1979.250000	-0.271648
1979.333333	-0.489481
1979.416667	-0.474447
1979.500000	-0.462661
1979.583333	-0.761728
1979.666667	-0.869531
1979.750000	-0.679166
1979.833333	-0.755545
1979.916667	-1.088652
1980.000000	-0.781903
1980.083333	0.116702
1980.166667	0.511210
1980.250000	0.435484
1980.333333	0.445651
1980.416667	0.544621
1980.500000	0.448503
1980.583333	0.356051
1980.666667	0.291296
1980.750000	-0.020078
1980.833333	-0.277401
1980.916667	-0.199637
1981.000000	-0.298425
1981.083333	-0.306908
1981.166667	0.185336
1981.250000	0.351925
1981.333333	0.211207
1981.416667	0.472747
1981.500000	0.643014
1981.583333	0.344331
1981.666667	-0.043868
1981.750000	-0.054489
1981.833333	0.250731
1981.916667	0.635681
1982.000000	1.138128
1982.083333	1.301705
1982.166667	0.841958
1982.250000	0.563085
1982.333333	0.914653
1982.416667	1.210850
1982.500000	0.942552
1982.583333	0.544092
1982.666667	0.244421
1982.750000	0.119919
1982.833333	0.239639
1982.916667	0.297204
1983.000000	0.064240
1983.083333	-0.188453
1983.166667	-0.082871
1983.250000	0.559240
1983.333333	0.885069
1983.416667	0.295843
1983.500000	-0.603902
1983.583333	-1.043940
1983.666667	-1.192739
1983.750000	-1.482776
1983.833333	-1.598608
1983.916667	-1.052816
1984.000000	-0.616517
1984.083333	-0.785467
1984.166667	-0.796516
1984.250000	-0.843648
1984.333333	-1.168249
1984.416667	-1.278087
1984.500000	-1.306271
1984.583333	-1.325332
1984.666667	-1.280749
1984.750000	-1.127289
1984.833333	-0.823942
1984.916667	-0.347642
1985.000000	-0.154570
1985.083333	-0.102956
1985.166667	0.267632
1985.250000	0.457359
1985.333333	0.320722
1985.416667	0.489653
1985.500000	1.093238
1985.583333	1.668293
1985.666667	1.762642
1985.750000	1.225330
1985.833333	0.859914
1985.916667	0.967583
1986.000000	1.416764
1986.083333	2.270642
1986.166667	2.418107
1986.250000	2.033960
1986.333333	1.349074
1986.416667	0.593643
1986.500000	0.030403
1986.583333	-0.146141
1986.666667	-0.221436
1986.750000	-0.190371
1986.833333	0.209536
1986.916667	0.767660
1987.000000	1.494295
1987.083333	2.092563
1987.166667	2.023288
1987.250000	1.744301
1987.333333	1.204065
1987.416667	0.481176
1987.500000	0.522103
1987.583333	1.319220
1987.666667	1.760060
1987.750000	1.152020
1987.833333	0.520212
1987.916667	0.642460
1988.000000	1.231438
1988.083333	1.774966
1988.166667	1.879388
1988.250000	1.880457
1988.333333	2.082545
1988.416667	1.863809
1988.500000	1.354510
1988.583333	0.901939
1988.666667	0.400126
1988.750000	-0.012375
1988.833333	-0.397128
1988.916667	-0.520330
1989.000000	-0.428436
1989.083333	-0.363737
1989.166667	-0.299710
1989.250000	-0.440023
1989.333333	-0.723098
1989.416667	-0.716629
1989.500000	-0.622143
1989.583333	-0.676325
1989.666667	-1.040913
1989.750000	-1.532748
1989.833333	-1.733090
1989.916667	-1.431610
1990.000000	-0.920000
1990.083333	-0.312743
1990.166667	0.494417
1990.250000	1.425866
1990.333333	1.464509
1990.416667	0.665957
1990.500000	0.013690
1990.583333	-0.297380
1990.666667	-0.075058
1990.750000	0.646383
1990.833333	1.535138
1990.916667	1.744192
1991.000000	1.280640
1991.083333	0.739999
1991.166667	0.397431
1991.250000	0.570061
1991.333333	1.109674
1991.416667	1.071189
1991.500000	0.717511
1991.583333	0.857314
1991.666667	1.192414
1991.750000	1.195976
1991.833333	0.822384
1991.916667	0.429308
1992.000000	0.060824
1992.083333	-0.406743
1992.166667	-0.251252
1992.250000	0.500138
1992.333333	0.569816
1992.416667	0.124361
1992.500000	-0.059972
1992.583333	0.028148
1992.666667	0.294107
1992.750000	0.524475
1992.833333	0.620078
1992.916667	0.630258
1993.000000	0.292866
1993.083333	-0.038114
1993.166667	-0.028399
1993.250000	0.178082
1993.333333	0.303723
1993.416667	0.013624
1993.500000	-0.389971
1993.583333	-0.370803
1993.666667	-0.301933
1993.750000	-0.539796
1993.833333	-0.881977
1993.916667	-0.850872
1994.000000	-0.638182
1994.083333	-0.687143
1994.166667	-0.634087
1994.250000	-0.768401
1994.333333	-1.536920
1994.416667	-2.502547
1994.500000	-2.822390
1994.583333	-2.620885
1994.666667	-1.833954
1994.750000	-1.229794
1994.833333	-1.209050
1994.916667	-1.304398
1995.000000	-1.238484
1995.083333	-0.841331
1995.166667	-0.386803
1995.250000	-0.365959
1995.333333	-0.311313
1995.416667	-0.009200
1995.500000	0.276583
1995.583333	0.372085
1995.666667	0.376283
1995.750000	0.289971
1995.833333	0.096778
1995.916667	-0.029859
1996.000000	-0.004545
1996.083333	0.401838
1996.166667	0.954446
1996.250000	1.018127
1996.333333	0.795337
1996.416667	0.794452
1996.500000	0.795576
1996.583333	0.274839
1996.666667	-0.248120
1996.750000	0.075812
1996.833333	0.466607
1996.916667	0.486696
1997.000000	0.336648
1997.083333	0.134658
1997.166667	-0.016863
1997.250000	0.140081
1997.333333	0.660383
1997.416667	1.053328
1997.500000	0.682864
1997.583333	0.025504
1997.666667	-0.385759
1997.750000	-0.173999
1997.833333	0.454841
1997.916667	1.151676
1998.000000	1.209051
1998.083333	0.669772
1998.166667	0.500249
1998.250000	1.071775
1998.333333	1.625938
1998.416667	1.324102
1998.500000	0.528551
1998.583333	-0.183579
1998.666667	-0.481909
1998.750000	-0.325472
1998.833333	-0.491056
1998.916667	-1.098722
1999.000000	-1.475983
1999.083333	-1.659006
1999.166667	-1.554065
1999.250000	-1.491501
1999.333333	-1.503254
1999.416667	-1.169159
1999.500000	-0.855046
1999.583333	-1.076122
1999.666667	-1.534543
1999.750000	-2.081115
1999.833333	-2.476908
1999.916667	-2.335884
2000.000000	-1.702132
2000.083333	-1.268486
2000.166667	-1.198418
2000.250000	-1.268443
2000.333333	-1.352023
2000.416667	-1.248305
2000.500000	-1.029380
2000.583333	-0.959865
2000.666667	-1.109854
2000.750000	-1.368768
2000.833333	-1.418141
2000.916667	-1.301798
2001.000000	-1.233076
2001.083333	-1.026262
2001.166667	-0.885361
2001.250000	-0.965292
2001.333333	-1.009949
2001.416667	-0.931124
2001.500000	-0.874076
2001.583333	-0.939483
2001.666667	-0.847838
2001.750000	-0.637684
2001.833333	-0.288644
2001.916667	0.038085
2002.000000	0.250912
2002.083333	0.579151
2002.166667	0.682729
2002.250000	0.551729
2002.333333	0.544395
2002.416667	0.576568
2002.500000	0.548628
2002.583333	0.618034
2002.666667	0.866799
2002.750000	1.070694
2002.833333	0.907824
2002.916667	0.509601
2003.000000	0.201954
2003.083333	0.246809
2003.166667	0.179983
2003.250000	-0.296672
2003.333333	-0.856416
2003.416667	-0.814345
2003.500000	-0.154020
2003.583333	0.453184
2003.666667	0.190548
2003.750000	-0.789111
2003.833333	-1.377612
2003.916667	-1.552486
2004.000000	-1.511668
2004.083333	-1.345601
2004.166667	-1.078871
2004.250000	-0.659328
2004.333333	-0.389377
2004.416667	-0.228430
2004.500000	0.121274
2004.583333	0.092242
2004.666667	-0.442337
2004.750000	-1.046910
2004.833333	-1.521651
2004.916667	-1.597761
2005.000000	-1.144255
2005.083333	-0.749604
2005.166667	-0.626209
2005.250000	-0.397731
2005.333333	-0.306456
2005.416667	-0.485569
2005.500000	-0.803279
2005.583333	-1.358491
2005.666667	-1.657270
2005.750000	-1.278813
2005.833333	-1.027398
2005.916667	-1.195864
2006.000000	-1.605038
2006.083333	-2.407320
2006.166667	-2.751912
2006.250000	-2.653262
2006.333333	-2.383270
2006.416667	-2.041527
2006.500000	-1.520445
2006.583333	-1.107763
2006.666667	-1.022364
2006.750000	-1.152874
2006.833333	-1.424345
2006.916667	-1.910996
2007.000000	-2.390862
2007.083333	-2.524353
2007.166667	-2.449652
2007.250000	-1.997867
2007.333333	-1.713195
2007.416667	-1.854232
2007.500000	-1.889634
2007.583333	-1.617412
2007.666667	-1.354389
2007.750000	-1.111163
2007.833333	-0.557390
2007.916667	-0.396696
2008.000000	-0.481278
2008.083333	-0.152739
2008.166667	-0.087872
2008.250000	-0.258434
2008.333333	-0.212145
2008.416667	-0.269938
2008.500000	-0.262793
2008.583333	0.216377
2008.666667	0.881872
2008.750000	1.542115
2008.833333	1.787182
2008.916667	1.427340
2009.000000	1.141995
2009.083333	1.297928
2009.166667	2.190315
2009.250000	3.110557
2009.333333	2.337954
2009.416667	0.951236
2009.500000	0.256752
2009.583333	0.459950
2009.666667	0.963680
2009.750000	1.237061
2009.833333	0.960155
2009.916667	0.304241
2010.000000	0.219228
2010.083333	0.486815
2010.166667	0.671414
2010.250000	0.920650
2010.333333	0.831614
2010.416667	0.695933
2010.500000	0.727904
2010.583333	0.826266
2010.666667	1.198140
2010.750000	1.731440
2010.833333	2.297022
2010.916667	2.211700
2011.000000	1.661803
2011.083333	1.777715
2011.166667	2.411870
2011.250000	2.731578
2011.333333	2.486074
2011.416667	2.410655
2011.500000	2.476977
2011.583333	2.577219
2011.666667	2.967963
2011.750000	3.171807
2011.833333	2.957907
2011.916667	2.564179
2012.000000	2.551574
2012.083333	2.538752
2012.166667	2.295781
2012.250000	1.626928
2012.333333	1.252553
2012.416667	1.142944
2012.500000	1.000469
2012.583333	1.094039
2012.666667	1.294259
2012.750000	1.492531
2012.833333	1.634703
2012.916667	1.186498
2013.000000	0.815156
2013.083333	0.857285
2013.166667	0.324192
2013.250000	-0.338164
2013.333333	-0.219559
2013.416667	-0.055977
2013.500000	-0.408815
2013.583333	-0.477232
2013.666667	-0.261800
2013.750000	-0.512244
2013.833333	-0.765045
2013.916667	-0.429834
2014.000000	-0.093921
2014.083333	-0.173618
2014.166667	-0.563797
2014.250000	-1.058939
2014.333333	-1.338987
2014.416667	-1.190561
2014.500000	-0.606509
2014.583333	-0.171476
2014.666667	-0.008186
2014.750000	0.225360
2014.833333	0.265600
2014.916667	-0.069309
2015.000000	-0.466496
2015.083333	-0.385346
2015.166667	0.089949
2015.250000	0.583433
2015.333333	1.170326
2015.416667	1.467179
2015.500000	1.208650
2015.583333	0.703497
2015.666667	0.433629
2015.750000	0.310674
2015.833333	0.282382
2015.916667	0.214310
2016.000000	0.098385
2016.083333	-0.089498
2016.166667	-0.036719
2016.250000	0.500920
2016.333333	0.829010
2016.416667	0.387853
2016.500000	-0.323335
2016.583333	-0.485434
2016.666667	-0.627055
2016.750000	-0.865470
2016.833333	-0.432232
2016.916667	0.108535
2017.000000	0.251758
2017.083333	0.177293
2017.166667	-0.473193
2017.250000	-1.465203
2017.333333	-1.966499
2017.416667	-1.640753
2017.500000	-1.115456
2017.583333	-0.975000
2017.666667	-0.945069
2017.750000	-0.672080
2017.833333	-0.295341
2017.916667	-0.303033
2018.000000	-0.775807
2018.083333	-1.171849
2018.166667	-1.245038
2018.250000	-1.075121
2018.333333	-1.029309
2018.416667	-1.171188
2018.500000	-0.655719
2018.583333	0.037096
2018.666667	-0.356302
2018.750000	-0.950851
2018.833333	-0.963395
2018.916667	-0.868131
2019.000000	-0.980836
2019.083333	-1.057027
2019.166667	-0.876597
2019.250000	-0.676203
2019.333333	-0.525544
2019.416667	-0.331542
2019.500000	0.199600
2019.583333	0.840954
2019.666667	0.921059
2019.750000	0.847584
2019.833333	0.977039
2019.916667	0.821226
2020.000000	1.044395
2020.083333	1.793364
2020.166667	2.278325
2020.250000	2.411382
2020.333333	2.490515
2020.416667	2.403358
2020.500000	2.215613
2020.583333	1.804121
2020.666667	1.626710
2020.750000	2.062016
2020.833333	2.255650
2020.916667	1.535744
2021.000000	0.754832
2021.083333	0.536191
2021.166667	0.906231
2021.250000	1.517282
2021.333333	1.984986
2021.416667	2.194622
2021.500000	2.211526
2021.583333	2.185076
2021.666667	2.183858
2021.750000	1.882292
2021.833333	1.382516
2021.916667	1.153892
2022.000000	1.143686
2022.083333	0.920723
