1856.000000 -0.200539
1856.083333 -0.173500
1856.166667 -0.352267
1856.250000 -0.243670
1856.333333 -0.089892
1856.416667 -0.122926
1856.500000 -0.267411
1856.583333 -0.335097
1856.666667 -0.277203
1856.750000 -0.359230
1856.833333 -0.440431
1856.916667 -0.251024
1857.000000 0.152707
1857.083333 0.345658
1857.166667 0.183940
1857.250000 -0.157094
1857.333333 -0.500980
1857.416667 -0.783972
1857.500000 -1.007759
1857.583333 -1.091168
1857.666667 -1.210766
1857.750000 -1.008158
1857.833333 -0.820949
1857.916667 -0.539667
1858.000000 -0.227058
1858.083333 -0.010462
1858.166667 -0.164603
1858.250000 -0.277806
1858.333333 -0.013762
1858.416667 0.136038
1858.500000 -0.070612
1858.583333 -0.145521
1858.666667 -0.260108
1858.750000 -0.330048
1858.833333 -0.456372
1858.916667 -0.294098
1859.000000 0.021272
1859.083333 0.223719
1859.166667 0.161757
1859.250000 0.077283
1859.333333 0.014521
1859.416667 -0.210617
1859.500000 0.086920
1859.583333 -0.136802
1859.666667 -0.428699
1859.750000 -0.546562
1859.833333 -0.565768
1859.916667 -0.477025
1860.000000 -0.193332
1860.083333 -0.249806
1860.166667 -0.724984
1860.250000 -0.674959
1860.333333 -0.759641
1860.416667 -0.670251
1860.500000 -0.699580
1860.583333 -0.686053
1860.666667 -0.313501
1860.750000 -0.077102
1860.833333 -0.058429
1860.916667 0.194531
1861.000000 0.559619
1861.083333 0.511292
1861.166667 0.369902
1861.250000 0.335666
1861.333333 0.237717
1861.416667 0.246952
1861.500000 0.515415
1861.583333 0.346673
1861.666667 0.192107
1861.750000 0.045610
1861.833333 -0.196975
1861.916667 -0.375201
1862.000000 -0.691615
1862.083333 -0.552319
1862.166667 -0.919853
1862.250000 -1.307826
1862.333333 -1.034689
1862.416667 -1.087549
1862.500000 -0.680452
1862.583333 -0.253451
1862.666667 -0.209112
1862.750000 -0.310628
1862.833333 -0.336932
1862.916667 -0.536684
1863.000000 -0.061224
1863.083333 0.275503
1863.166667 0.492821
1863.250000 0.226585
1863.333333 -0.046718
1863.416667 -0.014447
1863.500000 0.473756
1863.583333 0.301873
1863.666667 0.043347
1863.750000 -0.241741
1863.833333 -0.323925
1863.916667 -0.300830
1864.000000 -0.508081
1864.083333 -0.463848
1864.166667 -0.509334
1864.250000 -0.378512
1864.333333 -0.300259
1864.416667 -0.159937
1864.500000 0.112647
1864.583333 -0.064035
1864.666667 0.010907
1864.750000 -0.169825
1864.833333 -0.229222
1864.916667 -0.231677
1865.000000 -0.269176
1865.083333 0.050815
1865.166667 0.084428
1865.250000 0.308584
1865.333333 0.077995
1865.416667 -0.027014
1865.500000 -0.194234
1865.583333 0.013994
1865.666667 -0.022168
1865.750000 -0.007606
1865.833333 -0.233288
1865.916667 -0.359981
1866.000000 0.139820
1866.083333 0.386872
1866.166667 0.276785
1866.250000 0.201382
1866.333333 0.289162
1866.416667 0.286676
1866.500000 0.019657
1866.583333 -0.193625
1866.666667 -0.704970
1866.750000 -0.881497
1866.833333 -0.844899
1866.916667 -0.964783
1867.000000 -0.766447
1867.083333 -0.542285
1867.166667 -0.539843
1867.250000 -0.349539
1867.333333 -0.228199
1867.416667 -0.161622
1867.500000 -0.061098
1867.583333 0.167563
1867.666667 0.393273
1867.750000 0.127675
1867.833333 -0.130829
1867.916667 -0.524086
1868.000000 -0.781912
1868.083333 -0.589519
1868.166667 -0.417644
1868.250000 -0.040449
1868.333333 -0.000429
1868.416667 -0.081678
1868.500000 -0.167516
1868.583333 -0.635486
1868.666667 -1.129197
1868.750000 -1.020019
1868.833333 -0.400767
1868.916667 -0.158988
1869.000000 0.246592
1869.083333 0.085815
1869.166667 -0.146598
1869.250000 -0.540366
1869.333333 -0.860074
1869.416667 -1.054818
1869.500000 -0.963254
1869.583333 -0.876329
1869.666667 -0.567662
1869.750000 -0.496188
1869.833333 -0.510027
1869.916667 -0.319285
1870.000000 -0.368167
1870.083333 -0.596710
1870.166667 -0.332115
1870.250000 -0.142454
1870.333333 -0.197032
1870.416667 -0.239108
1870.500000 -0.532555
1870.583333 -0.569643
1870.666667 -0.395306
1870.750000 -0.370227
1870.833333 -0.656339
1870.916667 -0.524897
1871.000000 -0.363253
1871.083333 -0.496312
1871.166667 -0.187029
1871.250000 0.175798
1871.333333 0.150158
1871.416667 0.160807
1871.500000 0.399388
1871.583333 0.439368
1871.666667 0.106802
1871.750000 -0.018462
1871.833333 -0.263903
1871.916667 -0.247102
1872.000000 -0.059477
1872.083333 0.096476
1872.166667 -0.022450
1872.250000 0.024371
1872.333333 -0.165760
1872.416667 -0.000456
1872.500000 0.126414
1872.583333 -0.203995
1872.666667 -0.138225
1872.750000 0.141781
1872.833333 0.244608
1872.916667 0.082043
1873.000000 0.093465
1873.083333 -0.314070
1873.166667 -0.643920
1873.250000 -0.700356
1873.333333 -0.798767
1873.416667 -0.505654
1873.500000 -0.454105
1873.583333 -0.154551
1873.666667 -0.237592
1873.750000 -0.306426
1873.833333 -0.223561
1873.916667 0.522680
1874.000000 0.769391
1874.083333 0.519083
1874.166667 0.251484
1874.250000 0.077609
1874.333333 -0.241325
1874.416667 -0.264441
1874.500000 0.090823
1874.583333 0.279311
1874.666667 0.457519
1874.750000 0.389750
1874.833333 0.368647
1874.916667 0.260437
1875.000000 -0.186300
1875.083333 -0.101115
1875.166667 -0.046444
1875.250000 -0.363975
1875.333333 -0.221809
1875.416667 -0.184781
1875.500000 -0.361436
1875.583333 -0.258960
1875.666667 -0.231142
1875.750000 -0.655019
1875.833333 -0.732907
1875.916667 -0.803428
1876.000000 -0.636576
1876.083333 -0.425793
1876.166667 -0.339734
1876.250000 -0.523200
1876.333333 -0.529055
1876.416667 -0.871132
1876.500000 -1.042520
1876.583333 -0.682977
1876.666667 -0.603982
1876.750000 -0.660469
1876.833333 -0.817634
1876.916667 -1.103148
1877.000000 -1.012122
1877.083333 -0.669462
1877.166667 -0.652851
1877.250000 -0.659871
1877.333333 -0.825454
1877.416667 -1.110232
1877.500000 -1.234748
1877.583333 -1.806431
1877.666667 -1.525761
1877.750000 -1.637271
1877.833333 -1.379184
1877.916667 -0.634592
1878.000000 -0.121349
1878.083333 -0.030055
1878.166667 -0.393901
1878.250000 -0.243813
1878.333333 -0.279060
1878.416667 -0.486792
1878.500000 -0.362988
1878.583333 -0.306393
1878.666667 -0.196820
1878.750000 0.265997
1878.833333 0.373201
1878.916667 0.232795
1879.000000 -0.167940
1879.083333 -0.018041
1879.166667 -0.293751
1879.250000 -0.613360
1879.333333 -0.230092
1879.416667 0.116477
1879.500000 0.331146
1879.583333 0.571253
1879.666667 0.211691
1879.750000 -0.052452
1879.833333 -0.044698
1879.916667 -0.444909
1880.000000 -1.286670
1880.083333 -0.742754
1880.166667 -0.348848
1880.250000 -0.158858
1880.333333 0.039484
1880.416667 0.030253
1880.500000 0.584388
1880.583333 0.451589
1880.666667 0.051160
1880.750000 -0.170323
1880.833333 0.052770
1880.916667 -0.094021
1881.000000 -0.399123
1881.083333 -0.308078
1881.166667 -0.303340
1881.250000 -0.701269
1881.333333 -0.467221
1881.416667 -0.443656
1881.500000 0.066704
1881.583333 0.310074
1881.666667 0.680601
1881.750000 0.670108
1881.833333 0.363409
1881.916667 0.646562
1882.000000 0.560359
1882.083333 0.567483
1882.166667 0.556745
1882.250000 0.032919
1882.333333 -0.159831
1882.416667 -0.182241
1882.500000 -0.143682
1882.583333 -0.317397
1882.666667 -0.027706
1882.750000 -0.084755
1882.833333 -0.116404
1882.916667 -0.367706
1883.000000 0.033256
1883.083333 0.217899
1883.166667 -0.443704
1883.250000 -0.651908
1883.333333 -0.809489
1883.416667 -0.460098
1883.500000 0.011970
1883.583333 -0.314647
1883.666667 -0.328132
1883.750000 -0.029810
1883.833333 0.105050
1883.916667 -0.361704
1884.000000 -0.173355
1884.083333 -0.212261
1884.166667 -0.535976
1884.250000 -0.934625
1884.333333 -1.343828
1884.416667 -1.096668
1884.500000 -1.094531
1884.583333 -0.763420
1884.666667 -0.485992
1884.750000 -0.488021
1884.833333 -0.633656
1884.916667 -0.547712
1885.000000 -0.297577
1885.083333 -0.151402
1885.166667 -0.114278
1885.250000 -0.372143
1885.333333 -0.862118
1885.416667 -1.048385
1885.500000 -0.952369
1885.583333 -0.886238
1885.666667 -0.674823
1885.750000 -0.685087
1885.833333 -0.628797
1885.916667 -0.752759
1886.000000 -0.569449
1886.083333 -0.600431
1886.166667 -0.292113
1886.250000 0.120893
1886.333333 -0.279208
1886.416667 -0.186991
1886.500000 0.016829
1886.583333 0.072505
1886.666667 0.381284
1886.750000 0.588268
1886.833333 0.586242
1886.916667 0.435199
1887.000000 0.607600
1887.083333 0.641124
1887.166667 0.387228
1887.250000 0.175765
1887.333333 -0.091878
1887.416667 0.107866
1887.500000 0.518310
1887.583333 0.480244
1887.666667 0.426624
1887.750000 0.234302
1887.833333 0.024357
1887.916667 -0.051511
1888.000000 0.184033
1888.083333 0.354803
1888.166667 -0.068224
1888.250000 0.133728
1888.333333 -0.110088
1888.416667 0.040926
1888.500000 -0.208502
1888.583333 0.102279
1888.666667 0.017405
1888.750000 0.022161
1888.833333 0.128891
1888.916667 0.005485
1889.000000 -0.042018
1889.083333 0.182257
1889.166667 0.382049
1889.250000 0.082232
1889.333333 0.024796
1889.416667 0.168698
1889.500000 0.238559
1889.583333 0.073465
1889.666667 0.086558
1889.750000 0.076145
1889.833333 0.130879
1889.916667 -0.116168
1890.000000 0.392495
1890.083333 0.473777
1890.166667 0.535158
1890.250000 0.373074
1890.333333 0.351222
1890.416667 0.244241
1890.500000 0.402007
1890.583333 0.587988
1890.666667 0.425089
1890.750000 -0.093181
1890.833333 -0.035975
1890.916667 0.447178
1891.000000 0.329912
1891.083333 0.274735
1891.166667 0.042349
1891.250000 -0.105056
1891.333333 -0.180086
1891.416667 -0.365604
1891.500000 -0.257230
1891.583333 -0.388620
1891.666667 0.007855
1891.750000 0.037050
1891.833333 -0.027537
1891.916667 0.138900
1892.000000 0.289705
1892.083333 0.480508
1892.166667 0.050596
1892.250000 -0.195981
1892.333333 -0.318373
1892.416667 0.085846
1892.500000 0.287728
1892.583333 0.122949
1892.666667 -0.044918
1892.750000 -0.588736
1892.833333 -0.671313
1892.916667 -0.579946
1893.000000 -0.646289
1893.083333 -0.314004
1893.166667 -0.122334
1893.250000 -0.279222
1893.333333 -0.502660
1893.416667 -0.186418
1893.500000 -0.181327
1893.583333 -0.305586
1893.666667 -0.146234
1893.750000 -0.128325
1893.833333 -0.350129
1893.916667 -0.348528
1894.000000 -0.062502
1894.083333 0.055111
1894.166667 0.649862
1894.250000 0.793656
1894.333333 0.525274
1894.416667 0.740650
1894.500000 0.852304
1894.583333 0.529594
1894.666667 0.358807
1894.750000 0.283788
1894.833333 0.132157
1894.916667 0.019311
1895.000000 -0.000591
1895.083333 -0.030348
1895.166667 -0.250594
1895.250000 -0.096268
1895.333333 -0.065481
1895.416667 -0.157091
1895.500000 -0.281539
1895.583333 -0.280569
1895.666667 -0.233765
1895.750000 -0.695999
1895.833333 -0.649372
1895.916667 -0.690347
1896.000000 -0.544478
1896.083333 -0.645972
1896.166667 -0.174905
1896.250000 -0.196419
1896.333333 -0.174923
1896.416667 -0.107511
1896.500000 0.085160
1896.583333 0.024983
1896.666667 -0.198568
1896.750000 -0.465607
1896.833333 -0.163302
1896.916667 -0.246816
1897.000000 -0.132510
1897.083333 -0.190368
1897.166667 0.133261
1897.250000 -0.062412
1897.333333 -0.040668
1897.416667 0.119570
1897.500000 0.073525
1897.583333 0.287970
1897.666667 0.167676
1897.750000 -0.037711
1897.833333 -0.172769
1897.916667 -0.003953
1898.000000 0.345091
1898.083333 0.546470
1898.166667 0.415357
1898.250000 0.374786
1898.333333 0.448055
1898.416667 0.200241
1898.500000 -0.213623
1898.583333 0.389238
1898.666667 0.385873
1898.750000 0.498719
1898.833333 0.344401
1898.916667 0.247048
1899.000000 0.407802
1899.083333 0.575752
1899.166667 0.365047
1899.250000 0.371051
1899.333333 -0.110858
1899.416667 0.269157
1899.500000 0.615557
1899.583333 0.058359
1899.666667 -0.305109
1899.750000 -0.262175
1899.833333 -0.164104
1899.916667 -0.081418
1900.000000 -0.214124
1900.083333 -0.069803
1900.166667 -0.053632
1900.250000 0.083132
1900.333333 -0.168938
1900.416667 -0.349771
1900.500000 -0.489721
1900.583333 -0.033200
1900.666667 0.148641
1900.750000 -0.109063
1900.833333 -0.101964
1900.916667 -0.347367
1901.000000 -0.313329
1901.083333 -0.500168
1901.166667 -0.425757
1901.250000 -0.550949
1901.333333 -0.416151
1901.416667 -0.734547
1901.500000 -0.846935
1901.583333 -0.574628
1901.666667 -0.382799
1901.750000 -0.768966
1901.833333 -0.885675
1901.916667 -0.718613
1902.000000 -0.670525
1902.083333 -0.885373
1902.166667 -0.822029
1902.250000 -1.122914
1902.333333 -0.912593
1902.416667 -0.785342
1902.500000 -1.199977
1902.583333 -1.256028
1902.666667 -0.906469
1902.750000 -0.421948
1902.833333 0.082432
1902.916667 0.021449
1903.000000 0.080984
1903.083333 0.196708
1903.166667 0.141570
1903.250000 -0.319501
1903.333333 -0.812516
1903.416667 -0.626080
1903.500000 -0.995636
1903.583333 -0.313378
1903.666667 -0.346560
1903.750000 -0.178900
1903.833333 -0.330877
1903.916667 -0.446726
1904.000000 -0.377161
1904.083333 0.052886
1904.166667 0.239263
1904.250000 -0.146244
1904.333333 -0.563938
1904.416667 -0.325009
1904.500000 -0.268259
1904.583333 -0.481833
1904.666667 -0.517862
1904.750000 -0.595980
1904.833333 -0.931486
1904.916667 -0.409918
1905.000000 -0.075346
1905.083333 -0.392618
1905.166667 -0.650105
1905.250000 -0.820287
1905.333333 -0.602457
1905.416667 -0.347360
1905.500000 -0.085149
1905.583333 -0.769080
1905.666667 -0.484271
1905.750000 -0.644435
1905.833333 -0.340461
1905.916667 -0.102370
1906.000000 -0.330197
1906.083333 -0.134602
1906.166667 -0.290111
1906.250000 -0.443690
1906.333333 -0.114875
1906.416667 -0.370958
1906.500000 0.037655
1906.583333 0.215271
1906.666667 -0.126379
1906.750000 -0.563406
1906.833333 -1.186624
1906.916667 -0.953181
1907.000000 -0.137667
1907.083333 -0.495430
1907.166667 -0.912044
1907.250000 -0.717670
1907.333333 -0.560500
1907.416667 -0.630277
1907.500000 -0.719628
1907.583333 -0.383685
1907.666667 -0.544947
1907.750000 -0.161432
1907.833333 -0.151202
1907.916667 -0.228690
1908.000000 -0.035131
1908.083333 -0.306935
1908.166667 -0.434813
1908.250000 -0.255547
1908.333333 -0.682376
1908.416667 -0.590903
1908.500000 -0.707220
1908.583333 -0.225835
1908.666667 -0.555321
1908.750000 0.043527
1908.833333 0.076832
1908.916667 -0.365343
1909.000000 -0.386413
1909.083333 -0.298591
1909.166667 -0.576351
1909.250000 -0.569340
1909.333333 -0.810845
1909.416667 -0.733279
1909.500000 -0.269818
1909.583333 0.207071
1909.666667 0.687472
1909.750000 0.482057
1909.833333 0.097241
1909.916667 0.317203
1910.000000 0.497460
1910.083333 -0.505914
1910.166667 -0.724498
1910.250000 -0.970218
1910.333333 -0.937114
1910.416667 -0.345617
1910.500000 -0.363154
1910.583333 -0.031573
1910.666667 -0.513438
1910.750000 -0.333954
1910.833333 -0.579130
1910.916667 -1.183067
1911.000000 -0.261356
1911.083333 -0.174435
1911.166667 -0.258453
1911.250000 -0.407376
1911.333333 -0.252146
1911.416667 0.074602
1911.500000 -0.255890
1911.583333 -0.065771
1911.666667 0.222840
1911.750000 -0.343009
1911.833333 -0.205857
1911.916667 -0.523001
1912.000000 -0.821233
1912.083333 -0.326830
1912.166667 -0.343064
1912.250000 -0.350817
1912.333333 -0.284574
1912.416667 -0.356581
1912.500000 -0.332818
1912.583333 -0.247191
1912.666667 -0.686519
1912.750000 -0.727476
1912.833333 -0.885205
1912.916667 -0.451598
1913.000000 -0.353620
1913.083333 -0.002823
1913.166667 -0.501914
1913.250000 -0.200638
1913.333333 -0.747363
1913.416667 -0.482594
1913.500000 -1.175504
1913.583333 -0.765220
1913.666667 -0.811925
1913.750000 -0.584742
1913.833333 -0.837041
1913.916667 -1.037028
1914.000000 -0.734998
1914.083333 0.224967
1914.166667 0.019686
1914.250000 -0.383778
1914.333333 -0.043407
1914.416667 0.009294
1914.500000 0.657072
1914.583333 0.230061
1914.666667 0.113028
1914.750000 0.191425
1914.833333 0.196419
1914.916667 -0.235666
1915.000000 -0.382651
1915.083333 -0.352457
1915.166667 -0.595243
1915.250000 -0.822453
1915.333333 -0.580711
1915.416667 -0.183324
1915.500000 -0.119729
1915.583333 -0.056477
1915.666667 -0.015059
1915.750000 0.556628
1915.833333 0.549492
1915.916667 -0.219805
1916.000000 -0.357765
1916.083333 -0.276736
1916.166667 -0.615858
1916.250000 -0.100861
1916.333333 0.000683
1916.416667 0.304614
1916.500000 -0.098451
1916.583333 0.071366
1916.666667 0.390400
1916.750000 0.449640
1916.833333 0.126481
1916.916667 -0.266323
1917.000000 -1.009270
1917.083333 -1.058408
1917.166667 -1.143603
1917.250000 -0.862798
1917.333333 -1.340732
1917.416667 -0.709661
1917.500000 -0.078537
1917.583333 -0.274388
1917.666667 -0.089265
1917.750000 -0.228371
1917.833333 -0.930878
1917.916667 -1.615251
1918.000000 -1.516834
1918.083333 -1.156213
1918.166667 -0.957338
1918.250000 -0.773476
1918.333333 -0.792621
1918.416667 -0.731346
1918.500000 -0.415293
1918.583333 -0.884120
1918.666667 -0.730221
1918.750000 -0.493821
1918.833333 -0.400436
1918.916667 -0.604236
1919.000000 -0.151949
1919.083333 -0.407500
1919.166667 0.007220
1919.250000 0.026665
1919.333333 -0.312828
1919.416667 0.090825
1919.500000 -0.106367
1919.583333 -0.793836
1919.666667 -0.897160
1919.750000 -0.933441
1919.833333 -0.541963
1919.916667 -0.680957
1920.000000 -0.589356
1920.083333 -0.379988
1920.166667 -0.149717
1920.250000 0.302491
1920.333333 -0.196847
1920.416667 -0.127581
1920.500000 -0.087269
1920.583333 0.096331
1920.666667 -0.450966
1920.750000 -0.197208
1920.833333 0.484369
1920.916667 0.048309
1921.000000 -0.216756
1921.083333 -0.585712
1921.166667 -0.432636
1921.250000 0.003851
1921.333333 -0.037752
1921.416667 -0.495403
1921.500000 -0.227300
1921.583333 -0.295548
1921.666667 -0.420071
1921.750000 -0.632483
1921.833333 -0.944605
1921.916667 -0.662146
1922.000000 -0.687728
1922.083333 0.303633
1922.166667 0.142293
1922.250000 0.017863
1922.333333 0.421621
1922.416667 0.301304
1922.500000 0.126660
1922.583333 0.559875
1922.666667 0.002775
1922.750000 -0.124712
1922.833333 -0.345705
1922.916667 -1.117203
1923.000000 -1.154517
1923.083333 -0.746082
1923.166667 -0.696478
1923.250000 -0.666452
1923.333333 -0.410180
1923.416667 -0.539460
1923.500000 -0.833612
1923.583333 -0.304463
1923.666667 -0.482577
1923.750000 -0.434185
1923.833333 -0.543774
1923.916667 -0.549459
1924.000000 -0.487320
1924.083333 -0.702482
1924.166667 -0.812763
1924.250000 -0.583188
1924.333333 -0.457904
1924.416667 -0.164402
1924.500000 0.176056
1924.583333 0.139215
1924.666667 0.220025
1924.750000 -0.065386
1924.833333 -0.832787
1924.916667 -1.116763
1925.000000 -0.609942
1925.083333 -0.979000
1925.166667 -0.636507
1925.250000 -0.941443
1925.333333 -0.895187
1925.416667 -0.421611
1925.500000 -0.769564
1925.583333 -0.544373
1925.666667 -0.693334
1925.750000 -0.688732
1925.833333 -0.522114
1925.916667 -0.831336
1926.000000 -0.805668
1926.083333 -0.904150
1926.166667 -0.745796
1926.250000 -1.292389
1926.333333 -1.045180
1926.416667 -1.130226
1926.500000 -1.080727
1926.583333 -0.582985
1926.666667 -0.277497
1926.750000 -0.880975
1926.833333 -0.766453
1926.916667 -0.879967
1927.000000 -0.602751
1927.083333 -0.964879
1927.166667 -1.015614
1927.250000 -0.907491
1927.333333 -1.036974
1927.416667 -0.554667
1927.500000 0.104591
1927.583333 -0.025394
1927.666667 -0.542713
1927.750000 -0.600785
1927.833333 -0.703948
1927.916667 -0.730675
1928.000000 -0.643225
1928.083333 -0.819004
1928.166667 -0.896960
1928.250000 -0.476334
1928.333333 -0.210277
1928.416667 -0.285302
1928.500000 -0.038823
1928.583333 0.026068
1928.666667 0.365159
1928.750000 -0.379241
1928.833333 -0.142734
1928.916667 -0.264298
1929.000000 -0.383516
1929.083333 -0.785373
1929.166667 -1.064168
1929.250000 -0.969355
1929.333333 -0.973273
1929.416667 -0.399304
1929.500000 0.120744
1929.583333 0.143113
1929.666667 -0.277729
1929.750000 -0.178639
1929.833333 -0.437280
1929.916667 -0.206863
1930.000000 -0.082303
1930.083333 0.405192
1930.166667 0.361085
1930.250000 0.732044
1930.333333 0.584568
1930.416667 0.360955
1930.500000 1.060910
1930.583333 0.423128
1930.666667 0.025678
1930.750000 -0.321852
1930.833333 -0.631076
1930.916667 -0.404437
1931.000000 -0.295009
1931.083333 -0.504242
1931.166667 -0.744476
1931.250000 -0.776250
1931.333333 -1.111017
1931.416667 -0.662130
1931.500000 -0.903292
1931.583333 -0.249122
1931.666667 -0.287776
1931.750000 -0.476453
1931.833333 -0.170151
1931.916667 -0.022432
1932.000000 0.138394
1932.083333 -0.387457
1932.166667 -0.956489
1932.250000 -1.096168
1932.333333 -0.559618
1932.416667 -0.142285
1932.500000 0.284787
1932.583333 0.071114
1932.666667 0.012967
1932.750000 -0.164305
1932.833333 -0.365195
1932.916667 -0.266588
1933.000000 -0.707143
1933.083333 -0.760453
1933.166667 -0.769178
1933.250000 -0.421056
1933.333333 -0.050516
1933.416667 0.541319
1933.500000 1.142716
1933.583333 0.532836
1933.666667 0.403951
1933.750000 0.042152
1933.833333 -0.557551
1933.916667 -0.629368
1934.000000 -1.221385
1934.083333 -1.223757
1934.166667 -1.337524
1934.250000 -1.382355
1934.333333 -0.693109
1934.416667 -0.409216
1934.500000 -0.086039
1934.583333 -0.661614
1934.666667 -0.523868
1934.750000 -0.859928
1934.833333 -1.367123
1934.916667 -0.715752
1935.000000 -0.645076
1935.083333 -0.241927
1935.166667 -0.107468
1935.250000 -0.050515
1935.333333 -0.761888
1935.416667 -0.418520
1935.500000 0.033828
1935.583333 0.085338
1935.666667 -0.271005
1935.750000 0.072094
1935.833333 -0.362542
1935.916667 -1.251137
1936.000000 -1.732415
1936.083333 -1.716819
1936.166667 -1.643606
1936.250000 -1.248908
1936.333333 -1.026409
1936.416667 -0.404657
1936.500000 -0.399329
1936.583333 -0.397142
1936.666667 0.048862
1936.750000 -0.619616
1936.833333 -0.589783
1936.916667 -0.556578
1937.000000 -0.254456
1937.083333 -0.001696
1937.166667 -0.116377
1937.250000 -0.162600
1937.333333 -0.207857
1937.416667 -0.007130
1937.500000 0.531079
1937.583333 0.810327
1937.666667 0.115811
1937.750000 -0.001049
1937.833333 -0.086074
1937.916667 -0.938004
1938.000000 -0.948652
1938.083333 -0.880245
1938.166667 -0.381821
1938.250000 -0.065184
1938.333333 -0.253268
1938.416667 0.354343
1938.500000 0.257324
1938.583333 0.688905
1938.666667 0.001460
1938.750000 0.287052
1938.833333 -0.572947
1938.916667 -0.817535
1939.000000 -1.402342
1939.083333 -1.025505
1939.166667 -0.845372
1939.250000 -0.712002
1939.333333 -0.813041
1939.416667 -0.441559
1939.500000 0.024965
1939.583333 0.127895
1939.666667 0.103438
1939.750000 -0.089497
1939.833333 -0.569289
1939.916667 -0.958555
1940.000000 -1.264944
1940.083333 -1.360675
1940.166667 -1.194878
1940.250000 -1.199482
1940.333333 -1.085586
1940.416667 -0.512850
1940.500000 -0.409037
1940.583333 -0.875029
1940.666667 -0.604407
1940.750000 -0.256540
1940.833333 -0.329756
1940.916667 -0.474133
1941.000000 -0.304530
1941.083333 -0.427048
1941.166667 -0.192424
1941.250000 -0.531858
1941.333333 -0.579463
1941.416667 -0.601931
1941.500000 -0.851152
1941.583333 -1.186274
1941.666667 -1.077916
1941.750000 -0.867947
1941.833333 -0.683851
1941.916667 -0.818481
1942.000000 -1.605820
1942.083333 -1.195333
1942.166667 -0.385440
1942.250000 -0.254759
1942.333333 -0.619295
1942.416667 -0.133619
1942.500000 0.428547
1942.583333 -0.278654
1942.666667 -0.723523
1942.750000 -1.191441
1942.833333 -1.716095
1942.916667 -2.092522
1943.000000 -1.920602
1943.083333 -1.768452
1943.166667 -1.129920
1943.250000 -0.856814
1943.333333 -0.483484
1943.416667 -0.243892
1943.500000 0.304694
1943.583333 0.387678
1943.666667 0.130654
1943.750000 -0.394484
1943.833333 -1.209445
1943.916667 -1.630785
1944.000000 -1.771002
1944.083333 -1.419003
1944.166667 -0.795801
1944.250000 -0.680322
1944.333333 -0.107580
1944.416667 0.031729
1944.500000 0.142932
1944.583333 0.120722
1944.666667 -0.013545
1944.750000 0.172870
1944.833333 0.438719
1944.916667 0.523780
1945.000000 0.434132
1945.083333 0.183302
1945.166667 0.478795
1945.250000 0.129811
1945.333333 -0.632514
1945.416667 -0.852051
1945.500000 -0.215613
1945.583333 0.431991
1945.666667 0.518275
1945.750000 0.290345
1945.833333 0.881064
1945.916667 0.951833
1946.000000 -0.022275
1946.083333 -0.338018
1946.166667 -0.193617
1946.250000 -0.042593
1946.333333 0.116101
1946.416667 0.351964
1946.500000 0.033623
1946.583333 -0.170088
1946.666667 0.761930
1946.750000 1.244061
1946.833333 0.535717
1946.916667 0.026985
1947.000000 0.234014
1947.083333 -0.236263
1947.166667 -0.646795
1947.250000 -0.761523
1947.333333 -1.228017
1947.416667 -1.247809
1947.500000 -0.393633
1947.583333 0.135214
1947.666667 -0.389315
1947.750000 -0.897614
1947.833333 -0.833660
1947.916667 -1.039757
1948.000000 -0.315779
1948.083333 -0.241601
1948.166667 0.209060
1948.250000 0.597912
1948.333333 -0.039076
1948.416667 0.355506
1948.500000 0.474235
1948.583333 0.890146
1948.666667 0.698690
1948.750000 0.434717
1948.833333 0.175339
1948.916667 0.185311
1949.000000 0.126632
1949.083333 0.372470
1949.166667 0.508527
1949.250000 0.136422
1949.333333 -0.118431
1949.416667 0.022432
1949.500000 0.136597
1949.583333 0.286252
1949.666667 0.630809
1949.750000 0.744503
1949.833333 0.880757
1949.916667 0.795853
1950.000000 0.602624
1950.083333 0.818255
1950.166667 0.817036
1950.250000 0.697548
1950.333333 0.708746
1950.416667 0.796226
1950.500000 0.900052
1950.583333 1.006450
1950.666667 0.976761
1950.750000 0.616788
1950.833333 0.033479
1950.916667 0.102417
1951.000000 0.293936
1951.083333 0.442011
1951.166667 0.004559
1951.250000 -0.299217
1951.333333 -0.135789
1951.416667 -0.075584
1951.500000 -0.130251
1951.583333 0.074726
1951.666667 -0.293962
1951.750000 -0.039228
1951.833333 0.129585
1951.916667 0.178559
1952.000000 0.152429
1952.083333 0.301024
1952.166667 -0.024884
1952.250000 0.153495
1952.333333 0.568933
1952.416667 0.723100
1952.500000 0.740577
1952.583333 0.525817
1952.666667 0.447635
1952.750000 0.348535
1952.833333 0.608871
1952.916667 0.405446
1953.000000 0.348005
1953.083333 0.027874
1953.166667 0.350297
1953.250000 -0.136267
1953.333333 -0.427722
1953.416667 -0.474520
1953.500000 -0.211130
1953.583333 0.353288
1953.666667 0.340824
1953.750000 0.928800
1953.833333 0.604095
1953.916667 0.830135
1954.000000 1.228807
1954.083333 0.832937
1954.166667 0.257643
1954.250000 0.428242
1954.333333 0.386596
1954.416667 -0.072754
1954.500000 -0.594925
1954.583333 0.077640
1954.666667 0.528800
1954.750000 0.127041
1954.833333 0.373414
1954.916667 0.551109
1955.000000 0.384455
1955.083333 0.612488
1955.166667 0.674571
1955.250000 0.468370
1955.333333 0.385019
1955.416667 0.431696
1955.500000 0.871848
1955.583333 0.718888
1955.666667 0.679484
1955.750000 -0.086628
1955.833333 0.006910
1955.916667 0.393571
1956.000000 0.059378
1956.083333 0.010630
1956.166667 0.096515
1956.250000 0.243396
1956.333333 0.080793
1956.416667 0.168646
1956.500000 0.018905
1956.583333 -0.407749
1956.666667 0.005706
1956.750000 0.172450
1956.833333 -0.102464
1956.916667 -0.805597
1957.000000 -0.151676
1957.083333 -0.283022
1957.166667 -0.317835
1957.250000 -0.017028
1957.333333 -0.260985
1957.416667 -0.581247
1957.500000 -0.464438
1957.583333 -0.523264
1957.666667 -0.840676
1957.750000 -0.427588
1957.833333 0.150841
1957.916667 0.339655
1958.000000 0.268133
1958.083333 -0.027057
1958.166667 -0.191417
1958.250000 0.042570
1958.333333 0.132255
1958.416667 0.477365
1958.500000 0.959099
1958.583333 0.240470
1958.666667 0.200863
1958.750000 -0.101433
1958.833333 -0.147081
1958.916667 0.246115
1959.000000 -0.166412
1959.083333 0.335572
1959.166667 0.326033
1959.250000 0.287335
1959.333333 0.465153
1959.416667 0.573921
1959.500000 0.464249
1959.583333 0.418263
1959.666667 0.701533
1959.750000 0.601116
1959.833333 0.517107
1959.916667 0.468779
1960.000000 0.452556
1960.083333 0.564332
1960.166667 0.709021
1960.250000 0.645568
1960.333333 0.399734
1960.416667 0.211564
1960.500000 0.443745
1960.583333 0.243366
1960.666667 0.387741
1960.750000 0.325872
1960.833333 0.442732
1960.916667 0.518452
1961.000000 -0.038410
1961.083333 -0.129805
1961.166667 0.060159
1961.250000 0.053656
1961.333333 0.066901
1961.416667 0.563976
1961.500000 1.045029
1961.583333 0.482543
1961.666667 0.918175
1961.750000 0.781127
1961.833333 0.674286
1961.916667 0.464335
1962.000000 0.054779
1962.083333 0.019379
1962.166667 0.065127
1962.250000 0.004603
1962.333333 0.002267
1962.416667 0.047416
1962.500000 0.015236
1962.583333 -0.040870
1962.666667 0.037129
1962.750000 0.052003
1962.833333 -0.079089
1962.916667 -0.235487
1963.000000 -0.759617
1963.083333 -1.095070
1963.166667 -1.089870
1963.250000 -0.921872
1963.333333 -0.593729
1963.416667 -0.580741
1963.500000 -0.371084
1963.583333 -0.085941
1963.666667 -0.441943
1963.750000 -0.693052
1963.833333 -0.378934
1963.916667 0.080406
1964.000000 0.197093
1964.083333 -0.245901
1964.166667 -0.129481
1964.250000 0.436467
1964.333333 0.577616
1964.416667 0.036275
1964.500000 -0.179817
1964.583333 -0.292385
1964.666667 0.310219
1964.750000 0.280686
1964.833333 0.233212
1964.916667 0.259103
1965.000000 0.263071
1965.083333 -0.000004
1965.166667 -0.511736
1965.250000 -0.637071
1965.333333 -0.726267
1965.416667 -0.047803
1965.500000 -0.296124
1965.583333 -0.656632
1965.666667 -0.602787
1965.750000 -0.152107
1965.833333 0.203789
1965.916667 0.204425
1966.000000 0.247071
1966.083333 0.620141
1966.166667 0.675029
1966.250000 -0.110333
1966.333333 0.161691
1966.416667 -0.069810
1966.500000 -0.298545
1966.583333 0.381562
1966.666667 -0.121203
1966.750000 0.272449
1966.833333 0.232232
1966.916667 -0.041874
1967.000000 -0.130265
1967.083333 -0.264075
1967.166667 0.166811
1967.250000 0.169053
1967.333333 0.688102
1967.416667 1.016503
1967.500000 1.009260
1967.583333 0.960100
1967.666667 -0.085503
1967.750000 -0.129774
1967.833333 -0.254133
1967.916667 -0.428578
1968.000000 -0.721143
1968.083333 -0.938209
1968.166667 -0.807793
1968.250000 -0.191331
1968.333333 -0.191170
1968.416667 -0.139837
1968.500000 0.088539
1968.583333 -0.183607
1968.666667 -0.236875
1968.750000 -0.237465
1968.833333 -0.024770
1968.916667 0.653882
1969.000000 0.243416
1969.083333 -0.095040
1969.166667 -0.534422
1969.250000 -0.798724
1969.333333 -0.775375
1969.416667 -1.251500
1969.500000 -0.698848
1969.583333 0.008609
1969.666667 0.182628
1969.750000 -0.149329
1969.833333 -0.268900
1969.916667 -0.369699
1970.000000 -0.394245
1970.083333 -0.110538
1970.166667 -0.631572
1970.250000 -0.823713
1970.333333 -0.329564
1970.416667 -0.376811
1970.500000 -0.360062
1970.583333 -0.136989
1970.666667 0.138497
1970.750000 0.465909
1970.833333 -0.108530
1970.916667 -0.291670
1971.000000 -0.054195
1971.083333 -0.418756
1971.166667 -0.493077
1971.250000 -0.364360
1971.333333 -0.345640
1971.416667 0.424798
1971.500000 0.376457
1971.583333 -0.248118
1971.666667 -0.405419
1971.750000 -0.365950
1971.833333 -0.220980
1971.916667 0.092233
1972.000000 0.944373
1972.083333 0.866980
1972.166667 0.575754
1972.250000 0.434960
1972.333333 0.250147
1972.416667 0.410175
1972.500000 0.182459
1972.583333 -0.548744
1972.666667 -0.680568
1972.750000 -0.380528
1972.833333 0.070000
1972.916667 0.455033
1973.000000 0.821920
1973.083333 1.191682
1973.166667 0.780440
1973.250000 0.802034
1973.333333 0.621242
1973.416667 0.567578
1973.500000 1.030594
1973.583333 0.671510
1973.666667 0.247377
1973.750000 -0.237182
1973.833333 -0.522816
1973.916667 -0.487226
1974.000000 -0.267109
1974.083333 -0.412705
1974.166667 -0.385668
1974.250000 -0.076956
1974.333333 -0.447549
1974.416667 -0.010228
1974.500000 -0.782294
1974.583333 -0.456680
1974.666667 -0.285457
1974.750000 -0.214899
1974.833333 -0.235103
1974.916667 -0.298417
1975.000000 -0.141287
1975.083333 0.439845
1975.166667 0.049253
1975.250000 0.166945
1975.333333 0.147509
1975.416667 0.510121
1975.500000 -0.085815
1975.583333 0.219816
1975.666667 0.863579
1975.750000 0.984984
1975.833333 0.732447
1975.916667 0.710952
1976.000000 0.121699
1976.083333 0.262363
1976.166667 0.170505
1976.250000 0.176978
1976.333333 -0.329454
1976.416667 -0.130484
1976.500000 -0.835135
1976.583333 -0.739913
1976.666667 -0.827504
1976.750000 -0.756583
1976.833333 -1.079666
1976.916667 -0.779936
1977.000000 -0.870365
1977.083333 -0.665244
1977.166667 -0.537389
1977.250000 -0.219352
1977.333333 -0.210977
1977.416667 -0.097451
1977.500000 0.161354
1977.583333 -0.254517
1977.666667 0.015914
1977.750000 0.348579
1977.833333 0.584061
1977.916667 0.503165
1978.000000 0.490769
1978.083333 0.381761
1978.166667 -0.015364
1978.250000 0.062776
1978.333333 0.160178
1978.416667 0.453281
1978.500000 1.056534
1978.583333 0.602376
1978.666667 0.461856
1978.750000 0.227608
1978.833333 0.103642
1978.916667 0.342180
1979.000000 0.665825
1979.083333 0.734273
1979.166667 0.624821
1979.250000 0.110465
1979.333333 -0.155488
1979.416667 0.175863
1979.500000 -0.157470
1979.583333 -0.301602
1979.666667 -0.624909
1979.750000 0.089249
1979.833333 0.398539
1979.916667 0.316477
1980.000000 0.268003
1980.083333 0.241603
1980.166667 0.258481
1980.250000 -0.351714
1980.333333 -0.877696
1980.416667 -0.369699
1980.500000 -0.625505
1980.583333 -1.123959
1980.666667 -0.775666
1980.750000 -0.589360
1980.833333 -0.437053
1980.916667 -0.681584
1981.000000 -0.966592
1981.083333 -0.759269
1981.166667 -0.410232
1981.250000 -0.216496
1981.333333 -0.385564
1981.416667 -0.637368
1981.500000 -0.506661
1981.583333 -0.486184
1981.666667 -1.158486
1981.750000 -0.674466
1981.833333 -0.851670
1981.916667 -0.527417
1982.000000 0.279748
1982.083333 0.465617
1982.166667 0.678886
1982.250000 -0.080695
1982.333333 -0.049509
1982.416667 0.150614
1982.500000 -0.201519
1982.583333 -0.569503
1982.666667 -0.274985
1982.750000 0.108967
1982.833333 0.371174
1982.916667 0.445162
1983.000000 0.716720
1983.083333 0.804639
1983.166667 0.546242
1983.250000 0.475487
1983.333333 0.029592
1983.416667 -0.135713
1983.500000 -0.621211
1983.583333 -0.199334
1983.666667 0.562572
1983.750000 0.308860
1983.833333 -0.035176
1983.916667 0.002975
1984.000000 0.103795
1984.083333 -0.177074
1984.166667 -0.547934
1984.250000 -0.688131
1984.333333 -0.570731
1984.416667 0.474735
1984.500000 0.615962
1984.583333 0.272523
1984.666667 -0.132597
1984.750000 -0.126558
1984.833333 -0.254701
1984.916667 0.292503
1985.000000 0.050967
1985.083333 0.074219
1985.166667 0.234946
1985.250000 -0.027218
1985.333333 0.050992
1985.416667 -0.113872
1985.500000 0.116060
1985.583333 0.144913
1985.666667 0.434479
1985.750000 0.194561
1985.833333 -0.142963
1985.916667 -0.301667
1986.000000 -0.268766
1986.083333 -0.351709
1986.166667 -0.542546
1986.250000 -0.605839
1986.333333 -0.815095
1986.416667 -0.314654
1986.500000 -0.952807
1986.583333 -0.648217
1986.666667 -0.329613
1986.750000 -0.413608
1986.833333 -0.619583
1986.916667 -0.020956
1987.000000 0.134755
1987.083333 0.406429
1987.166667 0.141769
1987.250000 -0.297524
1987.333333 -0.835720
1987.416667 -0.191558
1987.500000 -0.410911
1987.583333 -1.158040
1987.666667 -0.833730
1987.750000 -0.280405
1987.833333 -0.306469
1987.916667 0.127360
1988.000000 0.986628
1988.083333 0.764171
1988.166667 0.620333
1988.250000 0.194679
1988.333333 -0.164362
1988.416667 0.363177
1988.500000 0.276392
1988.583333 -0.263988
1988.666667 0.021873
1988.750000 0.057270
1988.833333 -0.586588
1988.916667 -0.316775
1989.000000 0.510298
1989.083333 0.701320
1989.166667 0.715036
1989.250000 0.551112
1989.333333 -0.026090
1989.416667 -0.342815
1989.500000 -0.502410
1989.583333 -0.417186
1989.666667 0.121878
1989.750000 -0.057125
1989.833333 0.173941
1989.916667 0.421134
1990.000000 0.549067
1990.083333 0.874130
1990.166667 1.087547
1990.250000 0.450475
1990.333333 -0.080626
1990.416667 0.076082
1990.500000 0.224503
1990.583333 0.341242
1990.666667 0.291692
1990.750000 0.457428
1990.833333 0.836011
1990.916667 1.189553
1991.000000 1.178824
1991.083333 0.997467
1991.166667 1.014496
1991.250000 0.663157
1991.333333 0.059621
1991.416667 0.952054
1991.500000 0.374392
1991.583333 -0.427144
1991.666667 -0.148408
1991.750000 0.077711
1991.833333 -0.241459
1991.916667 0.510186
1992.000000 1.232914
1992.083333 1.238913
1992.166667 1.279218
1992.250000 0.737236
1992.333333 0.011340
1992.416667 0.051773
1992.500000 -0.335273
1992.583333 -0.602053
1992.666667 -0.109064
1992.750000 -0.410026
1992.833333 -0.108189
1992.916667 0.559096
1993.000000 1.102547
1993.083333 0.942951
1993.166667 0.971537
1993.250000 0.148892
1993.333333 -0.193986
1993.416667 -0.329232
1993.500000 -0.882800
1993.583333 -1.507481
1993.666667 -0.620766
1993.750000 -0.173327
1993.833333 0.178978
1993.916667 0.726162
1994.000000 0.914393
1994.083333 0.958624
1994.166667 0.403578
1994.250000 0.301983
1994.333333 -0.059729
1994.416667 0.286539
1994.500000 1.202363
1994.583333 1.145413
1994.666667 0.908611
1994.750000 0.366490
1994.833333 0.558429
1994.916667 1.259993
1995.000000 1.312429
1995.083333 0.956336
1995.166667 0.922863
1995.250000 0.148851
1995.333333 -0.204775
1995.416667 -0.023184
1995.500000 0.239519
1995.583333 0.427684
1995.666667 -0.004806
1995.750000 0.251477
1995.833333 0.117319
1995.916667 0.107402
1996.000000 0.374417
1996.083333 0.202893
1996.166667 0.206449
1996.250000 -0.617010
1996.333333 -0.984348
1996.416667 -0.001598
1996.500000 -0.807618
1996.583333 -0.305825
1996.666667 -0.096458
1996.750000 0.052591
1996.833333 0.336719
1996.916667 0.542259
1997.000000 1.145566
1997.083333 0.972327
1997.166667 1.198823
1997.250000 0.667631
1997.333333 0.233564
1997.416667 0.063345
1997.500000 0.192626
1997.583333 -0.359147
1997.666667 -0.472288
1997.750000 -0.560470
1997.833333 -0.103389
1997.916667 0.742587
1998.000000 1.113130
1998.083333 0.992176
1998.166667 1.089981
1998.250000 1.570808
1998.333333 1.545179
1998.416667 0.964806
1998.500000 0.840876
1998.583333 0.243571
1998.666667 0.581060
1998.750000 0.946199
1998.833333 1.005227
1998.916667 1.272793
1999.000000 1.415825
1999.083333 1.252978
1999.166667 1.079834
1999.250000 0.520674
1999.333333 0.317190
1999.416667 1.003587
1999.500000 0.641738
1999.583333 0.334587
1999.666667 0.988867
1999.750000 0.830052
1999.833333 0.723930
1999.916667 0.916279
2000.000000 1.396295
2000.083333 0.809913
2000.166667 0.545375
2000.250000 0.146801
2000.333333 0.277127
2000.416667 0.956580
2000.500000 1.022946
2000.583333 0.663959
2000.666667 0.425626
2000.750000 0.913660
2000.833333 0.547757
2000.916667 0.778318
2001.000000 0.713337
2001.083333 0.864415
2001.166667 0.642442
2001.250000 0.422573
2001.333333 0.261786
2001.416667 0.773138
2001.500000 1.128428
2001.583333 0.726774
2001.666667 0.364802
2001.750000 0.425998
2001.833333 0.304605
2001.916667 0.426892
2002.000000 0.822296
2002.083333 1.080590
2002.166667 1.228158
2002.250000 1.016374
2002.333333 0.794691
2002.416667 1.067266
2002.500000 0.351185
2002.583333 -0.445780
2002.666667 -0.057218
2002.750000 0.426899
2002.833333 -0.372939
2002.916667 0.251312
2003.000000 0.451271
2003.083333 0.539033
2003.166667 0.386495
2003.250000 0.146425
2003.333333 0.440045
2003.416667 0.542635
2003.500000 -0.284177
2003.583333 -0.646835
2003.666667 -0.126210
2003.750000 -0.048789
2003.833333 0.232105
2003.916667 0.441229
2004.000000 0.575502
2004.083333 0.625515
2004.166667 0.397136
2004.250000 0.426635
2004.333333 0.296432
2004.416667 0.747285
2004.500000 0.355747
2004.583333 0.003530
2004.666667 -0.254180
2004.750000 0.124871
2004.833333 0.356207
2004.916667 0.979230
2005.000000 0.844790
2005.083333 0.342801
2005.166667 -0.022948
2005.250000 -0.066122
2005.333333 -0.392891
2005.416667 0.590154
2005.500000 0.232742
2005.583333 0.078769
2005.666667 0.278253
2005.750000 0.753965
2005.833333 0.544647
2005.916667 -0.279607
2006.000000 -0.157319
2006.083333 0.112594
2006.166667 0.274528
2006.250000 -0.280208
2006.333333 -0.421213
2006.416667 0.088614
2006.500000 0.081296
2006.583333 0.686955
2006.666667 0.263819
2006.750000 0.613430
2006.833333 0.421396
2006.916667 0.661029
2007.000000 0.663185
2007.083333 0.825911
2007.166667 0.509456
2007.250000 0.206479
2007.333333 0.084124
2007.416667 0.668691
2007.500000 -0.017217
2007.583333 0.175274
2007.666667 0.654993
2007.750000 0.802027
2007.833333 0.101513
2007.916667 0.591225
2008.000000 0.894363
2008.083333 0.386797
2008.166667 0.315334
2008.250000 0.709628
2008.333333 0.203940
2008.416667 0.428055
2008.500000 0.429712
2008.583333 0.185659
2008.666667 0.429645
2008.750000 0.665105
2008.833333 0.620610
2008.916667 0.536427
2009.000000 0.697332
2009.083333 1.408258
2009.166667 1.117154
2009.250000 0.664030
2009.333333 0.450288
2009.416667 0.307395
2009.500000 -0.188731
2009.583333 -0.470245
2009.666667 -0.336718
2009.750000 0.430597
2009.833333 0.381048
2009.916667 0.493987
2010.000000 0.230510
2010.083333 0.658453
2010.166667 0.496326
2010.250000 -0.318176
2010.333333 -0.685264
2010.416667 0.211872
2010.500000 0.716288
2010.583333 0.751228
2010.666667 1.141373
2010.750000 0.778821
2010.833333 0.300135
2010.916667 0.618537
2011.000000 0.091488
2011.083333 0.218416
2011.166667 -0.013422
2011.250000 -0.319624
2011.333333 -0.916339
2011.416667 -0.032331
2011.500000 0.168300
2011.583333 -0.184270
2011.666667 0.261066
2011.750000 -0.018476
2011.833333 0.801492
2011.916667 0.874147
2012.000000 0.495034
2012.083333 0.296599
2012.166667 0.306562
2012.250000 -0.044662
2012.333333 0.577923
2012.416667 0.884090
2012.500000 0.461619
2012.583333 0.469288
2012.666667 0.734007
2012.750000 0.922406
2012.833333 0.408479
2012.916667 0.062742
2013.000000 -0.161373
2013.083333 0.201127
2013.166667 0.262727
2013.250000 -0.395266
2013.333333 -0.271566
2013.416667 1.047881
2013.500000 1.085032
2013.583333 0.996895
2013.666667 0.345802
2013.750000 0.521087
2013.833333 0.496545
2013.916667 0.310878
2014.000000 0.421742
2014.083333 0.431117
2014.166667 0.439499
2014.250000 0.303520
2014.333333 -0.301013
2014.416667 0.353230
2014.500000 0.501808
2014.583333 -0.296046
2014.666667 0.229398
2014.750000 -0.012443
2014.833333 0.034013
2014.916667 0.061594
2015.000000 -0.050035
2015.083333 0.077511
2015.166667 0.459841
2015.250000 0.198895
2015.333333 0.378191
2015.416667 0.666198
2015.500000 -0.355594
2015.583333 -0.023613
2015.666667 -0.379861
2015.750000 -0.151503
2015.833333 0.440474
2015.916667 0.695268
2016.000000 0.915906
2016.083333 0.632071
2016.166667 0.638325
2016.250000 0.644413
2016.333333 0.575252
2016.416667 0.981718
2016.500000 0.599919
2016.583333 1.054278
2016.666667 0.572149
2016.750000 0.941554
2016.833333 0.449911
2016.916667 0.706859
2017.000000 1.085002
2017.083333 0.917997
2017.166667 0.747422
2017.250000 0.354613
2017.333333 0.346221
2017.416667 0.515092
2017.500000 0.752996
2017.583333 0.408029
2017.666667 0.257357
2017.750000 0.337950
2017.833333 0.067946
2017.916667 -0.007664
2018.000000 0.491210
2018.083333 0.169028
2018.166667 0.348467
2018.250000 0.555452
2018.333333 0.676847
2018.416667 0.846226
2018.500000 0.630999
2018.583333 0.605661
2018.666667 0.469238
2018.750000 0.468178
2018.833333 0.631269
2018.916667 0.791116
2019.000000 0.572825
2019.083333 1.200543
2019.166667 1.381883
2019.250000 0.845251
2019.333333 0.522710
2019.416667 0.684240
2019.500000 0.145714
2019.583333 0.126660
2019.666667 0.391418
2019.750000 0.685497
2019.833333 0.742046
2019.916667 0.599512
2020.000000 1.224859
2020.083333 1.363775
2020.166667 1.437414
2020.250000 0.861836
2020.333333 0.432817
2020.416667 0.970096
2020.500000 0.312252
2020.583333 -0.104875
2020.666667 0.789259
2020.750000 0.899053
2020.833333 0.971852
2020.916667 1.075381
2021.000000 0.495683
2021.083333 0.769634
2021.166667 1.104968
2021.250000 0.670570
2021.333333 0.630724
2021.416667 1.234078
2021.500000 1.743906
2021.583333 0.826644
2021.666667 1.014945
2021.750000 1.462000
2021.833333 1.238571
2021.916667 1.085983
2022.000000 0.620217
2022.083333 0.397107
2022.166667 0.434448
2022.250000 0.750134
2022.333333 0.735619
2022.416667 1.248723
2022.500000 2.213570
2022.583333 1.332595
2022.666667 0.420712
2022.750000 0.674459
2022.833333 0.798311
2022.916667 0.893832
2023.000000 0.624335
