1948.000000 -0.081
1948.083333 -0.103
1948.166667 0.086
1948.250000 -0.093
1948.333333 -0.025
1948.416667 0.071
1948.500000 0.010
1948.583333 -0.155
1948.666667 -0.086
1948.750000 -0.111
1948.833333 -0.050
1948.916667 -0.288
1949.000000 -0.235
1949.083333 -0.133
1949.166667 -0.339
1949.250000 -0.248
1949.333333 -0.324
1949.416667 -0.192
1949.500000 -0.103
1949.583333 -0.001
1949.666667 0.031
1949.750000 0.130
1949.833333 0.061
1949.916667 0.030
1950.000000 0.068
1950.083333 -0.053
1950.166667 -0.132
1950.250000 -0.039
1950.333333 -0.079
1950.416667 -0.058
1950.500000 0.083
1950.583333 -0.067
1950.666667 0.049
1950.750000 -0.103
1950.833333 0.027
1950.916667 0.104
1951.000000 0.010
1951.083333 -0.115
1951.166667 0.009
1951.250000 0.222
1951.333333 0.169
1951.416667 0.193
1951.500000 0.283
1951.583333 0.229
1951.666667 0.209
1951.750000 0.089
1951.833333 -0.070
1951.916667 -0.007
1952.000000 -0.152
1952.083333 -0.002
1952.166667 0.115
1952.250000 -0.004
1952.333333 0.031
1952.416667 0.255
1952.500000 0.139
1952.583333 0.162
1952.666667 0.259
1952.750000 0.246
1952.833333 0.162
1952.916667 0.432
1953.000000 0.377
1953.083333 0.252
1953.166667 0.046
1953.250000 0.206
1953.333333 0.119
1953.416667 0.230
1953.500000 0.310
1953.583333 0.369
1953.666667 0.287
1953.750000 0.221
1953.833333 0.147
1953.916667 0.107
1954.000000 0.080
1954.083333 -0.045
1954.166667 -0.083
1954.250000 -0.168
1954.333333 0.035
1954.416667 0.007
1954.500000 -0.221
1954.583333 -0.199
1954.666667 -0.106
1954.750000 -0.150
1954.833333 -0.144
1954.916667 -0.257
1955.000000 -0.075
1955.083333 -0.033
1955.166667 0.028
1955.250000 0.014
1955.333333 0.003
1955.416667 0.054
1955.500000 0.142
1955.583333 0.128
1955.666667 0.263
1955.750000 0.389
1955.833333 0.484
1955.916667 0.303
1956.000000 0.346
1956.083333 0.209
1956.166667 0.046
1956.250000 0.061
1956.333333 -0.151
1956.416667 -0.148
1956.500000 -0.018
1956.583333 0.034
1956.666667 -0.052
1956.750000 0.039
1956.833333 0.109
1956.916667 0.232
1957.000000 -0.249
1957.083333 -0.443
1957.166667 -0.163
1957.250000 -0.207
1957.333333 -0.129
1957.416667 0.044
1957.500000 -0.038
1957.583333 0.208
1957.666667 0.246
1957.750000 0.264
1957.833333 0.208
1957.916667 0.266
1958.000000 0.316
1958.083333 0.727
1958.166667 0.820
1958.250000 0.706
1958.333333 0.559
1958.416667 0.568
1958.500000 0.430
1958.583333 0.291
1958.666667 0.233
1958.750000 0.051
1958.833333 0.020
1958.916667 0.149
1959.000000 0.196
1959.083333 0.120
1959.166667 -0.027
1959.250000 -0.055
1959.333333 -0.131
1959.416667 -0.073
1959.500000 -0.148
1959.583333 -0.131
1959.666667 -0.076
1959.750000 -0.152
1959.833333 -0.099
1959.916667 -0.167
1960.000000 -0.052
1960.083333 0.118
1960.166667 0.056
1960.250000 0.014
1960.333333 0.204
1960.416667 0.177
1960.500000 0.251
1960.583333 0.111
1960.666667 -0.027
1960.750000 0.139
1960.833333 0.027
1960.916667 0.041
1961.000000 -0.017
1961.083333 -0.148
1961.166667 -0.056
1961.250000 0.006
1961.333333 0.085
1961.416667 -0.035
1961.500000 -0.094
1961.583333 -0.019
1961.666667 -0.111
1961.750000 -0.074
1961.833333 -0.059
1961.916667 0.148
1962.000000 0.170
1962.083333 0.092
1962.166667 0.297
1962.250000 0.267
1962.333333 0.300
1962.416667 0.213
1962.500000 0.212
1962.583333 0.080
1962.666667 0.049
1962.750000 0.071
1962.833333 0.330
1962.916667 0.482
1963.000000 0.436
1963.083333 0.476
1963.166667 0.352
1963.250000 0.354
1963.333333 0.105
1963.416667 0.036
1963.500000 0.151
1963.583333 0.140
1963.666667 0.054
1963.750000 0.111
1963.833333 0.185
1963.916667 0.082
1964.000000 0.142
1964.083333 0.253
1964.166667 0.339
1964.250000 0.004
1964.333333 0.056
1964.416667 0.138
1964.500000 -0.016
1964.583333 -0.199
1964.666667 -0.329
1964.750000 -0.375
1964.833333 -0.265
1964.916667 -0.253
1965.000000 -0.393
1965.083333 -0.368
1965.166667 -0.150
1965.250000 -0.175
1965.333333 -0.223
1965.416667 -0.212
1965.500000 -0.251
1965.583333 -0.304
1965.666667 -0.113
1965.750000 -0.196
1965.833333 -0.181
1965.916667 -0.106
1966.000000 -0.142
1966.083333 0.211
1966.166667 0.287
1966.250000 0.345
1966.333333 0.293
1966.416667 0.370
1966.500000 0.301
1966.583333 0.131
1966.666667 0.163
1966.750000 0.031
1966.833333 0.246
1966.916667 0.300
1967.000000 0.232
1967.083333 0.001
1967.166667 -0.047
1967.250000 0.091
1967.333333 -0.060
1967.416667 -0.283
1967.500000 -0.308
1967.583333 -0.334
1967.666667 -0.128
1967.750000 -0.236
1967.833333 -0.461
1967.916667 -0.358
1968.000000 -0.412
1968.083333 -0.239
1968.166667 -0.098
1968.250000 -0.045
1968.333333 -0.106
1968.416667 -0.289
1968.500000 -0.140
1968.583333 -0.198
1968.666667 -0.128
1968.750000 0.003
1968.833333 -0.014
1968.916667 0.064
1969.000000 0.180
1969.083333 0.599
1969.166667 0.987
1969.250000 0.720
1969.333333 0.625
1969.416667 0.440
1969.500000 0.311
1969.583333 0.161
1969.666667 0.186
1969.750000 0.053
1969.833333 0.197
1969.916667 0.330
1970.000000 0.427
1970.083333 0.551
1970.166667 0.747
1970.250000 0.427
1970.333333 0.397
1970.416667 0.115
1970.500000 0.038
1970.583333 0.064
1970.666667 0.128
1970.750000 -0.045
1970.833333 0.047
1970.916667 -0.000
1971.000000 0.014
1971.083333 -0.159
1971.166667 -0.252
1971.250000 -0.393
1971.333333 -0.488
1971.416667 -0.430
1971.500000 -0.395
1971.583333 -0.364
1971.666667 -0.212
1971.750000 -0.224
1971.833333 -0.315
1971.916667 -0.441
1972.000000 -0.436
1972.083333 -0.477
1972.166667 -0.521
1972.250000 -0.409
1972.333333 -0.406
1972.416667 -0.305
1972.500000 -0.167
1972.583333 -0.205
1972.666667 -0.125
1972.750000 0.038
1972.833333 -0.065
1972.916667 -0.298
1973.000000 -0.241
1973.083333 -0.287
1973.166667 -0.337
1973.250000 -0.122
1973.333333 0.157
1973.416667 0.180
1973.500000 0.132
1973.583333 0.228
1973.666667 0.180
1973.750000 0.052
1973.833333 -0.064
1973.916667 -0.023
1974.000000 -0.200
1974.083333 -0.396
1974.166667 -0.584
1974.250000 -0.780
1974.333333 -0.704
1974.416667 -0.626
1974.500000 -0.244
1974.583333 -0.271
1974.666667 -0.393
1974.750000 -0.365
1974.833333 -0.357
1974.916667 -0.398
1975.000000 -0.256
1975.083333 -0.402
1975.166667 -0.500
1975.250000 -0.520
1975.333333 -0.520
1975.416667 -0.339
1975.500000 -0.292
1975.583333 -0.199
1975.666667 -0.411
1975.750000 -0.192
1975.833333 -0.253
1975.916667 -0.124
1976.000000 -0.207
1976.083333 -0.309
1976.166667 -0.567
1976.250000 -0.560
1976.333333 -0.763
1976.416667 -0.570
1976.500000 -0.529
1976.583333 -0.307
1976.666667 -0.123
1976.750000 -0.044
1976.833333 -0.165
1976.916667 -0.346
1977.000000 -0.377
1977.083333 -0.420
1977.166667 -0.400
1977.250000 -0.211
1977.333333 -0.115
1977.416667 -0.006
1977.500000 -0.176
1977.583333 -0.016
1977.666667 -0.016
1977.750000 -0.147
1977.833333 -0.115
1977.916667 -0.068
1978.000000 0.042
1978.083333 0.027
1978.166667 0.006
1978.250000 0.072
1978.333333 -0.067
1978.416667 -0.265
1978.500000 -0.256
1978.583333 -0.155
1978.666667 -0.233
1978.750000 0.025
1978.833333 -0.068
1978.916667 -0.291
1979.000000 0.001
1979.083333 0.153
1979.166667 0.067
1979.250000 0.179
1979.333333 0.297
1979.416667 0.332
1979.500000 0.390
1979.583333 0.214
1979.666667 0.316
1979.750000 0.244
1979.833333 0.194
1979.916667 0.265
1980.000000 0.293
1980.083333 0.159
1980.166667 -0.053
1980.250000 0.208
1980.333333 0.348
1980.416667 0.288
1980.500000 0.150
1980.583333 0.303
1980.666667 0.192
1980.750000 0.071
1980.833333 -0.107
1980.916667 -0.201
1981.000000 0.002
1981.083333 -0.041
1981.166667 0.340
1981.250000 0.037
1981.333333 0.119
1981.416667 -0.048
1981.500000 0.054
1981.583333 0.085
1981.666667 0.116
1981.750000 0.102
1981.833333 0.185
1981.916667 0.250
1982.000000 0.073
1982.083333 -0.127
1982.166667 -0.128
1982.250000 -0.154
1982.333333 0.022
1982.416667 0.025
1982.500000 -0.077
1982.583333 -0.130
1982.666667 -0.096
1982.750000 -0.255
1982.833333 -0.368
1982.916667 -0.421
1983.000000 -0.408
1983.083333 -0.106
1983.166667 0.385
1983.250000 0.520
1983.333333 0.297
1983.416667 0.340
1983.500000 0.248
1983.583333 0.181
1983.666667 0.048
1983.750000 -0.155
1983.833333 0.000
1983.916667 0.179
1984.000000 0.006
1984.083333 -0.072
1984.166667 -0.062
1984.250000 -0.104
1984.333333 -0.132
1984.416667 -0.078
1984.500000 -0.024
1984.583333 0.099
1984.666667 0.072
1984.750000 -0.093
1984.833333 -0.297
1984.916667 -0.199
1985.000000 -0.284
1985.083333 -0.264
1985.166667 -0.512
1985.250000 -0.476
1985.333333 -0.451
1985.416667 -0.175
1985.500000 0.063
1985.583333 0.073
1985.666667 0.036
1985.750000 -0.012
1985.833333 0.041
1985.916667 -0.127
1986.000000 -0.434
1986.083333 -0.419
1986.166667 -0.475
1986.250000 -0.458
1986.333333 -0.277
1986.416667 -0.239
1986.500000 -0.215
1986.583333 -0.093
1986.666667 0.073
1986.750000 -0.097
1986.833333 -0.286
1986.916667 -0.501
1987.000000 -0.366
1987.083333 -0.272
1987.166667 0.151
1987.250000 0.292
1987.333333 0.407
1987.416667 0.763
1987.500000 0.570
1987.583333 0.655
1987.666667 0.481
1987.750000 0.532
1987.833333 0.451
1987.916667 0.539
1988.000000 0.259
1988.083333 0.056
1988.166667 0.357
1988.250000 0.464
1988.333333 0.405
1988.416667 0.525
1988.500000 0.553
1988.583333 0.427
1988.666667 0.253
1988.750000 0.037
1988.833333 -0.034
1988.916667 0.008
1989.000000 -0.250
1989.083333 -0.324
1989.166667 -0.431
1989.250000 -0.466
1989.333333 -0.292
1989.416667 0.001
1989.500000 0.315
1989.583333 0.446
1989.666667 0.160
1989.750000 0.223
1989.833333 0.148
1989.916667 0.195
1990.000000 -0.259
1990.083333 -0.240
1990.166667 -0.129
1990.250000 0.111
1990.333333 0.147
1990.416667 0.081
1990.500000 0.213
1990.583333 0.281
1990.666667 0.406
1990.750000 0.385
1990.833333 0.295
1990.916667 0.263
1991.000000 -0.085
1991.083333 -0.223
1991.166667 -0.219
1991.250000 -0.173
1991.333333 -0.198
1991.416667 -0.112
1991.500000 -0.145
1991.583333 -0.229
1991.666667 -0.088
1991.750000 -0.247
1991.833333 -0.147
1991.916667 -0.061
1992.000000 -0.144
1992.083333 -0.126
1992.166667 -0.249
1992.250000 -0.208
1992.333333 -0.052
1992.416667 -0.077
1992.500000 -0.128
1992.583333 -0.160
1992.666667 -0.108
1992.750000 -0.087
1992.833333 -0.197
1992.916667 -0.140
1993.000000 -0.277
1993.083333 -0.248
1993.166667 -0.264
1993.250000 -0.161
1993.333333 0.052
1993.416667 0.113
1993.500000 -0.008
1993.583333 0.007
1993.666667 0.046
1993.750000 0.061
1993.833333 -0.081
1993.916667 -0.166
1994.000000 -0.298
1994.083333 -0.414
1994.166667 -0.356
1994.250000 -0.208
1994.333333 -0.291
1994.416667 -0.216
1994.500000 -0.161
1994.583333 -0.059
1994.666667 -0.008
1994.750000 0.077
1994.833333 0.032
1994.916667 -0.112
1995.000000 -0.071
1995.083333 -0.016
1995.166667 0.054
1995.250000 0.218
1995.333333 0.468
1995.416667 0.606
1995.500000 0.491
1995.583333 0.408
1995.666667 0.298
1995.750000 0.298
1995.833333 0.429
1995.916667 0.461
1996.000000 0.460
1996.083333 0.337
1996.166667 0.230
1996.250000 0.417
1996.333333 0.368
1996.416667 0.194
1996.500000 0.194
1996.583333 0.331
1996.666667 0.236
1996.750000 0.097
1996.833333 0.007
1996.916667 0.106
1997.000000 0.102
1997.083333 -0.019
1997.166667 -0.108
1997.250000 0.063
1997.333333 0.161
1997.416667 0.200
1997.500000 0.129
1997.583333 -0.004
1997.666667 0.153
1997.750000 0.403
1997.833333 0.463
1997.916667 0.500
1998.000000 0.373
1998.083333 0.674
1998.166667 0.740
1998.250000 0.679
1998.333333 0.722
1998.416667 0.731
1998.500000 0.803
1998.583333 0.902
1998.666667 0.810
1998.750000 0.716
1998.833333 0.502
1998.916667 0.314
1999.000000 -0.135
1999.083333 -0.244
1999.166667 -0.165
1999.250000 -0.167
1999.333333 0.006
1999.416667 0.198
1999.500000 0.215
1999.583333 0.342
1999.666667 0.302
1999.750000 0.244
1999.833333 0.281
1999.916667 0.376
2000.000000 0.002
2000.083333 -0.089
2000.166667 -0.020
2000.250000 -0.015
2000.333333 0.036
2000.416667 -0.011
2000.500000 0.104
2000.583333 0.284
2000.666667 0.225
2000.750000 0.132
2000.833333 -0.003
2000.916667 -0.156
2001.000000 -0.223
2001.083333 -0.203
2001.166667 0.002
2001.250000 -0.012
2001.333333 0.039
2001.416667 0.174
2001.500000 0.245
2001.583333 0.276
2001.666667 0.500
2001.750000 0.475
2001.833333 0.459
2001.916667 0.513
2002.000000 0.478
2002.083333 0.256
2002.166667 0.228
2002.250000 -0.047
2002.333333 -0.093
2002.416667 0.015
2002.500000 0.197
2002.583333 0.256
2002.666667 0.247
2002.750000 0.316
2002.833333 0.081
2002.916667 0.167
2003.000000 0.187
2003.083333 -0.010
2003.166667 -0.004
2003.250000 0.205
2003.333333 0.193
2003.416667 0.302
2003.500000 0.368
2003.583333 0.564
2003.666667 0.633
2003.750000 0.613
2003.833333 0.411
2003.916667 0.513
2004.000000 0.548
2004.083333 0.407
2004.166667 0.301
2004.250000 0.297
2004.333333 0.172
2004.416667 0.177
2004.500000 0.278
2004.583333 0.495
2004.666667 0.645
2004.750000 0.607
2004.833333 0.564
2004.916667 0.559
2005.000000 0.468
2005.083333 0.492
2005.166667 0.777
2005.250000 0.700
2005.333333 0.780
2005.416667 0.690
2005.500000 0.651
2005.583333 0.650
2005.666667 0.691
2005.750000 0.518
2005.833333 0.394
2005.916667 0.644
2006.000000 0.352
2006.083333 0.204
2006.166667 0.186
2006.250000 0.386
2006.333333 0.420
2006.416667 0.540
2006.500000 0.438
2006.583333 0.544
2006.666667 0.610
2006.750000 0.581
2006.833333 0.595
2006.916667 0.427
2007.000000 0.296
2007.083333 0.370
2007.166667 0.225
2007.250000 0.335
2007.333333 0.210
2007.416667 0.279
2007.500000 0.218
2007.583333 0.195
2007.666667 0.213
2007.750000 0.297
2007.833333 0.294
2007.916667 0.215
2008.000000 0.043
2008.083333 0.086
2008.166667 0.242
2008.250000 0.117
2008.333333 0.154
2008.416667 0.213
2008.500000 0.301
2008.583333 0.367
2008.666667 0.519
2008.750000 0.479
2008.833333 0.334
2008.916667 0.420
2009.000000 0.167
2009.083333 -0.217
2009.166667 -0.121
2009.250000 -0.169
2009.333333 0.027
2009.416667 0.249
2009.500000 0.354
2009.583333 0.325
2009.666667 0.333
2009.750000 0.442
2009.833333 0.332
2009.916667 0.392
2010.000000 0.587
2010.083333 0.910
2010.166667 1.157
2010.250000 1.286
2010.333333 1.256
2010.416667 1.032
2010.500000 0.900
2010.583333 0.750
2010.666667 0.759
2010.750000 0.827
2010.833333 0.707
2010.916667 0.905
2011.000000 0.750
2011.083333 0.508
2011.166667 0.367
2011.250000 0.299
2011.333333 0.374
2011.416667 0.437
2011.500000 0.439
2011.583333 0.517
2011.666667 0.424
2011.750000 0.381
2011.833333 0.254
2011.916667 0.234
2012.000000 -0.016
2012.083333 -0.171
2012.166667 -0.241
2012.250000 -0.091
2012.333333 0.118
2012.416667 0.259
2012.500000 0.388
2012.583333 0.511
2012.666667 0.627
2012.750000 0.563
2012.833333 0.581
2012.916667 0.585
2013.000000 0.442
2013.083333 0.326
2013.166667 0.508
2013.250000 0.554
2013.333333 0.615
2013.416667 0.390
2013.500000 0.430
2013.583333 0.481
2013.666667 0.584
2013.750000 0.527
2013.833333 0.286
2013.916667 0.247
2014.000000 -0.026
2014.083333 -0.244
2014.166667 -0.287
2014.250000 -0.035
2014.333333 0.184
2014.416667 0.192
2014.500000 0.144
2014.583333 0.289
2014.666667 0.347
2014.750000 0.453
2014.833333 0.160
2014.916667 0.164
2015.000000 -0.034
2015.083333 0.053
2015.166667 -0.173
2015.250000 -0.113
2015.333333 0.193
2015.416667 0.134
2015.500000 0.234
2015.583333 0.388
2015.666667 0.544
2015.750000 0.722
2015.833333 0.447
2015.916667 0.403
2016.000000 0.451
2016.083333 0.324
2016.166667 0.363
2016.250000 0.368
2016.333333 0.498
2016.416667 0.531
2016.500000 0.574
2016.583333 0.689
2016.666667 0.583
2016.750000 0.511
2016.833333 0.595
2016.916667 0.534
2017.000000 0.355
2017.083333 0.078
2017.166667 0.094
2017.250000 0.350
2017.333333 0.572
2017.416667 0.548
2017.500000 0.572
2017.583333 0.684
2017.666667 0.665
2017.750000 0.656
2017.833333 0.618
2017.916667 0.574
2018.000000 0.196
2018.083333 -0.086
2018.166667 0.051
2018.250000 -0.059
2018.333333 -0.286
2018.416667 -0.245
2018.500000 -0.037
2018.583333 0.178
2018.666667 0.305
2018.750000 0.291
2018.833333 0.024
2018.916667 0.145
2019.000000 0.006
2019.083333 0.117
2019.166667 0.077
2019.250000 0.226
2019.333333 0.167
2019.416667 0.260
2019.500000 0.416
2019.583333 0.322
2019.666667 0.436
2019.750000 0.441
2019.833333 0.372
2019.916667 0.400
2020.000000 0.360
2020.083333 0.518
2020.166667 0.679
2020.250000 0.511
2020.333333 0.546
2020.416667 0.714
2020.500000 0.648
2020.583333 0.621
2020.666667 0.575
2020.750000 0.627
2020.833333 0.521
2020.916667 0.480
2021.000000 0.356
2021.083333 0.196
2021.166667 0.179
2021.250000 0.135
2021.333333 0.145
2021.416667 0.244
2021.500000 0.464
2021.583333 0.409
2021.666667 0.653
2021.750000 0.664
2021.833333 0.703
2021.916667 0.490
2022.000000 0.441
2022.083333 0.331
2022.166667 -0.031
2022.250000 0.186
2022.333333 0.265
2022.416667 0.298
2022.500000 0.196
2022.583333 0.487
2022.666667 0.771
2022.750000 0.613
2022.833333 0.394
2022.916667 0.444
2023.000000 0.290
