 1948   -0.081   -0.103    0.086   -0.093   -0.025    0.071    0.010   -0.155   -0.086   -0.111   -0.050   -0.288
 1949   -0.235   -0.133   -0.339   -0.248   -0.324   -0.192   -0.103   -0.001    0.031    0.130    0.061    0.030
 1950    0.068   -0.053   -0.132   -0.039   -0.079   -0.058    0.083   -0.067    0.049   -0.103    0.027    0.104
 1951    0.010   -0.115    0.009    0.222    0.169    0.193    0.283    0.229    0.209    0.089   -0.070   -0.007
 1952   -0.152   -0.002    0.115   -0.004    0.031    0.255    0.139    0.162    0.259    0.246    0.162    0.432
 1953    0.377    0.252    0.046    0.206    0.119    0.230    0.310    0.369    0.287    0.221    0.147    0.107
 1954    0.080   -0.045   -0.083   -0.168    0.035    0.007   -0.221   -0.199   -0.106   -0.150   -0.144   -0.257
 1955   -0.075   -0.033    0.028    0.014    0.003    0.054    0.142    0.128    0.263    0.389    0.484    0.303
 1956    0.346    0.209    0.046    0.061   -0.151   -0.148   -0.018    0.034   -0.052    0.039    0.109    0.232
 1957   -0.249   -0.443   -0.163   -0.207   -0.129    0.044   -0.038    0.208    0.246    0.264    0.208    0.266
 1958    0.316    0.727    0.820    0.706    0.559    0.568    0.430    0.291    0.233    0.051    0.020    0.149
 1959    0.196    0.120   -0.027   -0.055   -0.131   -0.073   -0.148   -0.131   -0.076   -0.152   -0.099   -0.167
 1960   -0.052    0.118    0.056    0.014    0.204    0.177    0.251    0.111   -0.027    0.139    0.027    0.041
 1961   -0.017   -0.148   -0.056    0.006    0.085   -0.035   -0.094   -0.019   -0.111   -0.074   -0.059    0.148
 1962    0.170    0.092    0.297    0.267    0.300    0.213    0.212    0.080    0.049    0.071    0.330    0.482
 1963    0.436    0.476    0.352    0.354    0.105    0.036    0.151    0.140    0.054    0.111    0.185    0.082
 1964    0.142    0.253    0.339    0.004    0.056    0.138   -0.016   -0.199   -0.329   -0.375   -0.265   -0.253
 1965   -0.393   -0.368   -0.150   -0.175   -0.223   -0.212   -0.251   -0.304   -0.113   -0.196   -0.181   -0.106
 1966   -0.142    0.211    0.287    0.345    0.293    0.370    0.301    0.131    0.163    0.031    0.246    0.300
 1967    0.232    0.001   -0.047    0.091   -0.060   -0.283   -0.308   -0.334   -0.128   -0.236   -0.461   -0.358
 1968   -0.412   -0.239   -0.098   -0.045   -0.106   -0.289   -0.140   -0.198   -0.128    0.003   -0.014    0.064
 1969    0.180    0.599    0.987    0.720    0.625    0.440    0.311    0.161    0.186    0.053    0.197    0.330
 1970    0.427    0.551    0.747    0.427    0.397    0.115    0.038    0.064    0.128   -0.045    0.047   -0.000
 1971    0.014   -0.159   -0.252   -0.393   -0.488   -0.430   -0.395   -0.364   -0.212   -0.224   -0.315   -0.441
 1972   -0.436   -0.477   -0.521   -0.409   -0.406   -0.305   -0.167   -0.205   -0.125    0.038   -0.065   -0.298
 1973   -0.241   -0.287   -0.337   -0.122    0.157    0.180    0.132    0.228    0.180    0.052   -0.064   -0.023
 1974   -0.200   -0.396   -0.584   -0.780   -0.704   -0.626   -0.244   -0.271   -0.393   -0.365   -0.357   -0.398
 1975   -0.256   -0.402   -0.500   -0.520   -0.520   -0.339   -0.292   -0.199   -0.411   -0.192   -0.253   -0.124
 1976   -0.207   -0.309   -0.567   -0.560   -0.763   -0.570   -0.529   -0.307   -0.123   -0.044   -0.165   -0.346
 1977   -0.377   -0.420   -0.400   -0.211   -0.115   -0.006   -0.176   -0.016   -0.016   -0.147   -0.115   -0.068
 1978    0.042    0.027    0.006    0.072   -0.067   -0.265   -0.256   -0.155   -0.233    0.025   -0.068   -0.291
 1979    0.001    0.153    0.067    0.179    0.297    0.332    0.390    0.214    0.316    0.244    0.194    0.265
 1980    0.293    0.159   -0.053    0.208    0.348    0.288    0.150    0.303    0.192    0.071   -0.107   -0.201
 1981    0.002   -0.041    0.340    0.037    0.119   -0.048    0.054    0.085    0.116    0.102    0.185    0.250
 1982    0.073   -0.127   -0.128   -0.154    0.022    0.025   -0.077   -0.130   -0.096   -0.255   -0.368   -0.421
 1983   -0.408   -0.106    0.385    0.520    0.297    0.340    0.248    0.181    0.048   -0.155    0.000    0.179
 1984    0.006   -0.072   -0.062   -0.104   -0.132   -0.078   -0.024    0.099    0.072   -0.093   -0.297   -0.199
 1985   -0.284   -0.264   -0.512   -0.476   -0.451   -0.175    0.063    0.073    0.036   -0.012    0.041   -0.127
 1986   -0.434   -0.419   -0.475   -0.458   -0.277   -0.239   -0.215   -0.093    0.073   -0.097   -0.286   -0.501
 1987   -0.366   -0.272    0.151    0.292    0.407    0.763    0.570    0.655    0.481    0.532    0.451    0.539
 1988    0.259    0.056    0.357    0.464    0.405    0.525    0.553    0.427    0.253    0.037   -0.034    0.008
 1989   -0.250   -0.324   -0.431   -0.466   -0.292    0.001    0.315    0.446    0.160    0.223    0.148    0.195
 1990   -0.259   -0.240   -0.129    0.111    0.147    0.081    0.213    0.281    0.406    0.385    0.295    0.263
 1991   -0.085   -0.223   -0.219   -0.173   -0.198   -0.112   -0.145   -0.229   -0.088   -0.247   -0.147   -0.061
 1992   -0.144   -0.126   -0.249   -0.208   -0.052   -0.077   -0.128   -0.160   -0.108   -0.087   -0.197   -0.140
 1993   -0.277   -0.248   -0.264   -0.161    0.052    0.113   -0.008    0.007    0.046    0.061   -0.081   -0.166
 1994   -0.298   -0.414   -0.356   -0.208   -0.291   -0.216   -0.161   -0.059   -0.008    0.077    0.032   -0.112
 1995   -0.071   -0.016    0.054    0.218    0.468    0.606    0.491    0.408    0.298    0.298    0.429    0.461
 1996    0.460    0.337    0.230    0.417    0.368    0.194    0.194    0.331    0.236    0.097    0.007    0.106
 1997    0.102   -0.019   -0.108    0.063    0.161    0.200    0.129   -0.004    0.153    0.403    0.463    0.500
 1998    0.373    0.674    0.740    0.679    0.722    0.731    0.803    0.902    0.810    0.716    0.502    0.314
 1999   -0.135   -0.244   -0.165   -0.167    0.006    0.198    0.215    0.342    0.302    0.244    0.281    0.376
 2000    0.002   -0.089   -0.020   -0.015    0.036   -0.011    0.104    0.284    0.225    0.132   -0.003   -0.156
 2001   -0.223   -0.203    0.002   -0.012    0.039    0.174    0.245    0.276    0.500    0.475    0.459    0.513
 2002    0.478    0.256    0.228   -0.047   -0.093    0.015    0.197    0.256    0.247    0.316    0.081    0.167
 2003    0.187   -0.010   -0.004    0.205    0.193    0.302    0.368    0.564    0.633    0.613    0.411    0.513
 2004    0.548    0.407    0.301    0.297    0.172    0.177    0.278    0.495    0.645    0.607    0.564    0.559
 2005    0.468    0.492    0.777    0.700    0.780    0.690    0.651    0.650    0.691    0.518    0.394    0.644
 2006    0.352    0.204    0.186    0.386    0.420    0.540    0.438    0.544    0.610    0.581    0.595    0.427
 2007    0.296    0.370    0.225    0.335    0.210    0.279    0.218    0.195    0.213    0.297    0.294    0.215
 2008    0.043    0.086    0.242    0.117    0.154    0.213    0.301    0.367    0.519    0.479    0.334    0.420
 2009    0.167   -0.217   -0.121   -0.169    0.027    0.249    0.354    0.325    0.333    0.442    0.332    0.392
 2010    0.587    0.910    1.157    1.286    1.256    1.032    0.900    0.750    0.759    0.827    0.707    0.905
 2011    0.750    0.508    0.367    0.299    0.374    0.437    0.439    0.517    0.424    0.381    0.254    0.234
 2012   -0.016   -0.171   -0.241   -0.091    0.118    0.259    0.388    0.511    0.627    0.563    0.581    0.585
 2013    0.442    0.326    0.508    0.554    0.615    0.390    0.430    0.481    0.584    0.527    0.286    0.247
 2014   -0.026   -0.244   -0.287   -0.035    0.184    0.192    0.144    0.289    0.347    0.453    0.160    0.164
 2015   -0.034    0.053   -0.173   -0.113    0.193    0.134    0.234    0.388    0.544    0.722    0.447    0.403
 2016    0.451    0.324    0.363    0.368    0.498    0.531    0.574    0.689    0.583    0.511    0.595    0.534
 2017    0.355    0.078    0.094    0.350    0.572    0.548    0.572    0.684    0.665    0.656    0.618    0.574
 2018    0.196   -0.086    0.051   -0.059   -0.286   -0.245   -0.037    0.178    0.305    0.291    0.024    0.145
 2019    0.006    0.117    0.077    0.226    0.167    0.260    0.416    0.322    0.436    0.441    0.372    0.400
 2020    0.360    0.518    0.679    0.511    0.546    0.714    0.648    0.621    0.575    0.627    0.521    0.480
 2021    0.356    0.196    0.179    0.135    0.145    0.244    0.464    0.409    0.653    0.664    0.703    0.490
 2022    0.441    0.331   -0.031    0.186    0.265    0.298    0.196    0.487    0.771    0.613    0.394    0.444
