1856.000000	-0.561121
1856.083333	-0.435062
1856.166667	-0.272554
1856.250000	-0.331076
1856.333333	-0.324859
1856.416667	-0.240186
1856.500000	0.047311
1856.583333	0.565200
1856.666667	0.069320
1856.750000	-0.247396
1856.833333	-0.276058
1856.916667	-0.072019
1857.000000	-0.192956
1857.083333	-0.222037
1857.166667	-0.017159
1857.250000	0.081979
1857.333333	-0.356840
1857.416667	0.209305
1857.500000	0.927478
1857.583333	0.878519
1857.666667	0.832688
1857.750000	0.021367
1857.833333	0.073581
1857.916667	0.086857
1858.000000	0.066690
1858.083333	-0.629957
1858.166667	-0.354608
1858.250000	-0.042511
1858.333333	0.098241
1858.416667	0.656969
1858.500000	0.115546
1858.583333	0.188000
1858.666667	0.170409
1858.750000	0.257151
1858.833333	0.067749
1858.916667	0.301705
1859.000000	-0.124135
1859.083333	-0.358382
1859.166667	0.179176
1859.250000	0.340160
1859.333333	0.353214
1859.416667	0.176881
1859.500000	0.839184
1859.583333	1.204659
1859.666667	0.583601
1859.750000	0.539613
1859.833333	0.545585
1859.916667	0.382049
1860.000000	0.430709
1860.083333	-0.434770
1860.166667	-0.120634
1860.250000	-0.670078
1860.333333	0.096679
1860.416667	-0.167782
1860.500000	-0.576215
1860.583333	-1.116312
1860.666667	-0.950651
1860.750000	-0.565495
1860.833333	-0.911725
1860.916667	-0.714767
1861.000000	-0.193096
1861.083333	-0.256209
1861.166667	-0.476348
1861.250000	-0.168813
1861.333333	0.039148
1861.416667	-0.153344
1861.500000	-0.413680
1861.583333	-0.042887
1861.666667	0.061788
1861.750000	0.213111
1861.833333	0.081190
1861.916667	0.245000
1862.000000	0.199744
1862.083333	0.408413
1862.166667	0.722702
1862.250000	0.668349
1862.333333	0.566180
1862.416667	0.162869
1862.500000	-0.672115
1862.583333	-0.251830
1862.666667	-0.189389
1862.750000	-0.301816
1862.833333	-0.404072
1862.916667	-0.230078
1863.000000	0.036707
1863.083333	-0.148341
1863.166667	-0.082792
1863.250000	-0.065100
1863.333333	0.053797
1863.416667	0.001837
1863.500000	0.076537
1863.583333	0.454760
1863.666667	-0.433759
1863.750000	-0.728975
1863.833333	-0.861968
1863.916667	-0.553804
1864.000000	-0.584716
1864.083333	-0.634027
1864.166667	-0.340807
1864.250000	-0.041560
1864.333333	0.644636
1864.416667	0.359414
1864.500000	0.420527
1864.583333	0.739968
1864.666667	0.036010
1864.750000	-0.366899
1864.833333	-0.387865
1864.916667	-0.433679
1865.000000	-0.385073
1865.083333	-0.561146
1865.166667	-0.779208
1865.250000	-0.010643
1865.333333	0.111925
1865.416667	0.821336
1865.500000	0.651831
1865.583333	0.208291
1865.666667	0.738166
1865.750000	0.766221
1865.833333	0.315212
1865.916667	-0.024846
1866.000000	-0.033197
1866.083333	0.019889
1866.166667	-0.324084
1866.250000	-0.135155
1866.333333	-0.077330
1866.416667	0.187475
1866.500000	0.049708
1866.583333	-0.102700
1866.666667	-0.455815
1866.750000	0.095386
1866.833333	0.110772
1866.916667	0.497527
1867.000000	0.135030
1867.083333	0.294106
1867.166667	0.476737
1867.250000	0.343500
1867.333333	0.324068
1867.416667	0.054552
1867.500000	0.381695
1867.583333	0.133590
1867.666667	-0.058735
1867.750000	-0.610779
1867.833333	-0.067147
1867.916667	-0.522875
1868.000000	0.043172
1868.083333	0.248180
1868.166667	0.330324
1868.250000	0.314862
1868.333333	0.611777
1868.416667	1.155422
1868.500000	1.856555
1868.583333	0.832190
1868.666667	0.378770
1868.750000	-0.473161
1868.833333	-0.468115
1868.916667	0.198441
1869.000000	0.406126
1869.083333	0.455290
1869.166667	-0.045198
1869.250000	0.092500
1869.333333	0.279936
1869.416667	-0.072190
1869.500000	0.343809
1869.583333	0.252725
1869.666667	-0.205501
1869.750000	-0.287661
1869.833333	-0.273442
1869.916667	-0.362943
1870.000000	-0.655666
1870.083333	-0.636874
1870.166667	-0.446010
1870.250000	-0.322367
1870.333333	-0.146240
1870.416667	0.073049
1870.500000	0.280284
1870.583333	0.787864
1870.666667	0.446590
1870.750000	0.383172
1870.833333	-0.439441
1870.916667	-0.550600
1871.000000	-0.726552
1871.083333	-0.604027
1871.166667	-0.480725
1871.250000	0.029332
1871.333333	-0.144275
1871.416667	-0.200901
1871.500000	-0.006915
1871.583333	0.198824
1871.666667	0.134373
1871.750000	-0.199383
1871.833333	-0.482657
1871.916667	-0.507331
1872.000000	-0.465265
1872.083333	-0.308820
1872.166667	-0.239031
1872.250000	-0.367236
1872.333333	-0.497265
1872.416667	0.124975
1872.500000	0.418350
1872.583333	0.134104
1872.666667	0.060664
1872.750000	-0.828148
1872.833333	-0.970992
1872.916667	-0.975938
1873.000000	-0.433616
1873.083333	-0.728299
1873.166667	-0.306177
1873.250000	-0.331619
1873.333333	-0.335363
1873.416667	-0.007888
1873.500000	0.013490
1873.583333	-0.110567
1873.666667	-0.144693
1873.750000	0.067873
1873.833333	-0.702195
1873.916667	0.098572
1874.000000	0.258890
1874.083333	0.339736
1874.166667	-0.148313
1874.250000	0.154888
1874.333333	0.422506
1874.416667	0.680809
1874.500000	0.472836
1874.583333	-0.059464
1874.666667	-0.133643
1874.750000	-0.072609
1874.833333	-0.151392
1874.916667	-0.557701
1875.000000	-0.180192
1875.083333	-0.220671
1875.166667	-0.134662
1875.250000	-0.409630
1875.333333	0.376438
1875.416667	0.295390
1875.500000	-0.059173
1875.583333	0.575861
1875.666667	0.917727
1875.750000	0.274756
1875.833333	-0.060570
1875.916667	-0.313136
1876.000000	-0.173896
1876.083333	0.024161
1876.166667	-0.540465
1876.250000	-0.673320
1876.333333	-0.747685
1876.416667	-0.809971
1876.500000	-0.193084
1876.583333	0.268684
1876.666667	-0.178506
1876.750000	-0.272004
1876.833333	-0.066379
1876.916667	0.264837
1877.000000	0.472900
1877.083333	0.250009
1877.166667	-0.361013
1877.250000	-0.744046
1877.333333	-0.723116
1877.416667	-0.111079
1877.500000	0.083182
1877.583333	-0.052455
1877.666667	-0.742933
1877.750000	-0.698664
1877.833333	-0.045336
1877.916667	-0.357105
1878.000000	-0.056693
1878.083333	0.135792
1878.166667	0.116136
1878.250000	0.364099
1878.333333	0.348050
1878.416667	0.373947
1878.500000	0.576593
1878.583333	0.930564
1878.666667	0.470126
1878.750000	-0.092373
1878.833333	-0.376156
1878.916667	-0.806088
1879.000000	-0.429416
1879.083333	-0.342914
1879.166667	-0.379316
1879.250000	-0.650006
1879.333333	-0.958111
1879.416667	-0.693369
1879.500000	-0.806971
1879.583333	-0.475121
1879.666667	-0.488267
1879.750000	-0.445139
1879.833333	-0.344102
1879.916667	-0.320306
1880.000000	-0.187035
1880.083333	0.283468
1880.166667	0.198435
1880.250000	0.048139
1880.333333	-0.369241
1880.416667	-0.335847
1880.500000	0.433478
1880.583333	0.344822
1880.666667	0.310061
1880.750000	-0.181695
1880.833333	-0.375766
1880.916667	-0.052113
1881.000000	-0.500853
1881.083333	-0.308563
1881.166667	-0.034293
1881.250000	-0.210642
1881.333333	0.298060
1881.416667	0.042172
1881.500000	0.010052
1881.583333	0.028555
1881.666667	-0.315342
1881.750000	-0.352556
1881.833333	0.057465
1881.916667	-0.019110
1882.000000	0.184700
1882.083333	0.501841
1882.166667	0.734435
1882.250000	0.345949
1882.333333	0.250364
1882.416667	0.254229
1882.500000	-0.173580
1882.583333	-0.344673
1882.666667	-1.252874
1882.750000	-0.656353
1882.833333	-0.548810
1882.916667	-0.373877
1883.000000	-0.116695
1883.083333	-0.210162
1883.166667	-0.355940
1883.250000	-0.289896
1883.333333	-0.433231
1883.416667	-0.174796
1883.500000	-0.516408
1883.583333	-0.626495
1883.666667	-0.809857
1883.750000	-0.855067
1883.833333	-0.271072
1883.916667	-0.166739
1884.000000	0.319227
1884.083333	0.337086
1884.166667	0.150892
1884.250000	-0.299715
1884.333333	-0.160449
1884.416667	0.024490
1884.500000	0.240539
1884.583333	0.403970
1884.666667	0.124954
1884.750000	-0.364872
1884.833333	-0.374748
1884.916667	-0.230423
1885.000000	-0.587855
1885.083333	-0.110272
1885.166667	-0.455416
1885.250000	-0.531872
1885.333333	-0.874871
1885.416667	-0.349974
1885.500000	-0.147935
1885.583333	0.111472
1885.666667	-0.512553
1885.750000	-1.300266
1885.833333	-1.038349
1885.916667	-0.450462
1886.000000	-0.540960
1886.083333	-0.798263
1886.166667	-0.509994
1886.250000	-0.298180
1886.333333	-0.199614
1886.416667	-0.353562
1886.500000	0.005442
1886.583333	-0.204868
1886.666667	0.362053
1886.750000	-0.250577
1886.833333	-0.367744
1886.916667	-0.572995
1887.000000	-0.310521
1887.083333	-0.288372
1887.166667	-0.309770
1887.250000	-0.579431
1887.333333	-0.680012
1887.416667	0.401684
1887.500000	1.079141
1887.583333	0.671704
1887.666667	-0.374774
1887.750000	-1.238654
1887.833333	-1.036446
1887.916667	-0.828677
1888.000000	-0.654830
1888.083333	-0.748361
1888.166667	-0.929233
1888.250000	-0.987797
1888.333333	-0.594202
1888.416667	-0.330144
1888.500000	-0.878286
1888.583333	-1.018148
1888.666667	-0.313583
1888.750000	-0.306908
1888.833333	0.151356
1888.916667	0.392531
1889.000000	0.104917
1889.083333	-0.359849
1889.166667	-0.723433
1889.250000	-0.804591
1889.333333	-0.278121
1889.416667	-0.148216
1889.500000	0.033369
1889.583333	-0.497537
1889.666667	-0.246557
1889.750000	-0.887110
1889.833333	-0.285616
1889.916667	-0.230275
1890.000000	0.152616
1890.083333	-0.051157
1890.166667	-0.419444
1890.250000	-0.484971
1890.333333	-0.353092
1890.416667	-0.258778
1890.500000	-0.919962
1890.583333	-0.242488
1890.666667	-0.363078
1890.750000	-0.007969
1890.833333	-0.412829
1890.916667	-0.954084
1891.000000	-1.196045
1891.083333	-0.547062
1891.166667	-0.843569
1891.250000	-0.551197
1891.333333	-0.561608
1891.416667	-0.216575
1891.500000	0.521893
1891.583333	-0.521455
1891.666667	-0.411646
1891.750000	-0.340398
1891.833333	-0.569668
1891.916667	-0.125467
1892.000000	-0.597971
1892.083333	-0.577300
1892.166667	-0.644503
1892.250000	-0.398793
1892.333333	-0.186952
1892.416667	0.315216
1892.500000	0.250464
1892.583333	0.091153
1892.666667	-0.440929
1892.750000	-0.860296
1892.833333	-0.331228
1892.916667	-0.429564
1893.000000	-0.574362
1893.083333	-0.090991
1893.166667	0.143577
1893.250000	0.603342
1893.333333	1.126378
1893.416667	1.189930
1893.500000	1.068122
1893.583333	0.926352
1893.666667	0.712701
1893.750000	-0.027676
1893.833333	-0.338960
1893.916667	-0.571759
1894.000000	-0.514461
1894.083333	-0.317033
1894.166667	-0.169758
1894.250000	0.107081
1894.333333	-0.199157
1894.416667	-0.475596
1894.500000	-0.016485
1894.583333	-0.392294
1894.666667	-0.442954
1894.750000	-0.174159
1894.833333	0.058787
1894.916667	0.084570
1895.000000	-0.763937
1895.083333	-1.005927
1895.166667	-1.193980
1895.250000	-0.719222
1895.333333	-0.158151
1895.416667	0.208673
1895.500000	0.123162
1895.583333	0.002365
1895.666667	1.137820
1895.750000	0.545857
1895.833333	0.210016
1895.916667	0.102491
1896.000000	0.101500
1896.083333	0.069748
1896.166667	0.284312
1896.250000	0.402517
1896.333333	0.590587
1896.416667	0.733753
1896.500000	0.655745
1896.583333	-0.081501
1896.666667	-0.376992
1896.750000	-1.275988
1896.833333	-1.309675
1896.916667	-0.952893
1897.000000	-1.051529
1897.083333	-0.610635
1897.166667	-0.175208
1897.250000	-0.088354
1897.333333	0.107817
1897.416667	0.286410
1897.500000	0.712888
1897.583333	0.448052
1897.666667	-0.729449
1897.750000	-0.429776
1897.833333	0.454783
1897.916667	0.220917
1898.000000	0.380939
1898.083333	0.262217
1898.166667	-0.195870
1898.250000	-0.016486
1898.333333	-0.282877
1898.416667	-0.236699
1898.500000	0.144386
1898.583333	0.506775
1898.666667	0.994947
1898.750000	0.564391
1898.833333	0.223319
1898.916667	0.178948
1899.000000	0.333445
1899.083333	0.263353
1899.166667	0.064927
1899.250000	0.283356
1899.333333	0.250116
1899.416667	0.346034
1899.500000	0.106416
1899.583333	1.127881
1899.666667	0.523660
1899.750000	0.296004
1899.833333	0.509059
1899.916667	0.318765
1900.000000	0.018833
1900.083333	-0.247930
1900.166667	-0.605827
1900.250000	-0.312005
1900.333333	-0.493601
1900.416667	-0.293490
1900.500000	-0.033423
1900.583333	-0.009828
1900.666667	0.417875
1900.750000	0.335043
1900.833333	-0.184323
1900.916667	-0.126968
1901.000000	-0.146000
1901.083333	-0.475978
1901.166667	-0.585326
1901.250000	-0.557816
1901.333333	-0.002304
1901.416667	0.339991
1901.500000	0.028651
1901.583333	-0.069197
1901.666667	-0.392268
1901.750000	-0.777632
1901.833333	-0.586829
1901.916667	-0.870408
1902.000000	-0.560958
1902.083333	-0.705934
1902.166667	-0.487583
1902.250000	-0.428386
1902.333333	-1.073045
1902.416667	-1.381301
1902.500000	-0.579009
1902.583333	-0.438642
1902.666667	-0.327314
1902.750000	-0.517775
1902.833333	-0.368111
1902.916667	-0.657035
1903.000000	-0.336229
1903.083333	0.154537
1903.166667	0.129822
1903.250000	-0.310999
1903.333333	-0.572340
1903.416667	-0.746951
1903.500000	-0.189234
1903.583333	-0.499940
1903.666667	-0.808419
1903.750000	-0.498362
1903.833333	-0.179062
1903.916667	-0.800450
1904.000000	-0.544517
1904.083333	-0.447175
1904.166667	-0.637177
1904.250000	-0.445788
1904.333333	-0.337660
1904.416667	-0.181608
1904.500000	0.452719
1904.583333	0.586976
1904.666667	-0.360994
1904.750000	-0.266841
1904.833333	-0.076997
1904.916667	0.006474
1905.000000	-0.120282
1905.083333	-0.057110
1905.166667	-0.088652
1905.250000	0.031769
1905.333333	-0.298878
1905.416667	-0.053267
1905.500000	0.640496
1905.583333	-0.254304
1905.666667	-0.941732
1905.750000	-1.549734
1905.833333	-1.388851
1905.916667	-0.704267
1906.000000	-0.119966
1906.083333	-0.553430
1906.166667	-0.408576
1906.250000	-0.521459
1906.333333	-0.744611
1906.416667	-0.032641
1906.500000	-0.028229
1906.583333	0.392640
1906.666667	0.220842
1906.750000	0.097589
1906.833333	-0.330692
1906.916667	-0.575142
1907.000000	-0.604802
1907.083333	-0.815273
1907.166667	-0.365016
1907.250000	-0.480061
1907.333333	-0.550081
1907.416667	-0.689489
1907.500000	-0.904427
1907.583333	-0.291325
1907.666667	0.115259
1907.750000	-0.277565
1907.833333	-0.283152
1907.916667	-0.102943
1908.000000	-0.187621
1908.083333	-0.383015
1908.166667	-0.604823
1908.250000	-0.783243
1908.333333	-0.326850
1908.416667	-0.121310
1908.500000	-0.030865
1908.583333	0.039914
1908.666667	-0.442649
1908.750000	0.374723
1908.833333	0.431611
1908.916667	0.276340
1909.000000	-0.091498
1909.083333	-0.294525
1909.166667	-0.598639
1909.250000	-0.298655
1909.333333	-0.264445
1909.416667	-0.794254
1909.500000	-0.845267
1909.583333	-0.263418
1909.666667	-0.526445
1909.750000	-0.043929
1909.833333	-0.789440
1909.916667	-0.552998
1910.000000	-0.187520
1910.083333	-0.355174
1910.166667	-0.157287
1910.250000	-0.290272
1910.333333	-0.654155
1910.416667	-0.123718
1910.500000	-0.472930
1910.583333	-0.338294
1910.666667	-0.398033
1910.750000	-0.041956
1910.833333	-0.564204
1910.916667	-0.328326
1911.000000	-0.455220
1911.083333	-0.307666
1911.166667	-0.349761
1911.250000	-0.673080
1911.333333	-0.144488
1911.416667	-0.012050
1911.500000	0.454274
1911.583333	1.332337
1911.666667	0.967552
1911.750000	-0.003584
1911.833333	-0.461515
1911.916667	-0.213758
1912.000000	-0.157582
1912.083333	-0.043628
1912.166667	0.243159
1912.250000	0.109815
1912.333333	0.366661
1912.416667	-0.300720
1912.500000	-0.378377
1912.583333	-1.078223
1912.666667	-1.289859
1912.750000	-1.130655
1912.833333	-0.858841
1912.916667	-0.334536
1913.000000	-0.248100
1913.083333	-0.192021
1913.166667	-0.057291
1913.250000	-0.402827
1913.333333	-0.482215
1913.416667	-0.546271
1913.500000	-0.432328
1913.583333	-0.015533
1913.666667	-0.279189
1913.750000	-0.354268
1913.833333	-0.114512
1913.916667	0.030268
1914.000000	-0.446961
1914.083333	-0.183317
1914.166667	-0.256120
1914.250000	0.229207
1914.333333	0.053077
1914.416667	-0.432991
1914.500000	-0.222644
1914.583333	-0.399456
1914.666667	0.096159
1914.750000	0.018312
1914.833333	-0.393114
1914.916667	-0.417198
1915.000000	-0.477932
1915.083333	-0.719318
1915.166667	-0.569354
1915.250000	-0.584656
1915.333333	0.218395
1915.416667	0.528933
1915.500000	0.023571
1915.583333	0.189913
1915.666667	0.202748
1915.750000	-0.150022
1915.833333	-0.881864
1915.916667	-0.574878
1916.000000	-0.110846
1916.083333	-0.157599
1916.166667	-0.487997
1916.250000	-0.392556
1916.333333	-0.217820
1916.416667	-0.575581
1916.500000	-0.397834
1916.583333	0.409680
1916.666667	-0.013063
1916.750000	0.058236
1916.833333	-0.669667
1916.916667	-0.776623
1917.000000	-0.836631
1917.083333	-1.213262
1917.166667	-1.508892
1917.250000	-1.367147
1917.333333	-0.506574
1917.416667	-0.197678
1917.500000	-0.209130
1917.583333	-0.275250
1917.666667	-0.578391
1917.750000	-0.846207
1917.833333	-1.030280
1917.916667	-1.149345
1918.000000	-1.016426
1918.083333	-0.668875
1918.166667	-0.544186
1918.250000	-0.502567
1918.333333	-0.403364
1918.416667	-0.233928
1918.500000	-0.052912
1918.583333	-0.195999
1918.666667	-0.491661
1918.750000	-0.486334
1918.833333	-0.435152
1918.916667	-0.099170
1919.000000	-0.373448
1919.083333	-0.256578
1919.166667	-0.526793
1919.250000	-0.490658
1919.333333	-0.205404
1919.416667	0.257503
1919.500000	-0.354955
1919.583333	0.611008
1919.666667	0.031067
1919.750000	-0.719331
1919.833333	-1.194859
1919.916667	-0.914681
1920.000000	-0.539160
1920.083333	-0.214141
1920.166667	-0.140619
1920.250000	0.020859
1920.333333	0.082698
1920.416667	0.164920
1920.500000	-0.314652
1920.583333	-0.334148
1920.666667	-0.193917
1920.750000	0.052157
1920.833333	-0.035457
1920.916667	-0.227628
1921.000000	0.501524
1921.083333	0.116974
1921.166667	0.201330
1921.250000	0.066074
1921.333333	0.015149
1921.416667	-0.009939
1921.500000	0.883637
1921.583333	0.057716
1921.666667	0.359339
1921.750000	1.255481
1921.833333	0.310865
1921.916667	0.386994
1922.000000	-0.058570
1922.083333	-0.036275
1922.166667	-0.201541
1922.250000	-0.427547
1922.333333	0.020570
1922.416667	0.019724
1922.500000	-0.868044
1922.583333	-0.684473
1922.666667	-1.175651
1922.750000	-0.756908
1922.833333	-0.735999
1922.916667	-0.468105
1923.000000	-0.360554
1923.083333	-0.038020
1923.166667	0.003089
1923.250000	-0.304648
1923.333333	-0.240604
1923.416667	-1.095319
1923.500000	-0.090470
1923.583333	0.021750
1923.666667	-0.845148
1923.750000	-0.591987
1923.833333	-1.064624
1923.916667	-1.105260
1924.000000	-0.669206
1924.083333	-0.840855
1924.166667	-0.582443
1924.250000	-0.666240
1924.333333	-0.065645
1924.416667	-0.144024
1924.500000	-0.393393
1924.583333	-0.744654
1924.666667	-0.836828
1924.750000	-0.645922
1924.833333	-0.280254
1924.916667	-0.093006
1925.000000	0.343208
1925.083333	0.122953
1925.166667	-0.430744
1925.250000	-0.454633
1925.333333	-0.372271
1925.416667	0.056374
1925.500000	-0.335073
1925.583333	-0.369998
1925.666667	-0.748911
1925.750000	-0.303218
1925.833333	-0.728708
1925.916667	-0.662060
1926.000000	-0.238583
1926.083333	0.199299
1926.166667	0.399598
1926.250000	0.273643
1926.333333	-0.239682
1926.416667	-0.458653
1926.500000	0.141022
1926.583333	0.591872
1926.666667	1.086940
1926.750000	0.758308
1926.833333	-0.161445
1926.916667	-0.292110
1927.000000	-0.125716
1927.083333	-0.008257
1927.166667	0.327065
1927.250000	0.270481
1927.333333	0.465740
1927.416667	0.039449
1927.500000	-0.104797
1927.583333	0.058212
1927.666667	-0.565046
1927.750000	-0.345893
1927.833333	-0.163160
1927.916667	-0.412260
1928.000000	-0.273226
1928.083333	0.013429
1928.166667	-0.001609
1928.250000	-0.132252
1928.333333	-0.545957
1928.416667	-0.219468
1928.500000	0.548420
1928.583333	0.545299
1928.666667	0.256821
1928.750000	-0.133301
1928.833333	-0.295739
1928.916667	-0.338974
1929.000000	-0.373120
1929.083333	-0.416745
1929.166667	-0.102295
1929.250000	-0.378198
1929.333333	-0.602240
1929.416667	-0.308988
1929.500000	-0.000619
1929.583333	-0.193863
1929.666667	0.718001
1929.750000	-0.003753
1929.833333	-0.315809
1929.916667	-0.081435
1930.000000	0.053011
1930.083333	-0.374740
1930.166667	-0.366307
1930.250000	-0.463435
1930.333333	-0.373886
1930.416667	0.008918
1930.500000	-0.056370
1930.583333	-0.406212
1930.666667	0.012583
1930.750000	-0.213755
1930.833333	-0.270985
1930.916667	-0.139488
1931.000000	-0.157626
1931.083333	-0.481145
1931.166667	-0.288871
1931.250000	-0.245441
1931.333333	-0.111064
1931.416667	0.114283
1931.500000	-0.264421
1931.583333	-0.502730
1931.666667	-0.871906
1931.750000	-0.167305
1931.833333	-0.040777
1931.916667	0.129254
1932.000000	0.403726
1932.083333	0.133570
1932.166667	-0.160239
1932.250000	-0.479970
1932.333333	-0.487579
1932.416667	-0.372486
1932.500000	-0.128801
1932.583333	0.452298
1932.666667	0.329530
1932.750000	-0.598895
1932.833333	-0.382231
1932.916667	-0.160554
1933.000000	-0.432175
1933.083333	-0.461686
1933.166667	-0.188004
1933.250000	0.441584
1933.333333	0.469741
1933.416667	0.177946
1933.500000	0.351431
1933.583333	0.575342
1933.666667	0.739674
1933.750000	0.653722
1933.833333	-0.477942
1933.916667	-0.844268
1934.000000	-0.484816
1934.083333	-0.530268
1934.166667	-0.517416
1934.250000	-0.566142
1934.333333	-0.254260
1934.416667	0.242702
1934.500000	0.656529
1934.583333	-0.057224
1934.666667	0.005589
1934.750000	-0.299435
1934.833333	-0.719792
1934.916667	0.202431
1935.000000	-0.003468
1935.083333	-0.046192
1935.166667	-0.195264
1935.250000	0.080738
1935.333333	-0.132505
1935.416667	-0.369931
1935.500000	0.261308
1935.583333	0.075361
1935.666667	0.113557
1935.750000	-0.513249
1935.833333	-0.534674
1935.916667	-0.574106
1936.000000	0.044747
1936.083333	-0.032237
1936.166667	-0.191851
1936.250000	-0.182743
1936.333333	-0.389070
1936.416667	-0.458137
1936.500000	-0.069614
1936.583333	-0.295516
1936.666667	0.364286
1936.750000	-0.364675
1936.833333	-0.401981
1936.916667	-0.335271
1937.000000	-0.052069
1937.083333	0.084929
1937.166667	-0.267579
1937.250000	0.062491
1937.333333	0.223821
1937.416667	0.651676
1937.500000	0.297864
1937.583333	0.918880
1937.666667	0.136253
1937.750000	-0.052679
1937.833333	0.035358
1937.916667	-0.332096
1938.000000	-0.160489
1938.083333	0.013942
1938.166667	0.431421
1938.250000	0.533167
1938.333333	0.134941
1938.416667	0.103552
1938.500000	-0.181600
1938.583333	0.139173
1938.666667	-0.159810
1938.750000	0.250467
1938.833333	1.028056
1938.916667	0.276658
1939.000000	0.172064
1939.083333	0.463046
1939.166667	0.159694
1939.250000	0.252526
1939.333333	0.051814
1939.416667	0.428430
1939.500000	0.139255
1939.583333	0.318530
1939.666667	0.350747
1939.750000	-0.235718
1939.833333	-0.451473
1939.916667	-0.869226
1940.000000	-0.731622
1940.083333	-0.890099
1940.166667	-0.950962
1940.250000	-0.375141
1940.333333	0.121334
1940.416667	0.261290
1940.500000	-0.105999
1940.583333	-0.195412
1940.666667	0.058131
1940.750000	-0.060648
1940.833333	-0.257247
1940.916667	-0.458344
1941.000000	-0.746826
1941.083333	-0.815871
1941.166667	-0.736186
1941.250000	-0.626567
1941.333333	-0.979365
1941.416667	-0.279546
1941.500000	0.254149
1941.583333	0.284322
1941.666667	0.340654
1941.750000	0.718553
1941.833333	0.480090
1941.916667	0.126707
1942.000000	-0.377125
1942.083333	-0.516224
1942.166667	-0.516326
1942.250000	0.126537
1942.333333	0.177788
1942.416667	0.148831
1942.500000	0.043591
1942.583333	-0.208306
1942.666667	0.088044
1942.750000	-0.217711
1942.833333	-0.270465
1942.916667	-0.087454
1943.000000	0.020055
1943.083333	-0.020940
1943.166667	-0.062568
1943.250000	0.489625
1943.333333	0.338809
1943.416667	0.367526
1943.500000	0.242262
1943.583333	0.057796
1943.666667	0.380363
1943.750000	0.155763
1943.833333	0.230952
1943.916667	0.028741
1944.000000	-0.174800
1944.083333	-0.065104
1944.166667	-0.137216
1944.250000	0.275782
1944.333333	0.337629
1944.416667	0.104920
1944.500000	-0.057528
1944.583333	0.942800
1944.666667	0.260578
1944.750000	-0.173610
1944.833333	-0.592579
1944.916667	-0.002976
1945.000000	-0.106294
1945.083333	-0.004908
1945.166667	0.208265
1945.250000	0.895227
1945.333333	0.977448
1945.416667	0.643362
1945.500000	0.653343
1945.583333	0.216830
1945.666667	0.181294
1945.750000	0.483106
1945.833333	0.961274
1945.916667	0.736429
1946.000000	0.502526
1946.083333	0.625311
1946.166667	0.311095
1946.250000	0.482334
1946.333333	0.171526
1946.416667	-0.222457
1946.500000	-0.053857
1946.583333	-0.282774
1946.666667	-0.462756
1946.750000	-0.019260
1946.833333	0.065080
1946.916667	-0.099486
1947.000000	-0.367130
1947.083333	-0.903067
1947.166667	-0.646701
1947.250000	-0.371631
1947.333333	-0.495742
1947.416667	-0.061637
1947.500000	-0.102753
1947.583333	0.938048
1947.666667	0.734073
1947.750000	0.703003
1947.833333	0.670078
1947.916667	0.166042
1948.000000	0.189094
1948.083333	0.116988
1948.166667	0.738811
1948.250000	0.457358
1948.333333	0.603716
1948.416667	0.107998
1948.500000	-0.402190
1948.583333	0.092400
1948.666667	-0.281339
1948.750000	0.335559
1948.833333	0.539389
1948.916667	0.912143
1949.000000	0.551852
1949.083333	0.707591
1949.166667	0.325261
1949.250000	0.567061
1949.333333	0.199203
1949.416667	0.235619
1949.500000	0.893685
1949.583333	1.096374
1949.666667	1.391605
1949.750000	1.363650
1949.833333	0.555101
1949.916667	0.277907
1950.000000	0.398840
1950.083333	0.354721
1950.166667	0.655763
1950.250000	0.502765
1950.333333	0.538054
1950.416667	0.731291
1950.500000	0.607435
1950.583333	0.373036
1950.666667	-0.262468
1950.750000	-0.375598
1950.833333	-0.173023
1950.916667	-0.389524
1951.000000	-0.356719
1951.083333	-0.434473
1951.166667	-0.501107
1951.250000	-0.308930
1951.333333	-0.657298
1951.416667	-0.161274
1951.500000	0.180566
1951.583333	-0.219061
1951.666667	-0.205208
1951.750000	-0.096258
1951.833333	-0.106975
1951.916667	0.310113
1952.000000	0.089370
1952.083333	0.029569
1952.166667	0.216173
1952.250000	0.181640
1952.333333	0.411491
1952.416667	0.663334
1952.500000	0.941460
1952.583333	0.615108
1952.666667	-0.286614
1952.750000	-0.512178
1952.833333	-0.321974
1952.916667	-0.323129
1953.000000	-0.403246
1953.083333	-0.167052
1953.166667	-0.081681
1953.250000	0.140891
1953.333333	0.437279
1953.416667	-0.082973
1953.500000	-0.110202
1953.583333	0.274705
1953.666667	0.271035
1953.750000	0.197295
1953.833333	0.675662
1953.916667	1.121925
1954.000000	0.635918
1954.083333	0.101906
1954.166667	0.002270
1954.250000	0.052439
1954.333333	0.059008
1954.416667	-0.068876
1954.500000	-0.798481
1954.583333	-0.932418
1954.666667	-0.534276
1954.750000	-0.020334
1954.833333	0.377354
1954.916667	0.366278
1955.000000	0.321588
1955.083333	0.049012
1955.166667	-0.242228
1955.250000	0.101871
1955.333333	0.291696
1955.416667	-0.058882
1955.500000	0.794814
1955.583333	1.183555
1955.666667	0.651098
1955.750000	0.201300
1955.833333	0.404254
1955.916667	0.695562
1956.000000	0.540386
1956.083333	-0.077135
1956.166667	-0.316821
1956.250000	-0.268365
1956.333333	-0.169105
1956.416667	-0.526604
1956.500000	-0.430687
1956.583333	-0.739971
1956.666667	-0.498893
1956.750000	-0.122660
1956.833333	-0.211663
1956.916667	0.086810
1957.000000	0.045720
1957.083333	0.338181
1957.166667	0.682769
1957.250000	0.545857
1957.333333	0.210947
1957.416667	0.499566
1957.500000	0.397041
1957.583333	0.092312
1957.666667	-0.180402
1957.750000	0.099074
1957.833333	0.091515
1957.916667	0.034628
1958.000000	-0.043456
1958.083333	0.077827
1958.166667	-0.085135
1958.250000	-0.263344
1958.333333	0.079948
1958.416667	-0.444753
1958.500000	-0.517852
1958.583333	-0.258325
1958.666667	0.420633
1958.750000	0.054911
1958.833333	0.460031
1958.916667	0.411814
1959.000000	0.322278
1959.083333	0.350300
1959.166667	0.450550
1959.250000	0.425725
1959.333333	0.587374
1959.416667	0.687226
1959.500000	0.903059
1959.583333	0.789196
1959.666667	1.248974
1959.750000	1.186502
1959.833333	0.269389
1959.916667	0.136488
1960.000000	0.008015
1960.083333	0.166745
1960.166667	0.276898
1960.250000	0.443166
1960.333333	0.685197
1960.416667	0.913461
1960.500000	-0.043891
1960.583333	-0.005259
1960.666667	-0.094471
1960.750000	-0.452336
1960.833333	-0.247592
1960.916667	-0.063708
1961.000000	-0.164083
1961.083333	0.392038
1961.166667	0.775635
1961.250000	1.095897
1961.333333	1.101906
1961.416667	0.521060
1961.500000	0.266240
1961.583333	-0.083883
1961.666667	0.552952
1961.750000	0.516308
1961.833333	-0.004295
1961.916667	0.207317
1962.000000	0.324888
1962.083333	0.135541
1962.166667	-0.167045
1962.250000	-0.221386
1962.333333	-0.325870
1962.416667	-0.403636
1962.500000	-0.343713
1962.583333	-0.213963
1962.666667	0.108138
1962.750000	0.263761
1962.833333	-0.226325
1962.916667	-0.362000
1963.000000	-0.773562
1963.083333	-1.076416
1963.166667	-0.825818
1963.250000	-0.601188
1963.333333	-0.703404
1963.416667	-0.303585
1963.500000	-0.221102
1963.583333	-0.649802
1963.666667	-1.063817
1963.750000	-0.414794
1963.833333	0.063377
1963.916667	-0.233325
1964.000000	0.080743
1964.083333	0.229318
1964.166667	-0.031924
1964.250000	-0.228365
1964.333333	0.698177
1964.416667	0.436827
1964.500000	0.436731
1964.583333	0.311150
1964.666667	0.492295
1964.750000	-0.005626
1964.833333	0.081108
1964.916667	0.044246
1965.000000	-0.170645
1965.083333	-0.452937
1965.166667	-0.434136
1965.250000	-0.231077
1965.333333	0.073854
1965.416667	-0.092248
1965.500000	-0.322224
1965.583333	-0.506458
1965.666667	-0.771683
1965.750000	-0.064912
1965.833333	-0.092767
1965.916667	-0.338310
1966.000000	-0.136864
1966.083333	0.258338
1966.166667	0.362581
1966.250000	0.443566
1966.333333	0.369597
1966.416667	0.503657
1966.500000	0.131364
1966.583333	-0.070203
1966.666667	0.277186
1966.750000	0.014327
1966.833333	-0.475502
1966.916667	-0.416512
1967.000000	0.038922
1967.083333	0.256959
1967.166667	0.525867
1967.250000	0.403431
1967.333333	0.003921
1967.416667	0.019822
1967.500000	0.457331
1967.583333	0.545226
1967.666667	-0.029460
1967.750000	0.179625
1967.833333	-0.122347
1967.916667	-0.206569
1968.000000	-0.316144
1968.083333	-0.067262
1968.166667	-0.145032
1968.250000	-0.031260
1968.333333	-0.216095
1968.416667	0.096663
1968.500000	0.135833
1968.583333	0.328052
1968.666667	0.020003
1968.750000	0.542988
1968.833333	0.633936
1968.916667	0.373649
1969.000000	0.258305
1969.083333	0.103834
1969.166667	0.081808
1969.250000	-0.077447
1969.333333	-0.120181
1969.416667	-0.267305
1969.500000	-0.019784
1969.583333	0.287629
1969.666667	-0.203275
1969.750000	0.494257
1969.833333	0.534409
1969.916667	-0.093279
1970.000000	-0.103307
1970.083333	-0.159687
1970.166667	-0.299934
1970.250000	-0.422325
1970.333333	-0.373405
1970.416667	0.376556
1970.500000	-0.175969
1970.583333	0.040726
1970.666667	0.118678
1970.750000	0.095404
1970.833333	0.064844
1970.916667	0.180617
1971.000000	0.056612
1971.083333	0.027128
1971.166667	-0.280944
1971.250000	-0.269838
1971.333333	-0.205965
1971.416667	-0.636475
1971.500000	0.101196
1971.583333	0.219064
1971.666667	0.457470
1971.750000	0.809538
1971.833333	0.269029
1971.916667	0.036304
1972.000000	-0.010253
1972.083333	-0.136456
1972.166667	-0.184816
1972.250000	-0.107708
1972.333333	-0.760834
1972.416667	-1.081350
1972.500000	-0.915606
1972.583333	-0.636083
1972.666667	-0.623727
1972.750000	-0.598426
1972.833333	-0.334380
1972.916667	-0.023243
1973.000000	-0.016283
1973.083333	-0.203914
1973.166667	-0.041686
1973.250000	-0.201065
1973.333333	-0.191717
1973.416667	0.153336
1973.500000	0.547535
1973.583333	0.290941
1973.666667	0.564210
1973.750000	-0.081338
1973.833333	0.089343
1973.916667	-0.200221
1974.000000	0.057275
1974.083333	0.094902
1974.166667	-0.082567
1974.250000	-0.018124
1974.333333	-0.180494
1974.416667	-0.238026
1974.500000	-0.234419
1974.583333	-0.227790
1974.666667	-0.882297
1974.750000	-1.378761
1974.833333	-0.981666
1974.916667	-0.292772
1975.000000	0.165597
1975.083333	0.243805
1975.166667	0.044483
1975.250000	-0.091329
1975.333333	-0.136134
1975.416667	-0.172015
1975.500000	0.285152
1975.583333	0.785841
1975.666667	0.051862
1975.750000	-0.205317
1975.833333	-0.042102
1975.916667	-0.128925
1976.000000	0.005955
1976.083333	-0.226192
1976.166667	-0.132594
1976.250000	-0.224784
1976.333333	-0.271060
1976.416667	0.515805
1976.500000	1.046709
1976.583333	1.022421
1976.666667	0.217213
1976.750000	-0.301788
1976.833333	-0.536762
1976.916667	-0.524975
1977.000000	-0.341333
1977.083333	-0.278820
1977.166667	0.218460
1977.250000	-0.245595
1977.333333	-0.186134
1977.416667	-0.529026
1977.500000	-0.507643
1977.583333	-0.684773
1977.666667	-0.580115
1977.750000	-0.129465
1977.833333	-0.111164
1977.916667	-0.066817
1978.000000	0.017153
1978.083333	-0.307672
1978.166667	-0.276527
1978.250000	-0.367039
1978.333333	-0.428883
1978.416667	-0.339552
1978.500000	-1.153609
1978.583333	-0.216410
1978.666667	0.139299
1978.750000	-0.072604
1978.833333	0.492152
1978.916667	0.334255
1979.000000	-0.179973
1979.083333	-0.377156
1979.166667	-0.371246
1979.250000	-0.480899
1979.333333	-0.672065
1979.416667	-0.114446
1979.500000	0.009179
1979.583333	-0.102992
1979.666667	-0.075541
1979.750000	-0.009256
1979.833333	-0.273588
1979.916667	0.099473
1980.000000	-0.040037
1980.083333	0.144582
1980.166667	0.024610
1980.250000	0.169456
1980.333333	0.163130
1980.416667	-0.153643
1980.500000	-0.832291
1980.583333	-0.252398
1980.666667	0.167595
1980.750000	-0.310328
1980.833333	-0.378111
1980.916667	-0.614034
1981.000000	-0.488715
1981.083333	-0.214344
1981.166667	0.223412
1981.250000	0.277954
1981.333333	-0.338670
1981.416667	-0.028758
1981.500000	-0.452652
1981.583333	0.143536
1981.666667	0.280194
1981.750000	-0.419218
1981.833333	0.067910
1981.916667	0.202523
1982.000000	0.218601
1982.083333	0.341555
1982.166667	0.408394
1982.250000	0.700517
1982.333333	0.392254
1982.416667	0.729310
1982.500000	0.812368
1982.583333	0.659373
1982.666667	0.153082
1982.750000	-0.094207
1982.833333	0.192843
1982.916667	0.249666
1983.000000	0.301016
1983.083333	0.137044
1983.166667	0.463888
1983.250000	0.084352
1983.333333	-0.296325
1983.416667	-0.009584
1983.500000	0.772808
1983.583333	0.930459
1983.666667	0.374959
1983.750000	0.552745
1983.833333	0.726335
1983.916667	0.592227
1984.000000	0.249306
1984.083333	-0.002973
1984.166667	-0.147375
1984.250000	0.206169
1984.333333	-0.054626
1984.416667	-0.649792
1984.500000	-0.027341
1984.583333	0.536683
1984.666667	0.313130
1984.750000	-0.186361
1984.833333	0.513029
1984.916667	0.568517
1985.000000	0.027495
1985.083333	0.025878
1985.166667	-0.061897
1985.250000	0.101108
1985.333333	-0.221624
1985.416667	0.261426
1985.500000	0.741730
1985.583333	0.075614
1985.666667	0.295329
1985.750000	0.896776
1985.833333	0.516978
1985.916667	0.512522
1986.000000	0.240250
1986.083333	-0.307044
1986.166667	-0.356286
1986.250000	-0.586100
1986.333333	-0.428271
1986.416667	-0.537652
1986.500000	0.083124
1986.583333	-0.085010
1986.666667	-0.448188
1986.750000	0.050602
1986.833333	0.043971
1986.916667	0.341920
1987.000000	-0.115584
1987.083333	-0.271706
1987.166667	-0.078125
1987.250000	0.160570
1987.333333	0.154612
1987.416667	0.179586
1987.500000	0.673213
1987.583333	0.537234
1987.666667	0.932956
1987.750000	0.227714
1987.833333	0.291659
1987.916667	0.329402
1988.000000	0.616814
1988.083333	0.383474
1988.166667	0.188513
1988.250000	0.473877
1988.333333	0.450415
1988.416667	0.446807
1988.500000	0.241350
1988.583333	0.261253
1988.666667	-0.120853
1988.750000	-0.150474
1988.833333	0.418859
1988.916667	0.356936
1989.000000	0.697155
1989.083333	0.802566
1989.166667	0.731725
1989.250000	0.430980
1989.333333	0.807220
1989.416667	1.209550
1989.500000	1.718752
1989.583333	1.310074
1989.666667	0.604912
1989.750000	0.524882
1989.833333	0.540874
1989.916667	0.726237
1990.000000	0.837708
1990.083333	0.920985
1990.166667	1.040041
1990.250000	0.813746
1990.333333	1.395919
1990.416667	0.856257
1990.500000	0.607084
1990.583333	1.322800
1990.666667	0.897130
1990.750000	0.383144
1990.833333	0.269576
1990.916667	0.101130
1991.000000	0.231980
1991.083333	0.077951
1991.166667	0.362005
1991.250000	0.197688
1991.333333	-0.163478
1991.416667	-0.344620
1991.500000	0.216857
1991.583333	0.748643
1991.666667	1.435112
1991.750000	-0.048680
1991.833333	-0.243330
1991.916667	0.117744
1992.000000	0.378555
1992.083333	0.402098
1992.166667	0.615343
1992.250000	0.286595
1992.333333	0.661906
1992.416667	0.578914
1992.500000	0.690859
1992.583333	0.628145
1992.666667	-0.024484
1992.750000	-0.458946
1992.833333	-0.191804
1992.916667	0.252738
1993.000000	0.363639
1993.083333	0.346980
1993.166667	0.200784
1993.250000	0.340509
1993.333333	0.579883
1993.416667	0.532221
1993.500000	-0.054343
1993.583333	0.089789
1993.666667	-0.301209
1993.750000	-0.896686
1993.833333	-0.628051
1993.916667	-0.216103
1994.000000	-0.274898
1994.083333	-0.198686
1994.166667	0.049105
1994.250000	-0.073049
1994.333333	0.044212
1994.416667	-0.109342
1994.500000	0.734511
1994.583333	0.703866
1994.666667	-0.307409
1994.750000	-0.361328
1994.833333	0.423142
1994.916667	0.950525
1995.000000	0.453340
1995.083333	0.641450
1995.166667	0.372000
1995.250000	0.552897
1995.333333	0.595797
1995.416667	0.520714
1995.500000	1.169487
1995.583333	1.699943
1995.666667	0.469342
1995.750000	0.747701
1995.833333	0.983036
1995.916667	0.538918
1996.000000	0.530697
1996.083333	0.030219
1996.166667	-0.227792
1996.250000	0.218367
1996.333333	0.052551
1996.416667	0.476263
1996.500000	0.003083
1996.583333	0.531253
1996.666667	0.107817
1996.750000	-0.060830
1996.833333	0.452665
1996.916667	0.159607
1997.000000	-0.041698
1997.083333	0.484258
1997.166667	1.091520
1997.250000	1.185315
1997.333333	1.011729
1997.416667	1.074947
1997.500000	0.632393
1997.583333	1.445040
1997.666667	1.053591
1997.750000	1.095708
1997.833333	0.722314
1997.916667	0.770407
1998.000000	1.005585
1998.083333	1.013517
1998.166667	1.123382
1998.250000	0.560367
1998.333333	0.621725
1998.416667	0.337641
1998.500000	0.198774
1998.583333	0.383168
1998.666667	0.131496
1998.750000	0.159678
1998.833333	0.326067
1998.916667	0.353960
1999.000000	0.370305
1999.083333	0.158145
1999.166667	0.278167
1999.250000	0.484218
1999.333333	0.783464
1999.416667	0.812681
1999.500000	0.964359
1999.583333	1.092629
1999.666667	1.034140
1999.750000	0.233883
1999.833333	0.337177
1999.916667	0.187249
2000.000000	0.121520
2000.083333	0.487522
2000.166667	0.766996
2000.250000	0.471458
2000.333333	1.011039
2000.416667	0.774966
2000.500000	0.333326
2000.583333	0.834145
2000.666667	0.693441
2000.750000	0.127038
2000.833333	0.059405
2000.916667	0.647128
2001.000000	0.648607
2001.083333	0.747467
2001.166667	0.525824
2001.250000	0.516151
2001.333333	0.674233
2001.416667	0.880272
2001.500000	0.853116
2001.583333	1.092954
2001.666667	0.701935
2001.750000	0.913228
2001.833333	0.883170
2001.916667	0.732470
2002.000000	0.656979
2002.083333	1.013288
2002.166667	0.850552
2002.250000	0.811895
2002.333333	0.547126
2002.416667	0.435947
2002.500000	0.096712
2002.583333	0.459401
2002.666667	0.680855
2002.750000	0.394194
2002.833333	0.312589
2002.916667	0.512815
2003.000000	0.486954
2003.083333	0.191244
2003.166667	0.495092
2003.250000	0.728573
2003.333333	0.808250
2003.416667	1.443397
2003.500000	1.152635
2003.583333	1.753376
2003.666667	1.107579
2003.750000	0.524158
2003.833333	0.229489
2003.916667	0.501624
2004.000000	0.551098
2004.083333	0.617469
2004.166667	0.497755
2004.250000	0.562607
2004.333333	0.463570
2004.416667	1.014376
2004.500000	0.728463
2004.583333	1.211699
2004.666667	0.723925
2004.750000	0.385175
2004.833333	0.491353
2004.916667	0.756527
2005.000000	0.554076
2005.083333	0.135954
2005.166667	-0.025605
2005.250000	0.531936
2005.333333	0.666926
2005.416667	1.076959
2005.500000	1.169919
2005.583333	0.834242
2005.666667	0.803725
2005.750000	0.799640
2005.833333	1.026002
2005.916667	0.477956
2006.000000	0.217057
2006.083333	0.073292
2006.166667	0.028659
2006.250000	0.591625
2006.333333	0.754422
2006.416667	0.931259
2006.500000	1.648040
2006.583333	1.149891
2006.666667	0.888430
2006.750000	1.066543
2006.833333	1.362391
2006.916667	1.346475
2007.000000	1.213990
2007.083333	0.907470
2007.166667	0.911244
2007.250000	1.240903
2007.333333	1.124884
2007.416667	0.958346
2007.500000	0.506231
2007.583333	0.504525
2007.666667	0.384193
2007.750000	0.826707
2007.833333	0.773784
2007.916667	0.840772
2008.000000	0.918266
2008.083333	1.085709
2008.166667	0.878362
2008.250000	0.673312
2008.333333	1.248401
2008.416667	0.940744
2008.500000	0.564686
2008.583333	0.335266
2008.666667	-0.038033
2008.750000	0.025110
2008.833333	0.045717
2008.916667	-0.084584
2009.000000	-0.010921
2009.083333	-0.065522
2009.166667	0.337434
2009.250000	0.478355
2009.333333	0.590643
2009.416667	0.984921
2009.500000	0.974779
2009.583333	0.833341
2009.666667	0.650551
2009.750000	0.871155
2009.833333	0.840700
2009.916667	0.776223
2010.000000	0.250407
2010.083333	0.046231
2010.166667	0.129582
2010.250000	0.625156
2010.333333	0.590916
2010.416667	0.778918
2010.500000	0.904736
2010.583333	0.539071
2010.666667	0.362794
2010.750000	0.253276
2010.833333	0.176533
2010.916667	-0.233198
2011.000000	-0.055419
2011.083333	0.062052
2011.166667	0.140432
2011.250000	1.069338
2011.333333	1.084833
2011.416667	0.642726
2011.500000	0.405543
2011.583333	0.405409
2011.666667	0.371167
2011.750000	0.837679
2011.833333	1.004997
2011.916667	1.042039
2012.000000	0.771746
2012.083333	0.415504
2012.166667	0.715915
2012.250000	0.742490
2012.333333	0.526873
2012.416667	0.744247
2012.500000	0.422927
2012.583333	0.885753
2012.666667	0.518873
2012.750000	0.416467
2012.833333	0.399244
2012.916667	0.387391
2013.000000	0.478170
2013.083333	0.287367
2013.166667	0.092392
2013.250000	0.247985
2013.333333	0.059655
2013.416667	-0.256337
2013.500000	0.824608
2013.583333	1.053894
2013.666667	0.633903
2013.750000	1.383570
2013.833333	0.911796
2013.916667	0.521990
2014.000000	0.513027
2014.083333	0.374792
2014.166667	0.506940
2014.250000	0.925436
2014.333333	0.925351
2014.416667	0.917614
2014.500000	1.059288
2014.583333	0.874902
2014.666667	1.295644
2014.750000	1.475205
2014.833333	1.378759
2014.916667	0.905257
2015.000000	0.560937
2015.083333	0.082567
2015.166667	0.162765
2015.250000	0.666688
2015.333333	0.711233
2015.416667	0.698485
2015.500000	1.207850
2015.583333	0.887508
2015.666667	0.530695
2015.750000	0.610685
2015.833333	1.108574
2015.916667	1.357666
2016.000000	1.258901
2016.083333	0.980561
2016.166667	0.679103
2016.250000	0.720168
2016.333333	0.537330
2016.416667	1.087360
2016.500000	0.831258
2016.583333	0.836631
2016.666667	1.122095
2016.750000	1.040235
2016.833333	0.969704
2016.916667	1.141743
2017.000000	0.908918
2017.083333	0.728943
2017.166667	0.941451
2017.250000	1.279907
2017.333333	1.234975
2017.416667	1.654073
2017.500000	1.016286
2017.583333	0.753494
2017.666667	0.492761
2017.750000	0.911972
2017.833333	1.103856
2017.916667	0.874718
2018.000000	0.669406
2018.083333	0.309454
2018.166667	0.088214
2018.250000	0.344408
2018.333333	0.549640
2018.416667	0.958267
2018.500000	1.354801
2018.583333	1.312089
2018.666667	0.814114
2018.750000	0.453802
2018.833333	0.170591
2018.916667	0.721262
2019.000000	0.830919
2019.083333	0.758731
2019.166667	1.043160
2019.250000	0.999210
2019.333333	0.737609
2019.416667	0.581297
2019.500000	1.035096
2019.583333	1.026736
2019.666667	0.680714
2019.750000	0.630130
2019.833333	0.467360
2019.916667	0.821069
2020.000000	0.980934
2020.083333	1.283063
2020.166667	1.095092
2020.250000	1.315325
2020.333333	1.367012
2020.416667	1.064700
2020.500000	0.642887
2020.583333	1.280666
2020.666667	0.781474
2020.750000	0.206338
2020.833333	0.896673
2020.916667	0.959614
2021.000000	0.446335
2021.083333	0.495688
2021.166667	0.673681
2021.250000	0.727616
2021.333333	0.309538
2021.416667	0.847191
2021.500000	0.910149
2021.583333	0.620601
2021.666667	1.186692
2021.750000	1.318186
2021.833333	1.231436
2021.916667	0.858431
2022.000000	1.167586
2022.083333	0.998344
2022.166667	0.838700
2022.250000	1.026453
2022.333333	1.690379
2022.416667	1.608524
2022.500000	1.518919
2022.583333	1.589125
2022.666667	1.396649
2022.750000	1.066127
2022.833333	1.565883
2022.916667	1.461420
2023.000000	1.437796
