1950.000000	-0.060000
1950.083333	0.627000
1950.166667	-0.008000
1950.250000	0.555000
1950.333333	0.072000
1950.416667	0.539000
1950.500000	-0.802000
1950.583333	-0.851000
1950.666667	0.358000
1950.750000	-0.379000
1950.833333	-0.515000
1950.916667	-1.928000
1951.000000	-0.085000
1951.083333	-0.400000
1951.166667	-1.934000
1951.250000	-0.776000
1951.333333	-0.863000
1951.416667	-0.918000
1951.500000	0.090000
1951.583333	-0.377000
1951.666667	-0.818000
1951.750000	-0.213000
1951.833333	-0.069000
1951.916667	1.987000
1952.000000	0.368000
1952.083333	-1.747000
1952.166667	-1.859000
1952.250000	0.539000
1952.333333	-0.774000
1952.416667	-0.441000
1952.500000	0.383000
1952.583333	-0.030000
1952.666667	-0.383000
1952.750000	-0.437000
1952.833333	-1.891000
1952.916667	-1.827000
1953.000000	-1.036000
1953.083333	-0.249000
1953.166667	1.068000
1953.250000	-1.256000
1953.333333	-0.562000
1953.416667	0.023000
1953.500000	0.333000
1953.583333	0.085000
1953.666667	0.662000
1953.750000	-0.194000
1953.833333	0.354000
1953.916667	0.575000
1954.000000	-0.148000
1954.083333	-0.181000
1954.166667	0.476000
1954.250000	0.512000
1954.333333	-1.656000
1954.416667	-0.268000
1954.500000	0.341000
1954.583333	-0.122000
1954.666667	0.301000
1954.750000	0.513000
1954.833333	-0.328000
1954.916667	0.553000
1955.000000	-1.163000
1955.083333	-1.542000
1955.166667	-1.568000
1955.250000	0.194000
1955.333333	0.242000
1955.416667	-0.266000
1955.500000	0.332000
1955.583333	0.760000
1955.666667	0.357000
1955.750000	0.099000
1955.833333	-1.342000
1955.916667	-0.444000
1956.000000	-1.204000
1956.083333	-2.029000
1956.166667	0.470000
1956.250000	-0.868000
1956.333333	1.391000
1956.416667	0.280000
1956.500000	-0.215000
1956.583333	-0.652000
1956.666667	-0.202000
1956.750000	1.139000
1956.833333	-0.066000
1956.916667	0.001000
1957.000000	2.062000
1957.083333	-1.513000
1957.166667	-2.013000
1957.250000	0.238000
1957.333333	-0.966000
1957.416667	-0.760000
1957.500000	-0.646000
1957.583333	0.097000
1957.666667	-0.956000
1957.750000	0.903000
1957.833333	-1.380000
1957.916667	0.828000
1958.000000	-1.438000
1958.083333	-2.228000
1958.166667	-2.522000
1958.250000	-0.360000
1958.333333	-0.336000
1958.416667	-1.149000
1958.500000	-0.684000
1958.583333	-0.755000
1958.666667	-0.012000
1958.750000	0.770000
1958.833333	-0.011000
1958.916667	-1.687000
1959.000000	-2.013000
1959.083333	2.544000
1959.166667	1.432000
1959.250000	0.119000
1959.333333	-0.341000
1959.416667	-0.033000
1959.500000	0.105000
1959.583333	-0.745000
1959.666667	-0.281000
1959.750000	-0.249000
1959.833333	-1.411000
1959.916667	-0.042000
1960.000000	-2.484000
1960.083333	-2.212000
1960.166667	-1.625000
1960.250000	-0.297000
1960.333333	-0.857000
1960.416667	0.055000
1960.500000	-0.619000
1960.583333	-1.008000
1960.666667	-0.382000
1960.750000	-1.187000
1960.833333	-0.553000
1960.916667	-0.343000
1961.000000	-1.506000
1961.083333	0.621000
1961.166667	0.341000
1961.250000	-0.237000
1961.333333	0.157000
1961.416667	0.837000
1961.500000	-0.108000
1961.583333	0.013000
1961.666667	0.815000
1961.750000	0.203000
1961.833333	-0.010000
1961.916667	-1.668000
1962.000000	1.645000
1962.083333	-0.358000
1962.166667	-2.848000
1962.250000	1.169000
1962.333333	0.068000
1962.416667	0.287000
1962.500000	-0.927000
1962.583333	0.152000
1962.666667	-0.056000
1962.750000	-0.016000
1962.833333	-1.112000
1962.916667	-0.711000
1963.000000	-3.311000
1963.083333	-1.721000
1963.166667	0.724000
1963.250000	-0.348000
1963.333333	0.771000
1963.416667	-0.585000
1963.500000	-0.303000
1963.583333	-0.625000
1963.666667	0.083000
1963.750000	1.069000
1963.833333	-0.419000
1963.916667	-1.178000
1964.000000	0.385000
1964.083333	-0.575000
1964.166667	-0.558000
1964.250000	0.663000
1964.333333	1.174000
1964.416667	0.142000
1964.500000	0.734000
1964.583333	-1.207000
1964.666667	-0.227000
1964.750000	0.342000
1964.833333	-0.344000
1964.916667	-0.246000
1965.000000	-1.046000
1965.083333	-2.084000
1965.166667	-0.905000
1965.250000	0.568000
1965.333333	-0.153000
1965.416667	0.038000
1965.500000	-0.510000
1965.583333	-0.255000
1965.666667	-0.698000
1965.750000	0.394000
1965.833333	-1.341000
1965.916667	0.163000
1966.000000	-3.232000
1966.083333	-1.438000
1966.166667	-0.911000
1966.250000	-1.837000
1966.333333	1.124000
1966.416667	0.408000
1966.500000	0.011000
1966.583333	-0.945000
1966.666667	0.011000
1966.750000	-1.077000
1966.833333	0.111000
1966.916667	-1.401000
1967.000000	-0.576000
1967.083333	1.180000
1967.166667	1.967000
1967.250000	1.700000
1967.333333	0.127000
1967.416667	0.647000
1967.500000	0.259000
1967.583333	-0.293000
1967.666667	0.133000
1967.750000	1.299000
1967.833333	0.334000
1967.916667	-0.347000
1968.000000	-0.409000
1968.083333	-2.154000
1968.166667	1.741000
1968.250000	0.328000
1968.333333	-0.241000
1968.416667	0.420000
1968.500000	-0.836000
1968.583333	-0.671000
1968.666667	-1.009000
1968.750000	-1.013000
1968.833333	-2.183000
1968.916667	-0.783000
1969.000000	-2.967000
1969.083333	-3.114000
1969.166667	-1.582000
1969.250000	0.438000
1969.333333	-0.720000
1969.416667	-0.348000
1969.500000	0.410000
1969.583333	-0.782000
1969.666667	-0.083000
1969.750000	0.098000
1969.833333	0.326000
1969.916667	-1.856000
1970.000000	-2.412000
1970.083333	-1.325000
1970.166667	-2.084000
1970.250000	0.302000
1970.333333	0.531000
1970.416667	0.875000
1970.500000	0.139000
1970.583333	-0.263000
1970.666667	0.030000
1970.750000	0.098000
1970.833333	0.378000
1970.916667	-0.399000
1971.000000	-0.163000
1971.083333	-0.922000
1971.166667	-1.091000
1971.250000	-0.583000
1971.333333	0.679000
1971.416667	-0.668000
1971.500000	-0.578000
1971.583333	0.818000
1971.666667	0.153000
1971.750000	1.185000
1971.833333	0.419000
1971.916667	0.824000
1972.000000	0.166000
1972.083333	-0.195000
1972.166667	-0.141000
1972.250000	1.007000
1972.333333	0.140000
1972.416667	-0.049000
1972.500000	-0.553000
1972.583333	-0.082000
1972.666667	-0.920000
1972.750000	0.392000
1972.833333	-0.380000
1972.916667	1.238000
1973.000000	1.232000
1973.083333	0.786000
1973.166667	0.537000
1973.250000	-1.126000
1973.333333	0.073000
1973.416667	0.531000
1973.500000	0.270000
1973.583333	0.313000
1973.666667	0.114000
1973.750000	0.337000
1973.833333	0.002000
1973.916667	-0.181000
1974.000000	0.232000
1974.083333	-0.489000
1974.166667	-0.746000
1974.250000	0.309000
1974.333333	-0.507000
1974.416667	-0.048000
1974.500000	0.390000
1974.583333	-0.533000
1974.666667	-0.136000
1974.750000	-1.024000
1974.833333	-0.435000
1974.916667	0.556000
1975.000000	1.595000
1975.083333	0.194000
1975.166667	0.151000
1975.250000	0.409000
1975.333333	-0.614000
1975.416667	-0.323000
1975.500000	0.345000
1975.583333	0.130000
1975.666667	1.278000
1975.750000	0.138000
1975.833333	0.619000
1975.916667	1.290000
1976.000000	0.034000
1976.083333	1.656000
1976.166667	0.587000
1976.250000	0.440000
1976.333333	0.060000
1976.416667	0.328000
1976.500000	-0.325000
1976.583333	0.559000
1976.666667	-0.743000
1976.750000	-0.804000
1976.833333	-0.087000
1976.916667	-2.074000
1977.000000	-3.767000
1977.083333	-2.010000
1977.166667	0.344000
1977.250000	1.329000
1977.333333	0.104000
1977.416667	-0.226000
1977.500000	-0.492000
1977.583333	-1.412000
1977.666667	0.586000
1977.750000	-0.009000
1977.833333	0.605000
1977.916667	-0.240000
1978.000000	-0.347000
1978.083333	-3.014000
1978.166667	0.502000
1978.250000	-0.967000
1978.333333	0.059000
1978.416667	0.635000
1978.500000	-0.604000
1978.583333	-0.354000
1978.666667	-0.099000
1978.750000	0.895000
1978.833333	2.470000
1978.916667	-0.980000
1979.000000	-2.233000
1979.083333	-0.697000
1979.166667	-0.814000
1979.250000	-1.157000
1979.333333	-0.250000
1979.416667	0.933000
1979.500000	0.039000
1979.583333	-0.684000
1979.666667	-0.046000
1979.750000	-1.243000
1979.833333	0.475000
1979.916667	1.295000
1980.000000	-2.066000
1980.083333	-0.934000
1980.166667	-1.433000
1980.250000	-0.419000
1980.333333	-1.155000
1980.416667	0.721000
1980.500000	-0.622000
1980.583333	-0.185000
1980.666667	0.313000
1980.750000	-0.521000
1980.833333	-1.361000
1980.916667	-0.057000
1981.000000	-0.116000
1981.083333	-0.332000
1981.166667	-1.645000
1981.250000	0.430000
1981.333333	0.180000
1981.416667	-0.438000
1981.500000	0.561000
1981.583333	-0.244000
1981.666667	-1.040000
1981.750000	-1.167000
1981.833333	-0.188000
1981.916667	-1.216000
1982.000000	-0.883000
1982.083333	0.974000
1982.166667	1.074000
1982.250000	1.454000
1982.333333	-0.209000
1982.416667	-1.180000
1982.500000	0.005000
1982.583333	0.362000
1982.666667	0.558000
1982.750000	-0.211000
1982.833333	0.661000
1982.916667	0.967000
1983.000000	1.359000
1983.083333	-1.806000
1983.166667	-0.567000
1983.250000	-0.738000
1983.333333	-0.441000
1983.416667	0.313000
1983.500000	0.131000
1983.583333	1.098000
1983.666667	0.167000
1983.750000	1.369000
1983.833333	-0.688000
1983.916667	0.186000
1984.000000	0.905000
1984.083333	-0.303000
1984.166667	-2.386000
1984.250000	-0.284000
1984.333333	0.479000
1984.416667	0.007000
1984.500000	0.019000
1984.583333	0.466000
1984.666667	-0.413000
1984.750000	-0.270000
1984.833333	-0.966000
1984.916667	0.446000
1985.000000	-2.806000
1985.083333	-1.440000
1985.166667	0.551000
1985.250000	0.652000
1985.333333	-0.432000
1985.416667	-0.347000
1985.500000	-0.390000
1985.583333	-0.001000
1985.666667	0.114000
1985.750000	1.035000
1985.833333	-1.218000
1985.916667	-1.948000
1986.000000	-0.568000
1986.083333	-2.904000
1986.166667	1.931000
1986.250000	0.103000
1986.333333	0.367000
1986.416667	0.535000
1986.500000	-0.008000
1986.583333	-0.826000
1986.666667	-0.023000
1986.750000	1.425000
1986.833333	0.926000
1986.916667	0.060000
1987.000000	-1.148000
1987.083333	-1.473000
1987.166667	-1.746000
1987.250000	0.387000
1987.333333	0.325000
1987.416667	-0.710000
1987.500000	-0.466000
1987.583333	-0.836000
1987.666667	0.287000
1987.750000	-0.080000
1987.833333	-0.536000
1987.916667	-0.534000
1988.000000	0.265000
1988.083333	-1.066000
1988.166667	-0.197000
1988.250000	-0.561000
1988.333333	-0.846000
1988.416667	0.061000
1988.500000	-0.143000
1988.583333	0.255000
1988.666667	1.039000
1988.750000	0.032000
1988.833333	-0.035000
1988.916667	1.679000
1989.000000	3.106000
1989.083333	3.279000
1989.166667	1.530000
1989.250000	-0.250000
1989.333333	0.889000
1989.416667	0.345000
1989.500000	0.866000
1989.583333	0.551000
1989.666667	0.703000
1989.750000	0.991000
1989.833333	0.034000
1989.916667	-0.644000
1990.000000	1.001000
1990.083333	3.402000
1990.166667	2.990000
1990.250000	1.879000
1990.333333	0.943000
1990.416667	0.304000
1990.500000	-0.296000
1990.583333	-0.180000
1990.666667	-0.210000
1990.750000	0.660000
1990.833333	0.521000
1990.916667	1.277000
1991.000000	0.723000
1991.083333	-0.876000
1991.166667	-0.527000
1991.250000	0.530000
1991.333333	0.486000
1991.416667	-0.115000
1991.500000	-0.188000
1991.583333	0.797000
1991.666667	-0.112000
1991.750000	-0.252000
1991.833333	0.285000
1991.916667	1.613000
1992.000000	0.550000
1992.083333	1.122000
1992.166667	0.984000
1992.250000	-0.521000
1992.333333	1.341000
1992.416667	-0.302000
1992.500000	0.191000
1992.583333	0.535000
1992.666667	-0.640000
1992.750000	-0.366000
1992.833333	0.717000
1992.916667	1.627000
1993.000000	3.495000
1993.083333	0.184000
1993.166667	0.764000
1993.250000	-0.435000
1993.333333	-1.607000
1993.416667	-0.520000
1993.500000	-0.511000
1993.583333	-0.393000
1993.666667	-0.361000
1993.750000	-0.565000
1993.833333	1.002000
1993.916667	-0.104000
1994.000000	-0.288000
1994.083333	-0.862000
1994.166667	1.881000
1994.250000	0.225000
1994.333333	-0.115000
1994.416667	1.606000
1994.500000	0.351000
1994.583333	0.828000
1994.666667	-0.084000
1994.750000	0.174000
1994.833333	1.779000
1994.916667	0.894000
1995.000000	-0.154000
1995.083333	1.429000
1995.166667	0.393000
1995.250000	-0.963000
1995.333333	-0.891000
1995.416667	-0.112000
1995.500000	-0.217000
1995.583333	0.544000
1995.666667	-0.549000
1995.750000	0.075000
1995.833333	-0.723000
1995.916667	-2.127000
1996.000000	-1.200000
1996.083333	0.163000
1996.166667	-1.483000
1996.250000	-1.525000
1996.333333	-0.226000
1996.416667	0.497000
1996.500000	0.715000
1996.583333	0.125000
1996.666667	-1.140000
1996.750000	0.183000
1996.833333	0.136000
1996.916667	-1.721000
1997.000000	-0.457000
1997.083333	1.889000
1997.166667	1.091000
1997.250000	0.324000
1997.333333	-0.961000
1997.416667	-0.815000
1997.500000	-0.431000
1997.583333	0.121000
1997.666667	0.195000
1997.750000	-0.700000
1997.833333	-0.661000
1997.916667	-0.071000
1998.000000	-2.081000
1998.083333	-0.183000
1998.166667	-0.254000
1998.250000	-0.038000
1998.333333	0.429000
1998.416667	-0.711000
1998.500000	-0.212000
1998.583333	0.650000
1998.666667	-1.050000
1998.750000	0.294000
1998.833333	-1.449000
1998.916667	1.353000
1999.000000	0.110000
1999.083333	0.482000
1999.166667	-1.492000
1999.250000	0.284000
1999.333333	0.226000
1999.416667	0.707000
1999.500000	-0.002000
1999.583333	-0.672000
1999.666667	0.059000
1999.750000	-0.006000
1999.833333	0.611000
1999.916667	1.043000
2000.000000	1.270000
2000.083333	1.076000
2000.166667	-0.451000
2000.250000	-0.279000
2000.333333	0.969000
2000.416667	0.586000
2000.500000	-0.649000
2000.583333	0.144000
2000.666667	0.395000
2000.750000	0.317000
2000.833333	-1.581000
2000.916667	-2.354000
2001.000000	-0.959000
2001.083333	-0.622000
2001.166667	-1.687000
2001.250000	0.906000
2001.333333	0.452000
2001.416667	-0.015000
2001.500000	-0.031000
2001.583333	0.521000
2001.666667	-0.707000
2001.750000	0.707000
2001.833333	0.819000
2001.916667	-1.322000
2002.000000	1.381000
2002.083333	1.304000
2002.166667	0.902000
2002.250000	0.748000
2002.333333	0.401000
2002.416667	0.573000
2002.500000	0.328000
2002.583333	-0.229000
2002.666667	-0.043000
2002.750000	-1.489000
2002.833333	-1.425000
2002.916667	-1.592000
2003.000000	-0.472000
2003.083333	0.128000
2003.166667	0.933000
2003.250000	-0.178000
2003.333333	1.017000
2003.416667	-0.102000
2003.500000	0.075000
2003.583333	-0.280000
2003.666667	0.467000
2003.750000	-0.670000
2003.833333	0.642000
2003.916667	0.265000
2004.000000	-1.686000
2004.083333	-1.528000
2004.166667	0.318000
2004.250000	-0.409000
2004.333333	-0.094000
2004.416667	-0.236000
2004.500000	-0.201000
2004.583333	-0.720000
2004.666667	0.855000
2004.750000	-0.515000
2004.833333	0.678000
2004.916667	1.230000
2005.000000	0.356000
2005.083333	-1.271000
2005.166667	-1.348000
2005.250000	-0.046000
2005.333333	-0.763000
2005.416667	-0.383000
2005.500000	-0.030000
2005.583333	0.026000
2005.666667	0.802000
2005.750000	0.030000
2005.833333	0.228000
2005.916667	-2.104000
2006.000000	-0.170000
2006.083333	-0.156000
2006.166667	-1.604000
2006.250000	0.138000
2006.333333	0.156000
2006.416667	1.071000
2006.500000	0.103000
2006.583333	-0.265000
2006.666667	0.606000
2006.750000	-1.029000
2006.833333	0.521000
2006.916667	2.282000
2007.000000	2.034000
2007.083333	-1.307000
2007.166667	1.182000
2007.250000	0.544000
2007.333333	0.894000
2007.416667	-0.555000
2007.500000	-0.397000
2007.583333	-0.034000
2007.666667	0.179000
2007.750000	0.383000
2007.833333	-0.519000
2007.916667	0.821000
2008.000000	0.819000
2008.083333	0.938000
2008.166667	0.586000
2008.250000	-0.455000
2008.333333	-1.205000
2008.416667	-0.090000
2008.500000	-0.480000
2008.583333	-0.080000
2008.666667	-0.327000
2008.750000	1.676000
2008.833333	0.092000
2008.916667	0.648000
2009.000000	0.800000
2009.083333	-0.672000
2009.166667	0.121000
2009.250000	0.973000
2009.333333	1.194000
2009.416667	-1.351000
2009.500000	-1.356000
2009.583333	-0.054000
2009.666667	0.875000
2009.750000	-1.540000
2009.833333	0.459000
2009.916667	-3.413000
2010.000000	-2.587000
2010.083333	-4.266000
2010.166667	-0.432000
2010.250000	-0.275000
2010.333333	-0.919000
2010.416667	-0.013000
2010.500000	0.435000
2010.583333	-0.117000
2010.666667	-0.865000
2010.750000	-0.467000
2010.833333	-0.376000
2010.916667	-2.631000
2011.000000	-1.683000
2011.083333	1.575000
2011.166667	1.424000
2011.250000	2.275000
2011.333333	-0.035000
2011.416667	-0.858000
2011.500000	-0.472000
2011.583333	-1.063000
2011.666667	0.665000
2011.750000	0.800000
2011.833333	1.459000
2011.916667	2.221000
2012.000000	-0.220000
2012.083333	-0.036000
2012.166667	1.037000
2012.250000	-0.035000
2012.333333	0.168000
2012.416667	-0.672000
2012.500000	0.168000
2012.583333	0.014000
2012.666667	0.772000
2012.750000	-1.514000
2012.833333	-0.111000
2012.916667	-1.749000
2013.000000	-0.610000
2013.083333	-1.007000
2013.166667	-3.185000
2013.250000	0.322000
2013.333333	0.494000
2013.416667	0.549000
2013.500000	-0.011000
2013.583333	0.154000
2013.666667	-0.461000
2013.750000	0.263000
2013.833333	2.029000
2013.916667	1.475000
2014.000000	-0.969000
2014.083333	0.044000
2014.166667	1.206000
2014.250000	0.972000
2014.333333	0.464000
2014.416667	-0.507000
2014.500000	-0.489000
2014.583333	-0.372000
2014.666667	0.102000
2014.750000	-1.134000
2014.833333	-0.530000
2014.916667	0.413000
2015.000000	1.092000
2015.083333	1.043000
2015.166667	1.837000
2015.250000	1.216000
2015.333333	0.763000
2015.416667	0.427000
2015.500000	-1.108000
2015.583333	-0.689000
2015.666667	-0.165000
2015.750000	-0.250000
2015.833333	1.945000
2015.916667	1.444000
2016.000000	-1.449000
2016.083333	-0.024000
2016.166667	0.280000
2016.250000	-1.051000
2016.333333	-0.036000
2016.416667	0.313000
2016.500000	0.085000
2016.583333	0.472000
2016.666667	0.781000
2016.750000	-1.917000
2016.833333	-0.611000
2016.916667	1.786000
2017.000000	0.942000
2017.083333	0.340000
2017.166667	1.365000
2017.250000	-0.089000
2017.333333	-0.730000
2017.416667	0.402000
2017.500000	0.634000
2017.583333	0.150000
2017.666667	-0.492000
2017.750000	0.690000
2017.833333	-0.078000
2017.916667	-0.059000
2018.000000	-0.281000
2018.083333	0.113000
2018.166667	-0.941000
2018.250000	0.544000
2018.333333	1.180000
2018.416667	0.380000
2018.500000	0.612000
2018.583333	0.836000
2018.666667	0.585000
2018.750000	0.413000
2018.833333	-1.116000
2018.916667	0.110000
2019.000000	-0.713000
2019.083333	1.149000
2019.166667	2.116000
2019.250000	-0.255000
2019.333333	-1.231000
2019.416667	-0.601000
2019.500000	-0.890000
2019.583333	-0.722000
2019.666667	0.306000
2019.750000	-0.082000
2019.833333	-1.193000
2019.916667	0.412000
2020.000000	2.419000
2020.083333	3.417000
2020.166667	2.641000
2020.250000	0.928000
2020.333333	-0.027000
2020.416667	-0.122000
2020.500000	-0.412000
2020.583333	-0.381000
2020.666667	0.631000
2020.750000	-0.072000
2020.833333	2.086000
2020.916667	-1.736000
2021.000000	-2.484000
2021.083333	-1.191000
2021.166667	2.109000
2021.250000	-0.204000
2021.333333	-0.161000
2021.416667	0.845000
2021.500000	0.630000
2021.583333	-0.209000
2021.666667	-0.252000
2021.750000	-0.146000
2021.833333	0.093000
2021.916667	0.198000
2022.000000	0.848000
2022.083333	1.544000
2022.166667	0.305000
2022.250000	-0.603000
2022.333333	1.224000
2022.416667	-0.074000
2022.500000	0.025000
2022.583333	-0.170000
2022.666667	-0.655000
2022.750000	1.346000
2022.833333	0.339000
2022.916667	-2.719000
2023.000000	-0.674000
2023.083333	1.600000
2023.166667	0.280000
2023.250000	-0.973000
2023.333333	1.134000
2023.416667	-0.286000
2023.500000	-0.154000
2023.583333	-0.602000
2023.666667	0.318000
2023.750000	-0.414000
2023.833333	-0.036000
2023.916667	-0.221000
2024.000000	-0.210000
2024.083333	0.635000
2024.166667	-0.610000
2024.250000	0.465000
2024.333333	-0.048000
2024.416667	0.136000
2024.500000	0.587000
2024.583333	1.284000
2024.666667	-0.624000
2024.750000	0.525000
2024.833333	-0.037000
2024.916667	-0.335000
2025.000000	-0.069000
2025.083333	-0.864000
2025.166667	0.556000
2025.250000	0.268000
2025.333333	0.904000
2025.416667	1.134000
2025.500000	0.500000
2025.583333	0.036000
2025.666667	0.048000
2025.750000	0.064000
2025.833333	-0.467000
2025.916667	0.267000
2026.000000	-2.048000
2026.083333	-1.256000
2026.166667	2.044000
2026.250000	0.254000
2026.333333	0.545000
2026.416667	0.660000
2026.500000	0.303000
2026.583333	-0.056000
