1880	10.8
1880.083333	7.7
1880.166667	14.3
1880.25	5.3
1880.333333	12.3
1880.416667	9.1
1880.5	1.6
1880.583333	14.3
1880.666667	8.1
1880.75	4.8
1880.833333	7.2
1880.916667	-1.9
1881	-7.3
1881.083333	-5.5
1881.166667	1.8
1881.25	0.3
1881.333333	-4.3
1881.416667	-4.7
1881.5	-5.6
1881.583333	-11.4
1881.666667	-13.6
1881.75	-23.9
1881.833333	7.2
1881.916667	9.8
1882	-6.8
1882.083333	-1.3
1882.166667	5.1
1882.25	1.2
1882.333333	6.8
1882.416667	-12
1882.5	-21.3
1882.583333	-25.6
1882.666667	-14.8
1882.75	-2.5
1882.833333	2.6
1882.916667	10.3
1883	6
1883.083333	9.1
1883.166667	-25.3
1883.25	14.4
1883.333333	13.9
1883.416667	3.4
1883.5	-10.2
1883.583333	1.4
1883.666667	-8.2
1883.75	4.8
1883.833333	5.2
1883.916667	-15.2
1884	-12.5
1884.083333	-5
1884.166667	9.4
1884.25	-15.4
1884.333333	1.3
1884.416667	9.1
1884.5	-3
1884.583333	-5
1884.666667	-7
1884.75	4.2
1884.833333	-1.4
1884.916667	-12.6
1885	-16.3
1885.083333	1.6
1885.166667	5.1
1885.25	-0.5
1885.333333	-4.3
1885.416667	-14.4
1885.5	-5
1885.583333	-9.5
1885.666667	-4
1885.75	-17.8
1885.833333	-15.9
1885.916667	5.2
1886	-0.6
1886.083333	1.6
1886.166667	2.9
1886.25	4.5
1886.333333	6
1886.416667	5
1886.5	7.4
1886.583333	13.6
1886.666667	13.5
1886.75	13.4
1886.833333	10.5
1886.916667	14.4
1887	12.2
1887.083333	11
1887.166667	10
1887.25	9.4
1887.333333	-4.3
1887.416667	5
1887.5	4.8
1887.583333	4.6
1887.666667	5.1
1887.75	4.8
1887.833333	-5.3
1887.916667	5.2
1888	-3
1888.083333	-2.2
1888.166667	-11.7
1888.25	-23.6
1888.333333	-9.8
1888.416667	-16
1888.5	-16.7
1888.583333	-8.9
1888.666667	-9.4
1888.75	-14.7
1888.833333	-12.6
1888.916667	-2.4
1889	-25.9
1889.083333	-1.7
1889.166667	-27.5
1889.25	-0.5
1889.333333	-1.9
1889.416667	22
1889.5	1.6
1889.583333	2.1
1889.666667	11.1
1889.75	4.2
1889.833333	23
1889.916667	22
1890	20.8
1890.083333	11
1890.166667	14.3
1890.25	6.9
1890.333333	3.6
1890.416667	5.8
1890.5	-2.3
1890.583333	-3.1
1890.666667	9.3
1890.75	3.6
1890.833333	2.6
1890.916667	0.6
1891	15.6
1891.083333	-3.6
1891.166667	-9.5
1891.25	4.5
1891.333333	-0.3
1891.416667	-1.5
1891.5	-6.3
1891.583333	-8.9
1891.666667	-10.6
1891.75	0.6
1891.833333	-4.7
1891.916667	-4.5
1892	2.7
1892.083333	-10.2
1892.166667	11.1
1892.25	6.9
1892.333333	10
1892.416667	19.6
1892.5	7.4
1892.583333	5.9
1892.666667	6.3
1892.75	8.5
1892.833333	-0.7
1892.916667	3.7
1893	11.3
1893.083333	7.7
1893.166667	-1.4
1893.25	1.2
1893.333333	-3.5
1893.416667	10.7
1893.5	14
1893.583333	7.8
1893.666667	5.7
1893.75	7.9
1893.833333	2.6
1893.916667	1.6
1894	17.5
1894.083333	10
1894.166667	5.6
1894.25	-3
1894.333333	-5.1
1894.416667	-1.5
1894.5	-2.3
1894.583333	-5.7
1894.666667	-1.6
1894.75	1.8
1894.833333	7.2
1894.916667	0.1
1895	5.6
1895.083333	3
1895.166667	-0.3
1895.25	-7.1
1895.333333	-8.2
1895.416667	-4.7
1895.5	-0.4
1895.583333	-6.3
1895.666667	-4
1895.75	-5.6
1895.833333	-8.6
1895.916667	-3.5
1896	1.3
1896.083333	4.9
1896.166667	-6.3
1896.25	-8.8
1896.333333	-42.2
1896.416667	-30.6
1896.5	-20.6
1896.583333	-22.4
1896.666667	-19
1896.75	-19
1896.833333	-11.9
1896.916667	-14.2
1897	-12.5
1897.083333	-7.4
1897.166667	-16.6
1897.25	-17.8
1897.333333	-16.9
1897.416667	0.2
1897.5	-2.3
1897.583333	0.8
1897.666667	0.2
1897.75	1.8
1897.833333	-8
1897.916667	10.3
1898	7
1898.083333	6.3
1898.166667	19.2
1898.25	11.1
1898.333333	-1.9
1898.416667	-2.3
1898.5	6.1
1898.583333	2.1
1898.666667	3.2
1898.75	-0.7
1898.833333	-2.7
1898.916667	-0.4
1899	13.2
1899.083333	9.1
1899.166667	13.8
1899.25	4.5
1899.333333	-7.4
1899.416667	-10.4
1899.5	-5.6
1899.583333	-10.1
1899.666667	-1.6
1899.75	6.1
1899.833333	15.8
1899.916667	-3
1900	-7.3
1900.083333	-6.5
1900.166667	-25.3
1900.25	-18.7
1900.333333	-7.4
1900.416667	26.1
1900.5	10
1900.583333	7.8
1900.666667	-16.6
1900.75	-17.2
1900.833333	-6
1900.916667	-5.5
1901	-0.1
1901.083333	3
1901.166667	9.4
1901.25	4.5
1901.333333	-0.3
1901.416667	19.6
1901.5	14.6
1901.583333	9.8
1901.666667	-16
1901.75	-22.1
1901.833333	-8.6
1901.916667	-1.9
1902	17
1902.083333	-2.2
1902.166667	11.6
1902.25	7.8
1902.333333	7.6
1902.416667	2.6
1902.5	1.6
1902.583333	-8.9
1902.666667	-17.8
1902.75	-7.4
1902.833333	-3.4
1902.916667	-3
1903	-9.2
1903.083333	-10.2
1903.166667	17.6
1903.25	17.7
1903.333333	7.6
1903.416667	-0.6
1903.5	6.1
1903.583333	0.1
1903.666667	8.7
1903.75	4.2
1903.833333	1.3
1903.916667	15.9
1904	14.1
1904.083333	16.2
1904.166667	9.4
1904.25	31.7
1904.333333	9.2
1904.416667	-7.1
1904.5	-8.9
1904.583333	0.8
1904.666667	0.2
1904.75	1.2
1904.833333	-17.2
1904.916667	2.6
1905	-9.2
1905.083333	-16.8
1905.166667	-30.2
1905.25	-42.6
1905.333333	-37.4
1905.416667	-31.4
1905.5	-21.3
1905.583333	-7.6
1905.666667	-7
1905.75	-5.6
1905.833333	-17.9
1905.916667	-13.1
1906	-3.5
1906.083333	-7.4
1906.166667	-5.2
1906.25	-8.8
1906.333333	1.3
1906.416667	-3.9
1906.5	6.8
1906.583333	15.5
1906.666667	18.3
1906.75	9.1
1906.833333	21.7
1906.916667	4.7
1907	5.1
1907.083333	1.6
1907.166667	-0.3
1907.25	4.5
1907.333333	10
1907.416667	8.3
1907.5	-4.3
1907.583333	-8.2
1907.666667	0.2
1907.75	0.6
1907.833333	-2
1907.916667	8.8
1908	-10.6
1908.083333	7.7
1908.166667	0.2
1908.25	16.8
1908.333333	-1.1
1908.416667	-2.3
1908.5	2.2
1908.583333	5.3
1908.666667	17.7
1908.75	7.9
1908.833333	2.6
1908.916667	-5.5
1909	-2.5
1909.083333	-3.2
1909.166667	-0.3
1909.25	-14.5
1909.333333	2.1
1909.416667	22.8
1909.5	10.7
1909.583333	9.8
1909.666667	0.8
1909.75	4.2
1909.833333	9.2
1909.916667	4.7
1910	5.6
1910.083333	15.2
1910.166667	12.7
1910.25	5.3
1910.333333	0.5
1910.416667	22
1910.5	20.5
1910.583333	9.8
1910.666667	15.3
1910.75	10.3
1910.833333	19.7
1910.916667	15.9
1911	3.2
1911.083333	1.6
1911.166667	3.5
1911.25	2
1911.333333	-8.2
1911.416667	-12
1911.5	-12.8
1911.583333	-12.1
1911.666667	-8.8
1911.75	-11.7
1911.833333	-7.3
1911.916667	-1.4
1912	-9.7
1912.083333	-17.3
1912.166667	-9
1912.25	-21.1
1912.333333	-13
1912.416667	-6.3
1912.5	-0.4
1912.583333	-7.6
1912.666667	-4
1912.75	-8
1912.833333	2.6
1912.916667	-8
1913	-3.5
1913.083333	-5
1913.166667	1.3
1913.25	-6.3
1913.333333	-8.2
1913.416667	-3.9
1913.5	-1.7
1913.583333	-7.6
1913.666667	-9.4
1913.75	-9.2
1913.833333	-11.9
1913.916667	-7
1914	-5.4
1914.083333	2
1914.166667	9.4
1914.25	-14.5
1914.333333	-0.3
1914.416667	-16.8
1914.5	-18
1914.583333	-17.2
1914.666667	-12.4
1914.75	-8.6
1914.833333	-11.9
1914.916667	-1.4
1915	-21.6
1915.083333	-2.2
1915.166667	-20.4
1915.25	-17.8
1915.333333	-12.2
1915.416667	6.6
1915.5	14
1915.583333	7.2
1915.666667	7.5
1915.75	2.4
1915.833333	-14.6
1915.916667	9.8
1916	5.6
1916.083333	-3.6
1916.166667	-6.3
1916.25	-0.5
1916.333333	6.8
1916.416667	9.1
1916.5	25.7
1916.583333	16.2
1916.666667	4.5
1916.75	6.1
1916.833333	9.8
1916.916667	15.4
1917	5.1
1917.083333	10
1917.166667	18.1
1917.25	21.8
1917.333333	21.8
1917.416667	21.2
1917.5	28.3
1917.583333	34.8
1917.666667	29.7
1917.75	15.2
1917.833333	21
1917.916667	22.5
1918	14.6
1918.083333	16.6
1918.166667	-2
1918.25	16.8
1918.333333	10
1918.416667	-4.7
1918.5	-14.1
1918.583333	-4.4
1918.666667	-8.2
1918.75	-5
1918.833333	1.3
1918.916667	-8
1919	-14.9
1919.083333	-11.2
1919.166667	-12.8
1919.25	-3
1919.333333	-7.4
1919.416667	-10.4
1919.5	-8.9
1919.583333	-6.9
1919.666667	-5.8
1919.75	-10.5
1919.833333	-11.3
1919.916667	-9.1
1920	1.8
1920.083333	-1.7
1920.166667	-4.1
1920.25	0.3
1920.333333	-2.7
1920.416667	6.6
1920.5	9.4
1920.583333	5.3
1920.666667	5.1
1920.75	-4.3
1920.833333	-0.1
1920.916667	9.8
1921	10.8
1921.083333	6.7
1921.166667	8.9
1921.25	-7.1
1921.333333	2.1
1921.416667	22
1921.5	2.9
1921.583333	-6.9
1921.666667	5.1
1921.75	9.7
1921.833333	8.5
1921.916667	8.2
1922	8
1922.083333	9.1
1922.166667	5.6
1922.25	-5.5
1922.333333	-5.1
1922.416667	5.8
1922.5	2.2
1922.583333	-1.2
1922.666667	5.1
1922.75	6.1
1922.833333	8.5
1922.916667	11.8
1923	5.6
1923.083333	4.4
1923.166667	8.9
1923.25	8.6
1923.333333	2.1
1923.416667	1
1923.5	-11.5
1923.583333	-18.5
1923.666667	-14.8
1923.75	-6.2
1923.833333	-12.6
1923.916667	2.1
1924	-5.4
1924.083333	1.1
1924.166667	2.4
1924.25	-15.4
1924.333333	11.5
1924.416667	8.3
1924.5	7.4
1924.583333	10.4
1924.666667	8.1
1924.75	7.9
1924.833333	11.8
1924.916667	5.2
1925	5.6
1925.083333	13.8
1925.166667	14.9
1925.25	14.4
1925.333333	-1.1
1925.416667	-4.7
1925.5	-13.4
1925.583333	-10.8
1925.666667	-6.4
1925.75	-12.9
1925.833333	-9.3
1925.916667	-7
1926	-5.4
1926.083333	-14.5
1926.166667	-13.3
1926.25	-7.1
1926.333333	-2.7
1926.416667	-7.1
1926.5	-1
1926.583333	-7.6
1926.666667	1.4
1926.75	4.2
1926.833333	1.3
1926.916667	6.2
1927	5.1
1927.083333	1.1
1927.166667	18.1
1927.25	6.9
1927.333333	6
1927.416667	8.3
1927.5	6.1
1927.583333	-5
1927.666667	-0.4
1927.75	-4.3
1927.833333	-8
1927.916667	7.7
1928	-10.1
1928.083333	10.5
1928.166667	13.8
1928.25	11.9
1928.333333	-2.7
1928.416667	-7.9
1928.5	-0.4
1928.583333	9.8
1928.666667	8.1
1928.75	9.1
1928.833333	2.6
1928.916667	11.8
1929	16
1929.083333	18
1929.166667	5.1
1929.25	4.5
1929.333333	-12.2
1929.416667	1
1929.5	1.6
1929.583333	0.1
1929.666667	-0.4
1929.75	7.9
1929.833333	11.1
1929.916667	5.7
1930	12.7
1930.083333	7.7
1930.166667	1.8
1930.25	-3.8
1930.333333	2.1
1930.416667	-5.5
1930.5	-4.3
1930.583333	-1.8
1930.666667	-7
1930.75	3.6
1930.833333	1.9
1930.916667	-1.4
1931	7
1931.083333	-14.9
1931.166667	5.6
1931.25	8.6
1931.333333	13.1
1931.416667	18.8
1931.5	9.4
1931.583333	0.1
1931.666667	5.1
1931.75	-12.9
1931.833333	-4.7
1931.916667	4.7
1932	1.8
1932.083333	-3.6
1932.166667	-2.5
1932.25	-2.1
1932.333333	2.8
1932.416667	-4.7
1932.5	-5
1932.583333	-6.9
1932.666667	-8.8
1932.75	-4.3
1932.833333	-4.7
1932.916667	3.2
1933	-11.1
1933.083333	4.9
1933.166667	-2
1933.25	3.6
1933.333333	6
1933.416667	-3.9
1933.5	3.5
1933.583333	-0.5
1933.666667	2
1933.75	3.6
1933.833333	7.2
1933.916667	8.2
1934	6.5
1934.083333	0.1
1934.166667	0.2
1934.25	6.1
1934.333333	-7.4
1934.416667	10.7
1934.5	2.9
1934.583333	-22.4
1934.666667	-6.4
1934.75	4.2
1934.833333	13.1
1934.916667	-2.4
1935	6.5
1935.083333	-4.6
1935.166667	12.2
1935.25	2.8
1935.333333	-6.6
1935.416667	-2.3
1935.5	-0.4
1935.583333	2.1
1935.666667	6.3
1935.75	7.3
1935.833333	3.9
1935.916667	-4
1936	-2
1936.083333	0.6
1936.166667	1.8
1936.25	22.6
1936.333333	4.4
1936.416667	-1.5
1936.5	4.2
1936.583333	-8.9
1936.666667	2.6
1936.75	-0.1
1936.833333	-13.9
1936.916667	0.6
1937	9.4
1937.083333	-5
1937.166667	6.2
1937.25	2
1937.333333	-0.3
1937.416667	3.4
1937.5	-5.6
1937.583333	3.3
1937.666667	0.8
1937.75	-2.5
1937.833333	-2
1937.916667	6.7
1938	7.5
1938.083333	3.4
1938.166667	-3.6
1938.25	3.6
1938.333333	13.1
1938.416667	18
1938.5	18.5
1938.583333	13
1938.666667	7.5
1938.75	12.8
1938.833333	1.9
1938.916667	13.8
1939	17
1939.083333	7.7
1939.166667	11.6
1939.25	9.4
1939.333333	-1.1
1939.416667	-1.5
1939.5	8.1
1939.583333	-0.5
1939.666667	-9.4
1939.75	-14.7
1939.833333	-8
1939.916667	-8.6
1940	-0.1
1940.083333	-4.1
1940.166667	-10.6
1940.25	-9.6
1940.333333	-14.5
1940.416667	-19.3
1940.5	-15.4
1940.583333	-18.5
1940.666667	-19.6
1940.75	-18.4
1940.833333	-6.7
1940.916667	-29.4
1941	-9.7
1941.083333	-15.4
1941.166667	-10.6
1941.25	-11.2
1941.333333	-6.6
1941.416667	-14.4
1941.5	-20.6
1941.583333	-19.1
1941.666667	-8.2
1941.75	-20.2
1941.833333	-9.3
1941.916667	-8.6
1942	-13
1942.083333	-3.6
1942.166667	-5.8
1942.25	-5.5
1942.333333	5.2
1942.416667	8.3
1942.5	-1
1942.583333	4
1942.666667	8.7
1942.75	8.5
1942.833333	-4
1942.916667	13.8
1943	9.4
1943.083333	10.5
1943.166667	4
1943.25	13.5
1943.333333	2.8
1943.416667	-7.9
1943.5	2.9
1943.583333	7.8
1943.666667	5.7
1943.75	9.1
1943.833333	3.9
1943.916667	-8.6
1944	-8.2
1944.083333	3.9
1944.166667	5.6
1944.25	-5.5
1944.333333	-1.1
1944.416667	-3.9
1944.5	-8.9
1944.583333	3.3
1944.666667	2.6
1944.75	-8.6
1944.833333	-6.7
1944.916667	4.2
1945	5.1
1945.083333	6.3
1945.166667	13.2
1945.25	-7.1
1945.333333	-0.3
1945.416667	8.3
1945.5	3.5
1945.583333	11.7
1945.666667	8.7
1945.75	2.4
1945.833333	-3.4
1945.916667	6.7
1946	-2.5
1946.083333	4.4
1946.166667	-2
1946.25	-9.6
1946.333333	-11.4
1946.416667	-9.6
1946.5	-10.2
1946.583333	-4.4
1946.666667	-16
1946.75	-12.3
1946.833333	-1.4
1946.916667	-5.5
1947	-4.9
1947.083333	-4.1
1947.166667	11.6
1947.25	-4.6
1947.333333	-13.7
1947.416667	2.6
1947.5	9.4
1947.583333	7.2
1947.666667	11.7
1947.75	-1.9
1947.833333	9.2
1947.916667	5.2
1948	-3
1948.083333	-2.7
1948.166667	-4.1
1948.25	2.8
1948.333333	3.6
1948.416667	-4.7
1948.5	0.9
1948.583333	-4.4
1948.666667	-7.6
1948.75	6.1
1948.833333	4.6
1948.916667	-5.5
1949	-7.3
1949.083333	2
1949.166667	5.6
1949.25	1.2
1949.333333	-5.8
1949.416667	-12
1949.5	-1.7
1949.583333	-4.4
1949.666667	2
1949.75	5.4
1949.833333	-6
1949.916667	7.7
1950	5.1
1950.083333	17.6
1950.166667	17.6
1950.25	16.8
1950.333333	7.6
1950.416667	26.9
1950.5	21.1
1950.583333	12.3
1950.666667	6.9
1950.75	17.1
1950.833333	12.5
1950.916667	23
1951	16.5
1951.083333	9.6
1951.166667	-1.4
1951.25	-1.3
1951.333333	-6.6
1951.416667	5
1951.5	-8.2
1951.583333	-0.5
1951.666667	-7
1951.75	-8
1951.833333	-3.4
1951.916667	-3
1952	-9.2
1952.083333	-7.9
1952.166667	0.2
1952.25	-8.8
1952.333333	6
1952.416667	7.4
1952.5	3.5
1952.583333	-3.7
1952.666667	-3.4
1952.75	1.8
1952.833333	-0.7
1952.916667	-12.6
1953	2.2
1953.083333	-6
1953.166667	-5.8
1953.25	-0.5
1953.333333	-31.9
1953.416667	-2.3
1953.5	-1
1953.583333	-17.2
1953.666667	-13
1953.75	-0.1
1953.833333	-2
1953.916667	-4
1954	6
1954.083333	-3.6
1954.166667	-0.9
1954.25	6.9
1954.333333	4.4
1954.416667	-1.5
1954.5	4.2
1954.583333	10.4
1954.666667	4.5
1954.75	1.8
1954.833333	3.9
1954.916667	12.8
1955	-5.4
1955.083333	15.2
1955.166667	2.9
1955.25	-3
1955.333333	13.1
1955.416667	16.4
1955.5	19.2
1955.583333	14.9
1955.666667	14.1
1955.75	15.2
1955.833333	15.1
1955.916667	9.3
1956	11.3
1956.083333	12.4
1956.166667	9.4
1956.25	11.1
1956.333333	17.9
1956.416667	12.3
1956.5	12.6
1956.583333	11
1956.666667	0.2
1956.75	18.3
1956.833333	1.9
1956.916667	10.3
1957	5.6
1957.083333	-2.2
1957.166667	-0.9
1957.25	1.2
1957.333333	-12.2
1957.416667	-2.3
1957.5	0.9
1957.583333	-9.5
1957.666667	-10.6
1957.75	-1.3
1957.833333	-11.9
1957.916667	-3.5
1958	-16.8
1958.083333	-6.9
1958.166667	-1.4
1958.25	1.2
1958.333333	-8.2
1958.416667	0.2
1958.5	2.2
1958.583333	7.8
1958.666667	-3.4
1958.75	-1.9
1958.833333	-4.7
1958.916667	-6.5
1959	-8.7
1959.083333	-14
1959.166667	8.4
1959.25	3.6
1959.333333	2.8
1959.416667	-6.3
1959.5	-5
1959.583333	-5
1959.666667	0.2
1959.75	4.2
1959.833333	11.1
1959.916667	8.2
1960	0.3
1960.083333	-2.2
1960.166667	5.6
1960.25	7.8
1960.333333	5.2
1960.416667	-2.3
1960.5	4.8
1960.583333	6.6
1960.666667	6.9
1960.75	-0.7
1960.833333	7.2
1960.916667	6.7
1961	-2.5
1961.083333	6.3
1961.166667	-20.9
1961.25	9.4
1961.333333	1.3
1961.416667	-3.1
1961.5	2.2
1961.583333	0.1
1961.666667	0.8
1961.75	-5
1961.833333	7.2
1961.916667	13.8
1962	17
1962.083333	5.3
1962.166667	-1.4
1962.25	1.2
1962.333333	12.3
1962.416667	5
1962.5	-0.4
1962.583333	4.6
1962.666667	5.1
1962.75	10.3
1962.833333	5.2
1962.916667	0.6
1963	9.4
1963.083333	3
1963.166667	7.3
1963.25	6.1
1963.333333	2.8
1963.416667	-9.6
1963.5	-1
1963.583333	-2.4
1963.666667	-5.2
1963.75	-12.9
1963.833333	-9.3
1963.916667	-11.6
1964	-4
1964.083333	-0.3
1964.166667	8.4
1964.25	13.5
1964.333333	2.8
1964.416667	7.4
1964.5	6.8
1964.583333	14.3
1964.666667	14.1
1964.75	12.8
1964.833333	2.6
1964.916667	-3
1965	-4
1965.083333	1.6
1965.166667	2.9
1965.25	-12.9
1965.333333	-0.3
1965.416667	-12.8
1965.5	-22.6
1965.583333	-11.4
1965.666667	-14.2
1965.75	-11.1
1965.833333	-17.9
1965.916667	1.6
1966	-12
1966.083333	-4.1
1966.166667	-13.9
1966.25	-7.1
1966.333333	-9
1966.416667	1
1966.5	-1
1966.583333	4
1966.666667	-2.2
1966.75	-2.5
1966.833333	-0.1
1966.916667	-4
1967	14.6
1967.083333	12.9
1967.166667	7.8
1967.25	-3
1967.333333	-3.5
1967.416667	6.6
1967.5	1.6
1967.583333	5.9
1967.666667	5.1
1967.75	-0.1
1967.833333	-4
1967.916667	-5.5
1968	4.1
1968.083333	9.6
1968.166667	-3
1968.25	-3
1968.333333	14.7
1968.416667	12.3
1968.5	7.4
1968.583333	0.1
1968.666667	-2.8
1968.75	-1.9
1968.833333	-3.4
1968.916667	2.1
1969	-13.5
1969.083333	-6.9
1969.166667	1.8
1969.25	-8.8
1969.333333	-6.6
1969.416667	-0.6
1969.5	-6.9
1969.583333	-4.4
1969.666667	-10.6
1969.75	-11.7
1969.833333	-0.1
1969.916667	3.7
1970	-10.1
1970.083333	-10.7
1970.166667	1.8
1970.25	-4.6
1970.333333	2.1
1970.416667	9.9
1970.5	-5.6
1970.583333	4
1970.666667	12.9
1970.75	10.3
1970.833333	19.7
1970.916667	17.4
1971	2.7
1971.083333	15.7
1971.166667	19.2
1971.25	22.6
1971.333333	9.2
1971.416667	2.6
1971.5	1.6
1971.583333	14.9
1971.666667	15.9
1971.75	17.7
1971.833333	7.2
1971.916667	2.1
1972	3.7
1972.083333	8.2
1972.166667	2.4
1972.25	-5.5
1972.333333	-16.1
1972.416667	-12
1972.5	-18.6
1972.583333	-8.9
1972.666667	-14.8
1972.75	-11.1
1972.833333	-3.4
1972.916667	-12.1
1973	-3
1973.083333	-13.5
1973.166667	0.8
1973.25	-2.1
1973.333333	2.8
1973.416667	12.3
1973.5	6.1
1973.583333	12.3
1973.666667	13.5
1973.75	9.7
1973.833333	31.6
1973.916667	16.9
1974	20.8
1974.083333	16.2
1974.166667	20.3
1974.25	11.1
1974.333333	10.7
1974.416667	2.6
1974.5	12
1974.583333	6.6
1974.666667	12.3
1974.75	8.5
1974.833333	-1.4
1974.916667	-0.9
1975	-4.9
1975.083333	5.3
1975.166667	11.6
1975.25	14.4
1975.333333	6
1975.416667	15.5
1975.5	21.1
1975.583333	20.7
1975.666667	22.5
1975.75	17.7
1975.833333	13.8
1975.916667	19.5
1976	11.8
1976.083333	12.9
1976.166667	13.2
1976.25	1.2
1976.333333	2.1
1976.416667	0.2
1976.5	-12.8
1976.583333	-12.1
1976.666667	-13
1976.75	3
1976.833333	9.8
1976.916667	-3
1977	-4
1977.083333	7.7
1977.166667	-9.5
1977.25	-9.6
1977.333333	-11.4
1977.416667	-17.7
1977.5	-14.7
1977.583333	-12.1
1977.666667	-9.4
1977.75	-12.9
1977.833333	-14.6
1977.916667	-10.6
1978	-3
1978.083333	-24.4
1978.166667	-5.8
1978.25	-7.9
1978.333333	16.3
1978.416667	5.8
1978.5	6.1
1978.583333	1.4
1978.666667	0.8
1978.75	-6.2
1978.833333	-2
1978.916667	-0.9
1979	-4
1979.083333	6.7
1979.166667	-3
1979.25	-5.5
1979.333333	3.6
1979.416667	5.8
1979.5	-8.2
1979.583333	-5
1979.666667	1.4
1979.75	-2.5
1979.833333	-4.7
1979.916667	-7.5
1980	3.2
1980.083333	1.1
1980.166667	-8.5
1980.25	-12.9
1980.333333	-3.5
1980.416667	-4.7
1980.5	-1.7
1980.583333	1.4
1980.666667	-5.2
1980.75	-1.9
1980.833333	-3.4
1980.916667	-0.9
1981	2.7
1981.083333	-3.2
1981.166667	-16.6
1981.25	-5.5
1981.333333	7.6
1981.416667	11.5
1981.5	9.4
1981.583333	5.9
1981.666667	7.5
1981.75	-5
1981.833333	2.6
1981.916667	4.7
1982	9.4
1982.083333	0.6
1982.166667	2.4
1982.25	-3.8
1982.333333	-8.2
1982.416667	-20.1
1982.5	-19.3
1982.583333	-23.6
1982.666667	-21.4
1982.75	-20.2
1982.833333	-31.1
1982.916667	-21.3
1983	-30.6
1983.083333	-33.3
1983.166667	-28
1983.25	-17
1983.333333	6
1983.416667	-3.1
1983.5	-7.6
1983.583333	0.1
1983.666667	9.9
1983.75	4.2
1983.833333	-0.7
1983.916667	0.1
1984	1.3
1984.083333	5.8
1984.166667	-5.8
1984.25	2
1984.333333	-0.3
1984.416667	-8.7
1984.5	2.2
1984.583333	2.7
1984.666667	2
1984.75	-5
1984.833333	3.9
1984.916667	-1.4
1985	-3.5
1985.083333	6.7
1985.166667	-2
1985.25	14.4
1985.333333	2.8
1985.416667	-9.6
1985.5	-2.3
1985.583333	8.5
1985.666667	0.2
1985.75	-5.6
1985.833333	-1.4
1985.916667	2.1
1986	8
1986.083333	-10.7
1986.166667	0.8
1986.25	1.2
1986.333333	-6.6
1986.416667	10.7
1986.5	2.2
1986.583333	-7.6
1986.666667	-5.2
1986.75	6.1
1986.833333	-13.9
1986.916667	-13.6
1987	-6.3
1987.083333	-12.6
1987.166667	-16.6
1987.25	-24.4
1987.333333	-21.6
1987.416667	-20.1
1987.5	-18.6
1987.583333	-14
1987.666667	-11.2
1987.75	-5.6
1987.833333	-1.4
1987.916667	-4.5
1988	-1.1
1988.083333	-5
1988.166667	2.4
1988.25	-1.3
1988.333333	10
1988.416667	-3.9
1988.5	11.3
1988.583333	14.9
1988.666667	20.1
1988.75	14.6
1988.833333	21
1988.916667	10.8
1989	13.2
1989.083333	9.1
1989.166667	6.7
1989.25	21
1989.333333	14.7
1989.416667	7.4
1989.5	9.4
1989.583333	-6.3
1989.666667	5.7
1989.75	7.3
1989.833333	-2
1989.916667	-5
1990	-1.1
1990.083333	-17.3
1990.166667	-8.5
1990.25	-0.5
1990.333333	13.1
1990.416667	1
1990.5	5.5
1990.583333	-5
1990.666667	-7.6
1990.75	1.8
1990.833333	-5.3
1990.916667	-2.4
1991	5.1
1991.083333	0.6
1991.166667	-10.6
1991.25	-12.9
1991.333333	-19.3
1991.416667	-5.5
1991.5	-1.7
1991.583333	-7.6
1991.666667	-16.6
1991.75	-12.9
1991.833333	-7.3
1991.916667	-16.7
1992	-25.4
1992.083333	-9.3
1992.166667	-24.2
1992.25	-18.7
1992.333333	0.5
1992.416667	-12.8
1992.5	-6.9
1992.583333	1.4
1992.666667	0.8
1992.75	-17.2
1992.833333	-7.3
1992.916667	-5.5
1993	-8.2
1993.083333	-7.9
1993.166667	-8.5
1993.25	-21.1
1993.333333	-8.2
1993.416667	-16
1993.5	-10.8
1993.583333	-14
1993.666667	-7.6
1993.75	-13.5
1993.833333	0.6
1993.916667	1.6
1994	-1.6
1994.083333	0.6
1994.166667	-10.6
1994.25	-22.8
1994.333333	-13
1994.416667	-10.4
1994.5	-18
1994.583333	-17.2
1994.666667	-17.2
1994.75	-14.1
1994.833333	-7.3
1994.916667	-11.6
1995	-4
1995.083333	-2.7
1995.166667	3.5
1995.25	-16.2
1995.333333	-9
1995.416667	-1.5
1995.5	4.2
1995.583333	0.8
1995.666667	3.2
1995.75	-1.3
1995.833333	1.3
1995.916667	-5.5
1996	8.4
1996.083333	1.1
1996.166667	6.2
1996.25	7.8
1996.333333	1.3
1996.416667	13.9
1996.5	6.8
1996.583333	4.6
1996.666667	6.9
1996.75	4.2
1996.833333	-0.1
1996.916667	7.2
1997	4.1
1997.083333	13.3
1997.166667	-8.5
1997.25	-16.2
1997.333333	-22.4
1997.416667	-24.1
1997.5	-9.5
1997.583333	-19.8
1997.666667	-14.8
1997.75	-17.8
1997.833333	-15.2
1997.916667	-9.1
1998	-23.5
1998.083333	-19.2
1998.166667	-28.5
1998.25	-24.4
1998.333333	0.5
1998.416667	9.9
1998.5	14.6
1998.583333	9.8
1998.666667	11.1
1998.75	10.9
1998.833333	12.5
1998.916667	13.3
1999	15.6
1999.083333	8.6
1999.166667	8.9
1999.25	18.5
1999.333333	1.3
1999.416667	1
1999.5	4.8
1999.583333	2.1
1999.666667	-0.4
1999.75	9.1
1999.833333	13.1
1999.916667	12.8
2000	5.1
2000.083333	12.9
2000.166667	9.4
2000.25	16.8
2000.333333	3.6
2000.416667	-5.5
2000.5	-3.7
2000.583333	5.3
2000.666667	9.9
2000.75	9.7
2000.833333	22.4
2000.916667	7.7
2001	8.4
2001.083333	11.9
2001.166667	6.7
2001.25	0.3
2001.333333	-9
2001.416667	1.8
2001.5	-3.7
2001.583333	-8.2
2001.666667	1.4
2001.75	-1.9
2001.833333	7.2
2001.916667	-9.1
2002	2.7
2002.083333	7.7
2002.166667	-5.2
2002.25	-3.8
2002.333333	-14.5
2002.416667	-6.3
2002.5	-7.6
2002.583333	-14.6
2002.666667	-8.2
2002.75	-7.4
2002.833333	-6
2002.916667	-10.6
2003	-2
2003.083333	-7.4
2003.166667	-6.8
2003.25	-5.5
2003.333333	-7.4
2003.416667	-12
2003.5	2.9
2003.583333	-1.8
2003.666667	-2.2
2003.75	-1.9
2003.833333	-3.4
2003.916667	9.3
2004	-11.6
2004.083333	9.1
2004.166667	0.2
2004.25	-15.4
2004.333333	13.1
2004.416667	-15.2
2004.5	-6.9
2004.583333	-7.6
2004.666667	-2.8
2004.75	-3.7
2004.833333	-8.6
2004.916667	-8
2005	1.8
2005.083333	-28.6
2005.166667	0.2
2005.25	-11.2
2005.333333	-14.5
2005.416667	2.6
2005.5	0.9
2005.583333	-6.9
2005.666667	3.9
2005.75	10.9
2005.833333	-2
2005.916667	0.1
2006	12.7
2006.083333	0.1
2006.166667	13.8
2006.25	14.4
2006.333333	-9.8
2006.416667	-6.3
2006.5	-7.6
2006.583333	-15.9
2006.666667	-5.8
2006.75	-16
2006.833333	-1.4
2006.916667	-3.5
2007	-7.8
2007.083333	-2.7
2007.166667	-1.4
2007.25	-3
2007.333333	-2.7
2007.416667	5
2007.5	-5
2007.583333	2.7
2007.666667	1.4
2007.75	5.4
2007.833333	9.2
2007.916667	14.4
2008	14.1
2008.083333	21.3
2008.166667	12.2
2008.25	4.5
2008.333333	-3.5
2008.416667	4.2
2008.5	2.2
2008.583333	9.1
2008.666667	13.5
2008.75	13.4
2008.833333	17.1
2008.916667	13.3
2009	9.4
2009.083333	14.8
2009.166667	0.2
2009.25	8.6
2009.333333	-7.4
2009.416667	-2.3
2009.5	1.6
2009.583333	-5
2009.666667	3.9
2009.75	-14.7
2009.833333	-6
2009.916667	-7
2010	-10.1
2010.083333	-14.5
2010.166667	-10.6
2010.25	15.2
2010.333333	10
2010.416667	1.8
2010.5	20.5
2010.583333	18.8
2010.666667	24.9
2010.75	18.3
2010.833333	16.4
2010.916667	27.1
2011	19.9
2011.083333	22.3
2011.166667	21.4
2011.25	25.1
2011.333333	2.1
2011.416667	0.2
2011.5	10.7
2011.583333	2.1
2011.666667	11.7
2011.75	7.3
2011.833333	13.8
2011.916667	23
2012	9.4
2012.083333	2.5
2012.166667	2.9
2012.25	-7.1
2012.333333	-2.7
2012.416667	-10.4
2012.5	-1.7
2012.583333	-5
2012.666667	2.6
2012.75	2.4
2012.833333	3.9
2012.916667	-6
2013	-1.1
2013.083333	-3.6
2013.166667	10.5
2013.25	0.3
2013.333333	8.4
2013.416667	13.9
2013.5	8.1
2013.583333	-0.5
2013.666667	3.9
2013.75	-1.9
2013.833333	9.2
2013.916667	0.6
2014	12.2
2014.083333	-1.3
2014.166667	-13.3
2014.25	8.6
2014.333333	4.4
2014.416667	-1.5
2014.5	-3
2014.583333	-11.4
2014.666667	-7.6
2014.75	-8
2014.833333	-10
2014.916667	-5.5
2015	-7.8
2015.083333	0.6
2015.166667	-11.2
2015.25	-3.8
2015.333333	-13.7
2015.416667	-12
2015.5	-14.7
2015.583333	-19.8
2015.666667	-17.8
2015.75	-20.2
2015.833333	-5.3
2015.916667	-9.1
2016	-19.7
2016.083333	-19.7
2016.166667	-4.7
2016.25	-22
2016.333333	2.8
2016.416667	5.8
2016.5	4.2
2016.583333	5.3
2016.666667	13.5
2016.75	-4.3
2016.833333	-0.7
2016.916667	2.6
2017	1.3
2017.083333	-2.2
2017.166667	5.1
2017.25	-6.3
2017.333333	0.5
2017.416667	-10.4
2017.5	8.1
2017.583333	3.3
2017.666667	6.9
2017.75	9.1
2017.833333	11.8
2017.916667	-1.4
2018	8.9
2018.083333	-6
2018.166667	10.5
2018.25	4.5
2018.333333	2.1
2018.416667	-5.5
2018.5	1.6
2018.583333	-6.9
2018.666667	-10
2018.75	3
2018.833333	-0.1
2018.916667	9.3
2019	-0.6
2019.083333	-13.5
2019.166667	-6.8
2019.25	-1.3
2019.333333	-9
2019.416667	-10.4
2019.5	-5.6
2019.583333	-4.4
2019.666667	-12.4
2019.75	-5.6
2019.833333	-9.3
2019.916667	-5.5
2020	1.3
2020.083333	-2.2
2020.166667	-5.2
2020.25	-0.5
2020.333333	2.8
2020.416667	-9.6
2020.5	4.2
2020.583333	9.8
2020.666667	10.5
2020.75	4.2
2020.833333	9.2
2020.916667	16.9
2021	16.5
2021.083333	11.5
2021.166667	-0.3
2021.25	2
2021.333333	3.6
2021.416667	2.6
2021.5	15.9
2021.583333	4.6
2021.666667	9.3
2021.75	6.7
2021.833333	12.5
2021.916667	13.8
2022	4.1
2022.083333	8.2
2022.166667	13.8
2022.25	22.6
2022.333333	17.1
2022.416667	21.2
2022.5	8.7
2022.583333	9.1
2022.666667	18.3
2022.75	17.7
2022.833333	4.6
2022.916667	20
2023	11.8
2023.083333	10.5
2023.166667	-2
2023.25	0.3
2023.333333	-18.5
2023.416667	0.2
2023.5	-4.3
2023.583333	-12.7
2023.666667	-13.6
2023.75	-6.8
2023.833333	-8.6
2023.916667	-2.4
2024	3.7
2024.083333	-12.6
2024.166667	-0.3
2024.25	-6.3
2024.333333	3.6
2024.416667	-3.1
2024.5	-6.9
2024.583333	7.8
2024.666667	-1
2024.75	4.2
2024.833333	6.5
2024.916667	10.8
2025	3.7
2025.083333	7.7
2025.166667	10
2025.25	3.6
2025.333333	2.1
2025.416667	1.8
2025.5	6.8
2025.583333	2.1
2025.666667	0.2
2025.75	10.9
2025.833333	12.5
2025.916667	0.1
2026	9.9
2026.083333	11
2026.166667	8.9
2026.25	-11.2
2026.333333	-14.5
2026.416667	-24.9
2026.5	-29.1
2026.583333	-14.6
