1880.000000	0.407419
1880.083333	0.407048
1880.166667	0.406674
1880.250000	0.406299
1880.333333	0.405921
1880.416667	0.405543
1880.500000	0.405162
1880.583333	0.404781
1880.666667	0.381267
1880.750000	0.381001
1880.833333	0.380739
1880.916667	0.380481
1881.000000	0.380228
1881.083333	0.379979
1881.166667	0.379735
1881.250000	0.379495
1881.333333	0.379259
1881.416667	0.379028
1881.500000	0.378802
1881.583333	0.378580
1881.666667	0.379491
1881.750000	0.378898
1881.833333	0.378304
1881.916667	0.377710
1882.000000	0.377114
1882.083333	0.376518
1882.166667	0.375921
1882.250000	0.375324
1882.333333	0.374727
1882.416667	0.374129
1882.500000	0.373531
1882.583333	0.372933
1882.666667	0.383669
1882.750000	0.383028
1882.833333	0.382387
1882.916667	0.381744
1883.000000	0.381100
1883.083333	0.380455
1883.166667	0.379810
1883.250000	0.379163
1883.333333	0.378516
1883.416667	0.377869
1883.500000	0.377221
1883.583333	0.376573
1883.666667	0.323635
1883.750000	0.323631
1883.833333	0.323634
1883.916667	0.323645
1884.000000	0.323663
1884.083333	0.323689
1884.166667	0.323722
1884.250000	0.323763
1884.333333	0.323811
1884.416667	0.323867
1884.500000	0.323930
1884.583333	0.324001
1884.666667	0.325990
1884.750000	0.325807
1884.833333	0.325630
1884.916667	0.325461
1885.000000	0.325300
1885.083333	0.325146
1885.166667	0.324999
1885.250000	0.324860
1885.333333	0.324728
1885.416667	0.324603
1885.500000	0.324486
1885.583333	0.324377
1885.666667	0.399352
1885.750000	0.398849
1885.833333	0.398342
1885.916667	0.397832
1886.000000	0.397317
1886.083333	0.396799
1886.166667	0.396277
1886.250000	0.395752
1886.333333	0.395223
1886.416667	0.394691
1886.500000	0.394156
1886.583333	0.393617
1886.666667	0.374546
1886.750000	0.374464
1886.833333	0.374388
1886.916667	0.374317
1887.000000	0.374251
1887.083333	0.374191
1887.166667	0.374137
1887.250000	0.374087
1887.333333	0.374044
1887.416667	0.374006
1887.500000	0.373973
1887.583333	0.373946
1887.666667	0.405646
1887.750000	0.405138
1887.833333	0.404624
1887.916667	0.404104
1888.000000	0.403579
1888.083333	0.403049
1888.166667	0.402513
1888.250000	0.401973
1888.333333	0.401428
1888.416667	0.400877
1888.500000	0.400323
1888.583333	0.399763
1888.666667	0.399764
1888.750000	0.399233
1888.833333	0.398695
1888.916667	0.398150
1889.000000	0.397599
1889.083333	0.397040
1889.166667	0.396475
1889.250000	0.395903
1889.333333	0.395324
1889.416667	0.394738
1889.500000	0.394146
1889.583333	0.393547
1889.666667	0.347820
1889.750000	0.347280
1889.833333	0.346744
1889.916667	0.346213
1890.000000	0.345687
1890.083333	0.345165
1890.166667	0.344649
1890.250000	0.344137
1890.333333	0.343630
1890.416667	0.343128
1890.500000	0.342631
1890.583333	0.342139
1890.666667	0.420487
1890.750000	0.420475
1890.833333	0.420462
1890.916667	0.420448
1891.000000	0.420432
1891.083333	0.420416
1891.166667	0.420398
1891.250000	0.420379
1891.333333	0.420358
1891.416667	0.420337
1891.500000	0.420314
1891.583333	0.420290
1891.666667	0.354171
1891.750000	0.355318
1891.833333	0.356458
1891.916667	0.357590
1892.000000	0.358714
1892.083333	0.359830
1892.166667	0.360939
1892.250000	0.362039
1892.333333	0.363131
1892.416667	0.364215
1892.500000	0.365291
1892.583333	0.366358
1892.666667	0.331422
1892.750000	0.331092
1892.833333	0.330769
1892.916667	0.330452
1893.000000	0.330142
1893.083333	0.329839
1893.166667	0.329543
1893.250000	0.329254
1893.333333	0.328971
1893.416667	0.328696
1893.500000	0.328428
1893.583333	0.328166
1893.666667	0.374752
1893.750000	0.374658
1893.833333	0.374569
1893.916667	0.374486
1894.000000	0.374408
1894.083333	0.374336
1894.166667	0.374269
1894.250000	0.374207
1894.333333	0.374151
1894.416667	0.374100
1894.500000	0.374055
1894.583333	0.374016
1894.666667	0.117639
1894.750000	0.119681
1894.833333	0.121715
1894.916667	0.123743
1895.000000	0.125763
1895.083333	0.127776
1895.166667	0.129782
1895.250000	0.131781
1895.333333	0.133772
1895.416667	0.135755
1895.500000	0.137731
1895.583333	0.139698
1895.666667	0.330972
1895.750000	0.331123
1895.833333	0.331266
1895.916667	0.331401
1896.000000	0.331529
1896.083333	0.331648
1896.166667	0.331759
1896.250000	0.331863
1896.333333	0.331959
1896.416667	0.332047
1896.500000	0.332127
1896.583333	0.332199
1896.666667	0.420508
1896.750000	0.420498
1896.833333	0.420487
1896.916667	0.420475
1897.000000	0.420462
1897.083333	0.420448
1897.166667	0.420432
1897.250000	0.420415
1897.333333	0.420398
1897.416667	0.420378
1897.500000	0.420358
1897.583333	0.420337
1897.666667	0.418885
1897.750000	0.418809
1897.833333	0.418730
1897.916667	0.418650
1898.000000	0.418567
1898.083333	0.418481
1898.166667	0.418393
1898.250000	0.418303
1898.333333	0.418210
1898.416667	0.418114
1898.500000	0.418016
1898.583333	0.417915
1898.666667	0.330940
1898.750000	0.330781
1898.833333	0.330615
1898.916667	0.330441
1899.000000	0.330259
1899.083333	0.330069
1899.166667	0.329872
1899.250000	0.329667
1899.333333	0.329454
1899.416667	0.329233
1899.500000	0.329005
1899.583333	0.328769
1899.666667	-0.113425
1899.750000	-0.113267
1899.833333	-0.113096
1899.916667	-0.112913
1900.000000	-0.112718
1900.083333	-0.112511
1900.166667	-0.112292
1900.250000	-0.112061
1900.333333	-0.111818
1900.416667	-0.111562
1900.500000	-0.111295
1900.583333	-0.111016
1900.666667	0.420467
1900.750000	0.420453
1900.833333	0.420438
1900.916667	0.420421
1901.000000	0.420404
1901.083333	0.420385
1901.166667	0.420365
1901.250000	0.420344
1901.333333	0.420322
1901.416667	0.420298
1901.500000	0.420273
1901.583333	0.420247
1901.666667	-0.027240
1901.750000	-0.025822
1901.833333	-0.024393
1901.916667	-0.022955
1902.000000	-0.021506
1902.083333	-0.020048
1902.166667	-0.018580
1902.250000	-0.017102
1902.333333	-0.015614
1902.416667	-0.014116
1902.500000	-0.012609
1902.583333	-0.011092
1902.666667	-0.082554
1902.750000	-0.083390
1902.833333	-0.084216
1902.916667	-0.085031
1903.000000	-0.085835
1903.083333	-0.086629
1903.166667	-0.087412
1903.250000	-0.088185
1903.333333	-0.088947
1903.416667	-0.089698
1903.500000	-0.090438
1903.583333	-0.091168
1903.666667	-0.012483
1903.750000	-0.013874
1903.833333	-0.015258
1903.916667	-0.016635
1904.000000	-0.018005
1904.083333	-0.019368
1904.166667	-0.020723
1904.250000	-0.022070
1904.333333	-0.023411
1904.416667	-0.024743
1904.500000	-0.026068
1904.583333	-0.027385
1904.666667	-0.031880
1904.750000	-0.033162
1904.833333	-0.034435
1904.916667	-0.035700
1905.000000	-0.036957
1905.083333	-0.038206
1905.166667	-0.039446
1905.250000	-0.040678
1905.333333	-0.041901
1905.416667	-0.043116
1905.500000	-0.044322
1905.583333	-0.045519
1905.666667	-0.301703
1905.750000	-0.301176
1905.833333	-0.300638
1905.916667	-0.300091
1906.000000	-0.299534
1906.083333	-0.298967
1906.166667	-0.298391
1906.250000	-0.297805
1906.333333	-0.297209
1906.416667	-0.296603
1906.500000	-0.295987
1906.583333	-0.295361
1906.666667	0.300803
1906.750000	0.301557
1906.833333	0.302301
1906.916667	0.303035
1907.000000	0.303759
1907.083333	0.304473
1907.166667	0.305177
1907.250000	0.305871
1907.333333	0.306556
1907.416667	0.307231
1907.500000	0.307896
1907.583333	0.308551
1907.666667	-0.114133
1907.750000	-0.114207
1907.833333	-0.114269
1907.916667	-0.114320
1908.000000	-0.114358
1908.083333	-0.114385
1908.166667	-0.114399
1908.250000	-0.114402
1908.333333	-0.114393
1908.416667	-0.114372
1908.500000	-0.114340
1908.583333	-0.114295
1908.666667	0.006912
1908.750000	0.005434
1908.833333	0.003961
1908.916667	0.002494
1909.000000	0.001034
1909.083333	-0.000421
1909.166667	-0.001869
1909.250000	-0.003310
1909.333333	-0.004746
1909.416667	-0.006174
1909.500000	-0.007596
1909.583333	-0.009012
1909.666667	-0.239727
1909.750000	-0.241075
1909.833333	-0.242422
1909.916667	-0.243770
1910.000000	-0.245118
1910.083333	-0.246465
1910.166667	-0.247813
1910.250000	-0.249159
1910.333333	-0.250506
1910.416667	-0.251852
1910.500000	-0.253197
1910.583333	-0.254541
1910.666667	0.034132
1910.750000	0.035694
1910.833333	0.037246
1910.916667	0.038788
1911.000000	0.040318
1911.083333	0.041839
1911.166667	0.043348
1911.250000	0.044847
1911.333333	0.046336
1911.416667	0.047813
1911.500000	0.049280
1911.583333	0.050735
1911.666667	0.292417
1911.750000	0.293276
1911.833333	0.294125
1911.916667	0.294964
1912.000000	0.295792
1912.083333	0.296610
1912.166667	0.297418
1912.250000	0.298216
1912.333333	0.299003
1912.416667	0.299781
1912.500000	0.300548
1912.583333	0.301305
1912.666667	-0.181198
1912.750000	-0.179501
1912.833333	-0.177794
1912.916667	-0.176077
1913.000000	-0.174350
1913.083333	-0.172613
1913.166667	-0.170866
1913.250000	-0.169109
1913.333333	-0.167343
1913.416667	-0.165567
1913.500000	-0.163781
1913.583333	-0.161985
1913.666667	-0.380892
1913.750000	-0.380104
1913.833333	-0.379309
1913.916667	-0.378508
1914.000000	-0.377700
1914.083333	-0.376885
1914.166667	-0.376065
1914.250000	-0.375238
1914.333333	-0.374405
1914.416667	-0.373565
1914.500000	-0.372720
1914.583333	-0.371869
1914.666667	-0.323260
1914.750000	-0.324384
1914.833333	-0.325509
1914.916667	-0.326634
1915.000000	-0.327759
1915.083333	-0.328885
1915.166667	-0.330010
1915.250000	-0.331135
1915.333333	-0.332260
1915.416667	-0.333384
1915.500000	-0.334508
1915.583333	-0.335631
1915.666667	-0.396698
1915.750000	-0.397014
1915.833333	-0.397333
1915.916667	-0.397653
1916.000000	-0.397977
1916.083333	-0.398302
1916.166667	-0.398629
1916.250000	-0.398958
1916.333333	-0.399290
1916.416667	-0.399623
1916.500000	-0.399957
1916.583333	-0.400293
1916.666667	-0.409866
1916.750000	-0.409552
1916.833333	-0.409236
1916.916667	-0.408919
1917.000000	-0.408601
1917.083333	-0.408281
1917.166667	-0.407959
1917.250000	-0.407637
1917.333333	-0.407313
1917.416667	-0.406989
1917.500000	-0.406664
1917.583333	-0.406338
1917.666667	-0.375022
1917.750000	-0.374572
1917.833333	-0.374114
1917.916667	-0.373648
1918.000000	-0.373175
1918.083333	-0.372695
1918.166667	-0.372206
1918.250000	-0.371710
1918.333333	-0.371207
1918.416667	-0.370695
1918.500000	-0.370176
1918.583333	-0.369649
1918.666667	-0.418520
1918.750000	-0.418419
1918.833333	-0.418319
1918.916667	-0.418219
1919.000000	-0.418120
1919.083333	-0.418021
1919.166667	-0.417924
1919.250000	-0.417827
1919.333333	-0.417731
1919.416667	-0.417636
1919.500000	-0.417543
1919.583333	-0.417451
1919.666667	-0.228676
1919.750000	-0.228643
1919.833333	-0.228622
1919.916667	-0.228612
1920.000000	-0.228614
1920.083333	-0.228628
1920.166667	-0.228653
1920.250000	-0.228690
1920.333333	-0.228739
1920.416667	-0.228799
1920.500000	-0.228871
1920.583333	-0.228955
1920.666667	-0.248299
1920.750000	-0.247668
1920.833333	-0.247046
1920.916667	-0.246433
1921.000000	-0.245830
1921.083333	-0.245236
1921.166667	-0.244651
1921.250000	-0.244076
1921.333333	-0.243510
1921.416667	-0.242954
1921.500000	-0.242407
1921.583333	-0.241871
1921.666667	-0.005983
1921.750000	-0.006429
1921.833333	-0.006890
1921.916667	-0.007365
1922.000000	-0.007855
1922.083333	-0.008358
1922.166667	-0.008876
1922.250000	-0.009409
1922.333333	-0.009955
1922.416667	-0.010516
1922.500000	-0.011091
1922.583333	-0.011681
1922.666667	0.000395
1922.750000	0.000484
1922.833333	0.000559
1922.916667	0.000620
1923.000000	0.000666
1923.083333	0.000698
1923.166667	0.000716
1923.250000	0.000719
1923.333333	0.000709
1923.416667	0.000683
1923.500000	0.000644
1923.583333	0.000590
1923.666667	-0.375501
1923.750000	-0.375059
1923.833333	-0.374609
1923.916667	-0.374152
1924.000000	-0.373687
1924.083333	-0.373214
1924.166667	-0.372734
1924.250000	-0.372247
1924.333333	-0.371751
1924.416667	-0.371248
1924.500000	-0.370738
1924.583333	-0.370219
1924.666667	-0.160000
1924.750000	-0.158391
1924.833333	-0.156783
1924.916667	-0.155178
1925.000000	-0.153574
1925.083333	-0.151973
1925.166667	-0.150374
1925.250000	-0.148777
1925.333333	-0.147183
1925.416667	-0.145591
1925.500000	-0.144002
1925.583333	-0.142416
1925.666667	-0.044966
1925.750000	-0.043904
1925.833333	-0.042852
1925.916667	-0.041811
1926.000000	-0.040782
1926.083333	-0.039763
1926.166667	-0.038756
1926.250000	-0.037760
1926.333333	-0.036776
1926.416667	-0.035803
1926.500000	-0.034841
1926.583333	-0.033891
1926.666667	-0.265726
1926.750000	-0.264303
1926.833333	-0.262874
1926.916667	-0.261438
1927.000000	-0.259995
1927.083333	-0.258547
1927.166667	-0.257092
1927.250000	-0.255632
1927.333333	-0.254165
1927.416667	-0.252693
1927.500000	-0.251215
1927.583333	-0.249731
1927.666667	0.171717
1927.750000	0.170471
1927.833333	0.169212
1927.916667	0.167939
1928.000000	0.166653
1928.083333	0.165353
1928.166667	0.164041
1928.250000	0.162715
1928.333333	0.161375
1928.416667	0.160023
1928.500000	0.158657
1928.583333	0.157278
1928.666667	0.203241
1928.750000	0.202403
1928.833333	0.201552
1928.916667	0.200688
1929.000000	0.199811
1929.083333	0.198919
1929.166667	0.198015
1929.250000	0.197097
1929.333333	0.196166
1929.416667	0.195222
1929.500000	0.194264
1929.583333	0.193292
1929.666667	-0.181381
1929.750000	-0.179763
1929.833333	-0.178145
1929.916667	-0.176526
1930.000000	-0.174908
1930.083333	-0.173290
1930.166667	-0.171672
1930.250000	-0.170055
1930.333333	-0.168439
1930.416667	-0.166824
1930.500000	-0.165209
1930.583333	-0.163596
1930.666667	-0.300457
1930.750000	-0.299230
1930.833333	-0.297996
1930.916667	-0.296754
1931.000000	-0.295503
1931.083333	-0.294244
1931.166667	-0.292977
1931.250000	-0.291702
1931.333333	-0.290419
1931.416667	-0.289128
1931.500000	-0.287829
1931.583333	-0.286523
1931.666667	0.138564
1931.750000	0.137007
1931.833333	0.135437
1931.916667	0.133854
1932.000000	0.132259
1932.083333	0.130651
1932.166667	0.129030
1932.250000	0.127397
1932.333333	0.125752
1932.416667	0.124094
1932.500000	0.122424
1932.583333	0.120742
1932.666667	0.382375
1932.750000	0.382175
1932.833333	0.381968
1932.916667	0.381755
1933.000000	0.381534
1933.083333	0.381306
1933.166667	0.381071
1933.250000	0.380828
1933.333333	0.380579
1933.416667	0.380322
1933.500000	0.380058
1933.583333	0.379787
1933.666667	0.323463
1933.750000	0.322323
1933.833333	0.321170
1933.916667	0.320005
1934.000000	0.318826
1934.083333	0.317635
1934.166667	0.316431
1934.250000	0.315214
1934.333333	0.313984
1934.416667	0.312741
1934.500000	0.311485
1934.583333	0.310216
1934.666667	0.384267
1934.750000	0.384148
1934.833333	0.384024
1934.916667	0.383892
1935.000000	0.383754
1935.083333	0.383609
1935.166667	0.383458
1935.250000	0.383300
1935.333333	0.383136
1935.416667	0.382964
1935.500000	0.382786
1935.583333	0.382601
1935.666667	0.406847
1935.750000	0.406278
1935.833333	0.405696
1935.916667	0.405101
1936.000000	0.404494
1936.083333	0.403874
1936.166667	0.403241
1936.250000	0.402595
1936.333333	0.401937
1936.416667	0.401265
1936.500000	0.400580
1936.583333	0.399883
1936.666667	0.422119
1936.750000	0.422046
1936.833333	0.421958
1936.916667	0.421855
1937.000000	0.421738
1937.083333	0.421606
1937.166667	0.421459
1937.250000	0.421298
1937.333333	0.421122
1937.416667	0.420931
1937.500000	0.420726
1937.583333	0.420506
1937.666667	0.421875
1937.750000	0.421825
1937.833333	0.421773
1937.916667	0.421718
1938.000000	0.421662
1938.083333	0.421603
1938.166667	0.421543
1938.250000	0.421480
1938.333333	0.421416
1938.416667	0.421350
1938.500000	0.421283
1938.583333	0.421214
1938.666667	0.151247
1938.750000	0.149332
1938.833333	0.147423
1938.916667	0.145519
1939.000000	0.143620
1939.083333	0.141727
1939.166667	0.139840
1939.250000	0.137958
1939.333333	0.136083
1939.416667	0.134214
1939.500000	0.132351
1939.583333	0.130495
1939.666667	0.226192
1939.750000	0.225728
1939.833333	0.225277
1939.916667	0.224839
1940.000000	0.224415
1940.083333	0.224003
1940.166667	0.223605
1940.250000	0.223219
1940.333333	0.222847
1940.416667	0.222488
1940.500000	0.222143
1940.583333	0.221810
1940.666667	0.218323
1940.750000	0.218219
1940.833333	0.218129
1940.916667	0.218053
1941.000000	0.217990
1941.083333	0.217941
1941.166667	0.217905
1941.250000	0.217883
1941.333333	0.217874
1941.416667	0.217879
1941.500000	0.217898
1941.583333	0.217929
1941.666667	0.232991
1941.750000	0.233604
1941.833333	0.234227
1941.916667	0.234862
1942.000000	0.235507
1942.083333	0.236163
1942.166667	0.236830
1942.250000	0.237507
1942.333333	0.238194
1942.416667	0.238892
1942.500000	0.239601
1942.583333	0.240319
1942.666667	0.217903
1942.750000	0.217882
1942.833333	0.217874
1942.916667	0.217880
1943.000000	0.217899
1943.083333	0.217932
1943.166667	0.217978
1943.250000	0.218037
1943.333333	0.218110
1943.416667	0.218197
1943.500000	0.218296
1943.583333	0.218409
1943.666667	0.365798
1943.750000	0.365060
1943.833333	0.364322
1943.916667	0.363586
1944.000000	0.362850
1944.083333	0.362115
1944.166667	0.361382
1944.250000	0.360650
1944.333333	0.359919
1944.416667	0.359190
1944.500000	0.358463
1944.583333	0.357738
1944.666667	0.422105
1944.750000	0.422142
1944.833333	0.422173
1944.916667	0.422200
1945.000000	0.422223
1945.083333	0.422241
1945.166667	0.422255
1945.250000	0.422264
1945.333333	0.422269
1945.416667	0.422271
1945.500000	0.422268
1945.583333	0.422261
1945.666667	0.246212
1945.750000	0.247015
1945.833333	0.247827
1945.916667	0.248647
1946.000000	0.249477
1946.083333	0.250316
1946.166667	0.251163
1946.250000	0.252018
1946.333333	0.252882
1946.416667	0.253755
1946.500000	0.254635
1946.583333	0.255524
1946.666667	0.394128
1946.750000	0.393255
1946.833333	0.392371
1946.916667	0.391475
1947.000000	0.390569
1947.083333	0.389651
1947.166667	0.388724
1947.250000	0.387785
1947.333333	0.386836
1947.416667	0.385877
1947.500000	0.384908
1947.583333	0.383929
1947.666667	0.343420
1947.750000	0.344105
1947.833333	0.344797
1947.916667	0.345494
1948.000000	0.346196
1948.083333	0.346904
1948.166667	0.347617
1948.250000	0.348335
1948.333333	0.349058
1948.416667	0.349786
1948.500000	0.350518
1948.583333	0.351255
1948.666667	0.340965
1948.750000	0.341819
1948.833333	0.342664
1948.916667	0.343499
1949.000000	0.344325
1949.083333	0.345141
1949.166667	0.345948
1949.250000	0.346746
1949.333333	0.347534
1949.416667	0.348313
1949.500000	0.349082
1949.583333	0.349842
1949.666667	0.114972
1949.750000	0.113187
1949.833333	0.111409
1949.916667	0.109640
1950.000000	0.107880
1950.083333	0.106128
1950.166667	0.104384
1950.250000	0.102650
1950.333333	0.100925
1950.416667	0.099209
1950.500000	0.097503
1950.583333	0.095805
1950.666667	0.038374
1950.750000	0.037147
1950.833333	0.035933
1950.916667	0.034733
1951.000000	0.033547
1951.083333	0.032374
1951.166667	0.031216
1951.250000	0.030071
1951.333333	0.028940
1951.416667	0.027824
1951.500000	0.026721
1951.583333	0.025633
1951.666667	0.419902
1951.750000	0.419984
1951.833333	0.420067
1951.916667	0.420149
1952.000000	0.420232
1952.083333	0.420314
1952.166667	0.420396
1952.250000	0.420477
1952.333333	0.420559
1952.416667	0.420639
1952.500000	0.420719
1952.583333	0.420798
1952.666667	0.383554
1952.750000	0.383400
1952.833333	0.383240
1952.916667	0.383072
1953.000000	0.382898
1953.083333	0.382718
1953.166667	0.382530
1953.250000	0.382336
1953.333333	0.382134
1953.416667	0.381926
1953.500000	0.381711
1953.583333	0.381489
1953.666667	0.419045
1953.750000	0.419121
1953.833333	0.419198
1953.916667	0.419276
1954.000000	0.419355
1954.083333	0.419435
1954.166667	0.419515
1954.250000	0.419596
1954.333333	0.419677
1954.416667	0.419759
1954.500000	0.419841
1954.583333	0.419923
1954.666667	0.376095
1954.750000	0.376966
1954.833333	0.377830
1954.916667	0.378686
1955.000000	0.379534
1955.083333	0.380374
1955.166667	0.381207
1955.250000	0.382032
1955.333333	0.382849
1955.416667	0.383658
1955.500000	0.384458
1955.583333	0.385251
1955.666667	0.264345
1955.750000	0.263327
1955.833333	0.262318
1955.916667	0.261318
1956.000000	0.260326
1956.083333	0.259344
1956.166667	0.258370
1956.250000	0.257406
1956.333333	0.256451
1956.416667	0.255506
1956.500000	0.254570
1956.583333	0.253644
1956.666667	0.319450
1956.750000	0.317834
1956.833333	0.316208
1956.916667	0.314570
1957.000000	0.312922
1957.083333	0.311264
1957.166667	0.309595
1957.250000	0.307916
1957.333333	0.306227
1957.416667	0.304528
1957.500000	0.302819
1957.583333	0.301101
1957.666667	0.417864
1957.750000	0.417911
1957.833333	0.417960
1957.916667	0.418011
1958.000000	0.418064
1958.083333	0.418118
1958.166667	0.418175
1958.250000	0.418233
1958.333333	0.418293
1958.416667	0.418355
1958.500000	0.418418
1958.583333	0.418483
1958.666667	0.421038
1958.750000	0.420964
1958.833333	0.420890
1958.916667	0.420815
1959.000000	0.420739
1959.083333	0.420662
1959.166667	0.420584
1959.250000	0.420506
1959.333333	0.420427
1959.416667	0.420348
1959.500000	0.420268
1959.583333	0.420189
1959.666667	0.422190
1959.750000	0.422159
1959.833333	0.422122
1959.916667	0.422080
1960.000000	0.422033
1960.083333	0.421979
1960.166667	0.421920
1960.250000	0.421854
1960.333333	0.421783
1960.416667	0.421705
1960.500000	0.421620
1960.583333	0.421529
1960.666667	0.391790
1960.750000	0.390938
1960.833333	0.390073
1960.916667	0.389193
1961.000000	0.388300
1961.083333	0.387393
1961.166667	0.386472
1961.250000	0.385538
1961.333333	0.384589
1961.416667	0.383627
1961.500000	0.382651
1961.583333	0.381660
1961.666667	0.272923
1961.750000	0.271067
1961.833333	0.269204
1961.916667	0.267335
1962.000000	0.265459
1962.083333	0.263577
1962.166667	0.261688
1962.250000	0.259794
1962.333333	0.257895
1962.416667	0.255990
1962.500000	0.254079
1962.583333	0.252164
1962.666667	0.407586
1962.750000	0.407032
1962.833333	0.406467
1962.916667	0.405889
1963.000000	0.405298
1963.083333	0.404695
1963.166667	0.404079
1963.250000	0.403451
1963.333333	0.402809
1963.416667	0.402155
1963.500000	0.401488
1963.583333	0.400808
1963.666667	0.008764
1963.750000	0.009565
1963.833333	0.010379
1963.916667	0.011207
1964.000000	0.012048
1964.083333	0.012902
1964.166667	0.013769
1964.250000	0.014649
1964.333333	0.015542
1964.416667	0.016448
1964.500000	0.017366
1964.583333	0.018298
1964.666667	0.289407
1964.750000	0.290709
1964.833333	0.292001
1964.916667	0.293285
1965.000000	0.294560
1965.083333	0.295826
1965.166667	0.297083
1965.250000	0.298331
1965.333333	0.299570
1965.416667	0.300800
1965.500000	0.302021
1965.583333	0.303233
1965.666667	0.365244
1965.750000	0.365785
1965.833333	0.366317
1965.916667	0.366841
1966.000000	0.367356
1966.083333	0.367864
1966.166667	0.368363
1966.250000	0.368854
1966.333333	0.369337
1966.416667	0.369811
1966.500000	0.370278
1966.583333	0.370737
1966.666667	0.032467
1966.750000	0.033579
1966.833333	0.034703
1966.916667	0.035838
1967.000000	0.036985
1967.083333	0.038143
1967.166667	0.039312
1967.250000	0.040492
1967.333333	0.041684
1967.416667	0.042886
1967.500000	0.044099
1967.583333	0.045323
1967.666667	0.129032
1967.750000	0.130519
1967.833333	0.131997
1967.916667	0.133466
1968.000000	0.134926
1968.083333	0.136376
1968.166667	0.137816
1968.250000	0.139247
1968.333333	0.140668
1968.416667	0.142080
1968.500000	0.143482
1968.583333	0.144874
1968.666667	-0.376239
1968.750000	-0.376681
1968.833333	-0.377114
1968.916667	-0.377539
1969.000000	-0.377956
1969.083333	-0.378365
1969.166667	-0.378766
1969.250000	-0.379159
1969.333333	-0.379544
1969.416667	-0.379921
1969.500000	-0.380291
1969.583333	-0.380653
1969.666667	-0.265527
1969.750000	-0.264103
1969.833333	-0.262673
1969.916667	-0.261236
1970.000000	-0.259793
1970.083333	-0.258344
1970.166667	-0.256888
1970.250000	-0.255427
1970.333333	-0.253959
1970.416667	-0.252486
1970.500000	-0.251007
1970.583333	-0.249523
1970.666667	-0.149699
1970.750000	-0.148103
1970.833333	-0.146509
1970.916667	-0.144919
1971.000000	-0.143331
1971.083333	-0.141746
1971.166667	-0.140164
1971.250000	-0.138586
1971.333333	-0.137011
1971.416667	-0.135439
1971.500000	-0.133871
1971.583333	-0.132307
1971.666667	-0.259845
1971.750000	-0.259078
1971.833333	-0.258319
1971.916667	-0.257567
1972.000000	-0.256823
1972.083333	-0.256087
1972.166667	-0.255359
1972.250000	-0.254640
1972.333333	-0.253928
1972.416667	-0.253225
1972.500000	-0.252530
1972.583333	-0.251843
1972.666667	-0.386054
1972.750000	-0.385312
1972.833333	-0.384564
1972.916667	-0.383808
1973.000000	-0.383045
1973.083333	-0.382276
1973.166667	-0.381499
1973.250000	-0.380716
1973.333333	-0.379926
1973.416667	-0.379130
1973.500000	-0.378327
1973.583333	-0.377518
1973.666667	-0.241293
1973.750000	-0.243137
1973.833333	-0.244978
1973.916667	-0.246816
1974.000000	-0.248649
1974.083333	-0.250480
1974.166667	-0.252306
1974.250000	-0.254128
1974.333333	-0.255946
1974.416667	-0.257760
1974.500000	-0.259569
1974.583333	-0.261373
1974.666667	-0.418414
1974.750000	-0.418192
1974.833333	-0.417963
1974.916667	-0.417727
1975.000000	-0.417483
1975.083333	-0.417233
1975.166667	-0.416975
1975.250000	-0.416710
1975.333333	-0.416438
1975.416667	-0.416158
1975.500000	-0.415871
1975.583333	-0.415576
1975.666667	-0.420927
1975.750000	-0.420741
1975.833333	-0.420542
1975.916667	-0.420333
1976.000000	-0.420111
1976.083333	-0.419878
1976.166667	-0.419634
1976.250000	-0.419378
1976.333333	-0.419111
1976.416667	-0.418833
1976.500000	-0.418544
1976.583333	-0.418243
1976.666667	-0.418572
1976.750000	-0.418272
1976.833333	-0.417962
1976.916667	-0.417641
1977.000000	-0.417309
1977.083333	-0.416966
1977.166667	-0.416613
1977.250000	-0.416249
1977.333333	-0.415875
1977.416667	-0.415491
1977.500000	-0.415096
1977.583333	-0.414691
1977.666667	-0.374266
1977.750000	-0.373426
1977.833333	-0.372579
1977.916667	-0.371727
1978.000000	-0.370869
1978.083333	-0.370005
1978.166667	-0.369136
1978.250000	-0.368261
1978.333333	-0.367380
1978.416667	-0.366494
1978.500000	-0.365603
1978.583333	-0.364706
1978.666667	-0.401677
1978.750000	-0.402211
1978.833333	-0.402739
1978.916667	-0.403261
1979.000000	-0.403777
1979.083333	-0.404287
1979.166667	-0.404791
1979.250000	-0.405289
1979.333333	-0.405780
1979.416667	-0.406264
1979.500000	-0.406743
1979.583333	-0.407214
1979.666667	-0.320143
1979.750000	-0.319673
1979.833333	-0.319210
1979.916667	-0.318756
1980.000000	-0.318310
1980.083333	-0.317872
1980.166667	-0.317442
1980.250000	-0.317020
1980.333333	-0.316607
1980.416667	-0.316201
1980.500000	-0.315805
1980.583333	-0.315416
1980.666667	-0.364110
1980.750000	-0.362948
1980.833333	-0.361776
1980.916667	-0.360594
1981.000000	-0.359403
1981.083333	-0.358202
1981.166667	-0.356992
1981.250000	-0.355772
1981.333333	-0.354543
1981.416667	-0.353305
1981.500000	-0.352058
1981.583333	-0.350802
1981.666667	-0.362856
1981.750000	-0.363574
1981.833333	-0.364293
1981.916667	-0.365011
1982.000000	-0.365729
1982.083333	-0.366446
1982.166667	-0.367163
1982.250000	-0.367880
1982.333333	-0.368596
1982.416667	-0.369311
1982.500000	-0.370025
1982.583333	-0.370738
1982.666667	-0.417519
1982.750000	-0.417765
1982.833333	-0.418006
1982.916667	-0.418242
1983.000000	-0.418472
1983.083333	-0.418697
1983.166667	-0.418916
1983.250000	-0.419129
1983.333333	-0.419337
1983.416667	-0.419538
1983.500000	-0.419734
1983.583333	-0.419923
1983.666667	-0.389249
1983.750000	-0.389041
1983.833333	-0.388837
1983.916667	-0.388638
1984.000000	-0.388443
1984.083333	-0.388252
1984.166667	-0.388066
1984.250000	-0.387885
1984.333333	-0.387708
1984.416667	-0.387536
1984.500000	-0.387369
1984.583333	-0.387206
1984.666667	-0.181326
1984.750000	-0.179297
1984.833333	-0.177265
1984.916667	-0.175229
1985.000000	-0.173189
1985.083333	-0.171147
1985.166667	-0.169102
1985.250000	-0.167054
1985.333333	-0.165003
1985.416667	-0.162950
1985.500000	-0.160895
1985.583333	-0.158838
1985.666667	-0.413547
1985.750000	-0.413852
1985.833333	-0.414153
1985.916667	-0.414451
1986.000000	-0.414746
1986.083333	-0.415037
1986.166667	-0.415324
1986.250000	-0.415607
1986.333333	-0.415886
1986.416667	-0.416161
1986.500000	-0.416432
1986.583333	-0.416698
1986.666667	-0.106485
1986.750000	-0.106107
1986.833333	-0.105742
1986.916667	-0.105389
1987.000000	-0.105050
1987.083333	-0.104724
1987.166667	-0.104410
1987.250000	-0.104110
1987.333333	-0.103822
1987.416667	-0.103547
1987.500000	-0.103286
1987.583333	-0.103037
1987.666667	-0.371356
1987.750000	-0.372120
1987.833333	-0.372877
1987.916667	-0.373625
1988.000000	-0.374366
1988.083333	-0.375099
1988.166667	-0.375824
1988.250000	-0.376541
1988.333333	-0.377251
1988.416667	-0.377952
1988.500000	-0.378646
1988.583333	-0.379332
1988.666667	-0.097095
1988.750000	-0.096443
1988.833333	-0.095779
1988.916667	-0.095103
1989.000000	-0.094414
1989.083333	-0.093714
1989.166667	-0.093001
1989.250000	-0.092277
1989.333333	-0.091540
1989.416667	-0.090792
1989.500000	-0.090031
1989.583333	-0.089259
1989.666667	0.309616
1989.750000	0.310246
1989.833333	0.310867
1989.916667	0.311477
1990.000000	0.312079
1990.083333	0.312670
1990.166667	0.313253
1990.250000	0.313826
1990.333333	0.314389
1990.416667	0.314944
1990.500000	0.315489
1990.583333	0.316025
1990.666667	-0.114400
1990.750000	-0.114402
1990.833333	-0.114392
1990.916667	-0.114371
1991.000000	-0.114337
1991.083333	-0.114292
1991.166667	-0.114235
1991.250000	-0.114165
1991.333333	-0.114084
1991.416667	-0.113991
1991.500000	-0.113886
1991.583333	-0.113769
1991.666667	0.079822
1991.750000	0.078175
1991.833333	0.076529
1991.916667	0.074885
1992.000000	0.073242
1992.083333	0.071600
1992.166667	0.069961
1992.250000	0.068323
1992.333333	0.066688
1992.416667	0.065054
1992.500000	0.063422
1992.583333	0.061793
1992.666667	0.135019
1992.750000	0.135512
1992.833333	0.136015
1992.916667	0.136530
1993.000000	0.137056
1993.083333	0.137593
1993.166667	0.138140
1993.250000	0.138699
1993.333333	0.139269
1993.416667	0.139849
1993.500000	0.140440
1993.583333	0.141043
1993.666667	0.240129
1993.750000	0.238910
1993.833333	0.237693
1993.916667	0.236477
1994.000000	0.235263
1994.083333	0.234051
1994.166667	0.232841
1994.250000	0.231634
1994.333333	0.230428
1994.416667	0.229225
1994.500000	0.228025
1994.583333	0.226827
1994.666667	0.412365
1994.750000	0.412032
1994.833333	0.411696
1994.916667	0.411356
1995.000000	0.411013
1995.083333	0.410667
1995.166667	0.410318
1995.250000	0.409966
1995.333333	0.409611
1995.416667	0.409253
1995.500000	0.408893
1995.583333	0.408530
1995.666667	0.420514
1995.750000	0.420522
1995.833333	0.420529
1995.916667	0.420534
1996.000000	0.420539
1996.083333	0.420542
1996.166667	0.420545
1996.250000	0.420546
1996.333333	0.420546
1996.416667	0.420545
1996.500000	0.420543
1996.583333	0.420540
1996.666667	0.215153
1996.750000	0.213989
1996.833333	0.212830
1996.916667	0.211674
1997.000000	0.210523
1997.083333	0.209375
1997.166667	0.208232
1997.250000	0.207092
1997.333333	0.205958
1997.416667	0.204827
1997.500000	0.203702
1997.583333	0.202581
1997.666667	0.406221
1997.750000	0.406568
1997.833333	0.406913
1997.916667	0.407257
1998.000000	0.407598
1998.083333	0.407937
1998.166667	0.408274
1998.250000	0.408609
1998.333333	0.408941
1998.416667	0.409271
1998.500000	0.409599
1998.583333	0.409924
1998.666667	0.383953
1998.750000	0.383313
1998.833333	0.382672
1998.916667	0.382030
1999.000000	0.381387
1999.083333	0.380742
1999.166667	0.380097
1999.250000	0.379451
1999.333333	0.378804
1999.416667	0.378157
1999.500000	0.377509
1999.583333	0.376862
1999.666667	0.355440
1999.750000	0.356578
1999.833333	0.357710
1999.916667	0.358833
2000.000000	0.359948
2000.083333	0.361056
2000.166667	0.362155
2000.250000	0.363247
2000.333333	0.364330
2000.416667	0.365405
2000.500000	0.366471
2000.583333	0.367529
2000.666667	0.155623
2000.750000	0.156447
2000.833333	0.157281
2000.916667	0.158124
2001.000000	0.158977
2001.083333	0.159840
2001.166667	0.160712
2001.250000	0.161594
2001.333333	0.162485
2001.416667	0.163386
2001.500000	0.164296
2001.583333	0.165216
2001.666667	0.422253
2001.750000	0.422234
2001.833333	0.422210
2001.916667	0.422178
2002.000000	0.422141
2002.083333	0.422096
2002.166667	0.422046
2002.250000	0.421988
2002.333333	0.421925
2002.416667	0.421854
2002.500000	0.421778
2002.583333	0.421694
2002.666667	0.295929
2002.750000	0.297021
2002.833333	0.298114
2002.916667	0.299210
2003.000000	0.300308
2003.083333	0.301408
2003.166667	0.302510
2003.250000	0.303613
2003.333333	0.304718
2003.416667	0.305824
2003.500000	0.306932
2003.583333	0.308041
2003.666667	0.422088
2003.750000	0.422133
2003.833333	0.422171
2003.916667	0.422203
2004.000000	0.422229
2004.083333	0.422249
2004.166667	0.422262
2004.250000	0.422269
2004.333333	0.422270
2004.416667	0.422265
2004.500000	0.422252
2004.583333	0.422234
2004.666667	0.379371
2004.750000	0.378680
2004.833333	0.377982
2004.916667	0.377276
2005.000000	0.376564
2005.083333	0.375844
2005.166667	0.375117
2005.250000	0.374383
2005.333333	0.373642
2005.416667	0.372894
2005.500000	0.372139
2005.583333	0.371376
2005.666667	0.417598
2005.750000	0.417486
2005.833333	0.417371
2005.916667	0.417253
2006.000000	0.417133
2006.083333	0.417009
2006.166667	0.416882
2006.250000	0.416752
2006.333333	0.416618
2006.416667	0.416482
2006.500000	0.416342
2006.583333	0.416199
2006.666667	0.387456
2006.750000	0.387783
2006.833333	0.388113
2006.916667	0.388445
2007.000000	0.388779
2007.083333	0.389116
2007.166667	0.389454
2007.250000	0.389795
2007.333333	0.390137
2007.416667	0.390481
2007.500000	0.390828
2007.583333	0.391176
2007.666667	0.349437
2007.750000	0.350496
2007.833333	0.351552
2007.916667	0.352603
2008.000000	0.353651
2008.083333	0.354695
2008.166667	0.355734
2008.250000	0.356769
2008.333333	0.357799
2008.416667	0.358825
2008.500000	0.359846
2008.583333	0.360863
2008.666667	0.366812
2008.750000	0.366218
2008.833333	0.365625
2008.916667	0.365034
2009.000000	0.364443
2009.083333	0.363854
2009.166667	0.363265
2009.250000	0.362679
2009.333333	0.362093
2009.416667	0.361510
2009.500000	0.360928
2009.583333	0.360347
2009.666667	0.388043
2009.750000	0.387475
2009.833333	0.386904
2009.916667	0.386331
2010.000000	0.385756
2010.083333	0.385179
2010.166667	0.384600
2010.250000	0.384019
2010.333333	0.383436
2010.416667	0.382852
2010.500000	0.382267
2010.583333	0.381679
2010.666667	0.377469
2010.750000	0.376711
2010.833333	0.375948
2010.916667	0.375178
2011.000000	0.374403
2011.083333	0.373622
2011.166667	0.372835
2011.250000	0.372042
2011.333333	0.371244
2011.416667	0.370440
2011.500000	0.369630
2011.583333	0.368815
2011.666667	0.421776
2011.750000	0.421733
2011.833333	0.421690
2011.916667	0.421645
2012.000000	0.421599
2012.083333	0.421552
2012.166667	0.421504
2012.250000	0.421455
2012.333333	0.421406
2012.416667	0.421356
2012.500000	0.421305
2012.583333	0.421254
2012.666667	0.404745
2012.750000	0.404283
2012.833333	0.403815
2012.916667	0.403339
2013.000000	0.402857
2013.083333	0.402368
2013.166667	0.401872
2013.250000	0.401369
2013.333333	0.400859
2013.416667	0.400342
2013.500000	0.399819
2013.583333	0.399288
2013.666667	0.402759
2013.750000	0.402268
2013.833333	0.401771
2013.916667	0.401266
2014.000000	0.400755
2014.083333	0.400237
2014.166667	0.399712
2014.250000	0.399181
2014.333333	0.398642
2014.416667	0.398097
2014.500000	0.397544
2014.583333	0.396985
2014.666667	0.421168
2014.750000	0.421218
2014.833333	0.421268
2014.916667	0.421317
2015.000000	0.421366
2015.083333	0.421414
2015.166667	0.421461
2015.250000	0.421508
2015.333333	0.421554
2015.416667	0.421599
2015.500000	0.421643
2015.583333	0.421686
2015.666667	0.420811
2015.750000	0.420637
2015.833333	0.420452
2015.916667	0.420259
2016.000000	0.420055
2016.083333	0.419843
2016.166667	0.419621
2016.250000	0.419390
2016.333333	0.419150
2016.416667	0.418902
2016.500000	0.418644
2016.583333	0.418377
2016.666667	0.408721
2016.750000	0.408322
2016.833333	0.407916
2016.916667	0.407504
2017.000000	0.407085
2017.083333	0.406659
2017.166667	0.406227
2017.250000	0.405788
2017.333333	0.405341
2017.416667	0.404889
2017.500000	0.404429
2017.583333	0.403962
2017.666667	0.422269
2017.750000	0.422265
2017.833333	0.422259
2017.916667	0.422249
2018.000000	0.422237
2018.083333	0.422223
2018.166667	0.422206
2018.250000	0.422187
2018.333333	0.422166
2018.416667	0.422142
2018.500000	0.422117
2018.583333	0.422089
2018.666667	0.419060
2018.750000	0.419069
2018.833333	0.419079
2018.916667	0.419090
2019.000000	0.419103
2019.083333	0.419117
2019.166667	0.419133
2019.250000	0.419150
2019.333333	0.419168
2019.416667	0.419188
2019.500000	0.419209
2019.583333	0.419232
2019.666667	0.389319
2019.750000	0.388966
2019.833333	0.388615
2019.916667	0.388266
2020.000000	0.387921
2020.083333	0.387578
2020.166667	0.387238
2020.250000	0.386901
2020.333333	0.386567
2020.416667	0.386236
2020.500000	0.385908
2020.583333	0.385583
2020.666667	0.421610
2020.750000	0.421489
2020.833333	0.421359
2020.916667	0.421218
2021.000000	0.421068
2021.083333	0.420909
2021.166667	0.420740
2021.250000	0.420561
2021.333333	0.420373
2021.416667	0.420175
2021.500000	0.419968
2021.583333	0.419751
2021.666667	0.396417
2021.750000	0.397078
2021.833333	0.397729
2021.916667	0.398369
2022.000000	0.399000
2022.083333	0.399620
