1880.000000	0.231484
1880.083333	0.231240
1880.166667	0.230994
1880.250000	0.230746
1880.333333	0.230495
1880.416667	0.230242
1880.500000	0.229987
1880.583333	0.229729
1880.666667	0.165621
1880.750000	0.165172
1880.833333	0.164722
1880.916667	0.164272
1881.000000	0.163823
1881.083333	0.163373
1881.166667	0.162924
1881.250000	0.162475
1881.333333	0.162026
1881.416667	0.161578
1881.500000	0.161129
1881.583333	0.160681
1881.666667	0.237930
1881.750000	0.237760
1881.833333	0.237588
1881.916667	0.237414
1882.000000	0.237237
1882.083333	0.237057
1882.166667	0.236875
1882.250000	0.236691
1882.333333	0.236504
1882.416667	0.236315
1882.500000	0.236123
1882.583333	0.235929
1882.666667	0.221072
1882.750000	0.221333
1882.833333	0.221593
1882.916667	0.221852
1883.000000	0.222110
1883.083333	0.222368
1883.166667	0.222624
1883.250000	0.222880
1883.333333	0.223135
1883.416667	0.223389
1883.500000	0.223642
1883.583333	0.223894
1883.666667	0.243412
1883.750000	0.243383
1883.833333	0.243352
1883.916667	0.243318
1884.000000	0.243282
1884.083333	0.243243
1884.166667	0.243201
1884.250000	0.243157
1884.333333	0.243111
1884.416667	0.243062
1884.500000	0.243010
1884.583333	0.242956
1884.666667	0.242018
1884.750000	0.241929
1884.833333	0.241836
1884.916667	0.241741
1885.000000	0.241644
1885.083333	0.241544
1885.166667	0.241442
1885.250000	0.241337
1885.333333	0.241229
1885.416667	0.241119
1885.500000	0.241007
1885.583333	0.240892
1885.666667	0.241463
1885.750000	0.241560
1885.833333	0.241655
1885.916667	0.241748
1886.000000	0.241838
1886.083333	0.241927
1886.166667	0.242013
1886.250000	0.242097
1886.333333	0.242178
1886.416667	0.242258
1886.500000	0.242335
1886.583333	0.242410
1886.666667	0.240527
1886.750000	0.240401
1886.833333	0.240274
1886.916667	0.240143
1887.000000	0.240010
1887.083333	0.239875
1887.166667	0.239737
1887.250000	0.239597
1887.333333	0.239454
1887.416667	0.239308
1887.500000	0.239161
1887.583333	0.239010
1887.666667	0.197266
1887.750000	0.196850
1887.833333	0.196433
1887.916667	0.196015
1888.000000	0.195595
1888.083333	0.195175
1888.166667	0.194755
1888.250000	0.194333
1888.333333	0.193910
1888.416667	0.193486
1888.500000	0.193061
1888.583333	0.192636
1888.666667	0.239856
1888.750000	0.239718
1888.833333	0.239577
1888.916667	0.239434
1889.000000	0.239288
1889.083333	0.239140
1889.166667	0.238989
1889.250000	0.238836
1889.333333	0.238680
1889.416667	0.238522
1889.500000	0.238362
1889.583333	0.238198
1889.666667	0.242695
1889.750000	0.242627
1889.833333	0.242557
1889.916667	0.242485
1890.000000	0.242409
1890.083333	0.242332
1890.166667	0.242252
1890.250000	0.242169
1890.333333	0.242083
1890.416667	0.241996
1890.500000	0.241905
1890.583333	0.241812
1890.666667	0.103206
1890.750000	0.103477
1890.833333	0.103749
1890.916667	0.104024
1891.000000	0.104300
1891.083333	0.104578
1891.166667	0.104859
1891.250000	0.105140
1891.333333	0.105424
1891.416667	0.105710
1891.500000	0.105997
1891.583333	0.105710
1891.666667	0.092276
1891.750000	0.092102
1891.833333	0.091930
1891.916667	0.091761
1892.000000	0.091594
1892.083333	0.091429
1892.166667	0.091267
1892.250000	0.091108
1892.333333	0.090950
1892.416667	0.090796
1892.500000	0.090643
1892.583333	0.090494
1892.666667	0.153008
1892.750000	0.152566
1892.833333	0.152125
1892.916667	0.151685
1893.000000	0.151245
1893.083333	0.150806
1893.166667	0.150367
1893.250000	0.149929
1893.333333	0.149491
1893.416667	0.149054
1893.500000	0.148618
1893.583333	0.148182
1893.666667	0.202421
1893.750000	0.202019
1893.833333	0.201616
1893.916667	0.201212
1894.000000	0.200806
1894.083333	0.200400
1894.166667	0.199992
1894.250000	0.199583
1894.333333	0.199173
1894.416667	0.198762
1894.500000	0.198350
1894.583333	0.197936
1894.666667	0.113401
1894.750000	0.113047
1894.833333	0.112694
1894.916667	0.112344
1895.000000	0.111995
1895.083333	0.111649
1895.166667	0.111305
1895.250000	0.110963
1895.333333	0.110623
1895.416667	0.110285
1895.500000	0.109950
1895.583333	0.109616
1895.666667	0.227114
1895.750000	0.226764
1895.833333	0.226411
1895.916667	0.226055
1896.000000	0.225696
1896.083333	0.225334
1896.166667	0.224970
1896.250000	0.224603
1896.333333	0.224233
1896.416667	0.223860
1896.500000	0.223484
1896.583333	0.223106
1896.666667	0.094187
1896.750000	0.093988
1896.833333	0.093792
1896.916667	0.093598
1897.000000	0.093406
1897.083333	0.093217
1897.166667	0.093030
1897.250000	0.092845
1897.333333	0.092663
1897.416667	0.092484
1897.500000	0.092306
1897.583333	0.092132
1897.666667	0.100074
1897.750000	0.100322
1897.833333	0.100572
1897.916667	0.100823
1898.000000	0.101077
1898.083333	0.101333
1898.166667	0.101590
1898.250000	0.101849
1898.333333	0.102111
1898.416667	0.102374
1898.500000	0.102639
1898.583333	0.102906
1898.666667	0.150659
1898.750000	0.150169
1898.833333	0.149680
1898.916667	0.149191
1899.000000	0.148704
1899.083333	0.148218
1899.166667	0.147733
1899.250000	0.147248
1899.333333	0.146765
1899.416667	0.146283
1899.500000	0.145802
1899.583333	0.145323
1899.666667	0.221391
1899.750000	0.220998
1899.833333	0.220603
1899.916667	0.220206
1900.000000	0.219806
1900.083333	0.219403
1900.166667	0.218998
1900.250000	0.218591
1900.333333	0.218181
1900.416667	0.217769
1900.500000	0.217355
1900.583333	0.216938
1900.666667	0.131057
1900.750000	0.130621
1900.833333	0.130187
1900.916667	0.129754
1901.000000	0.129323
1901.083333	0.128893
1901.166667	0.128466
1901.250000	0.128039
1901.333333	0.127615
1901.416667	0.127192
1901.500000	0.126771
1901.583333	0.126351
1901.666667	0.122947
1901.750000	0.122543
1901.833333	0.122142
1901.916667	0.121743
1902.000000	0.121345
1902.083333	0.120949
1902.166667	0.120555
1902.250000	0.120163
1902.333333	0.119773
1902.416667	0.119385
1902.500000	0.118998
1902.583333	0.118614
1902.666667	0.223285
1902.750000	0.222905
1902.833333	0.222522
1902.916667	0.222137
1903.000000	0.221750
1903.083333	0.221360
1903.166667	0.220967
1903.250000	0.220572
1903.333333	0.220174
1903.416667	0.219774
1903.500000	0.219371
1903.583333	0.218966
1903.666667	0.207498
1903.750000	0.207038
1903.833333	0.206575
1903.916667	0.206111
1904.000000	0.205646
1904.083333	0.205179
1904.166667	0.204710
1904.250000	0.204240
1904.333333	0.203768
1904.416667	0.203295
1904.500000	0.202821
1904.583333	0.202345
1904.666667	0.163738
1904.750000	0.163229
1904.833333	0.162721
1904.916667	0.162213
1905.000000	0.161705
1905.083333	0.161198
1905.166667	0.160692
1905.250000	0.160186
1905.333333	0.159681
1905.416667	0.159177
1905.500000	0.158673
1905.583333	0.158170
1905.666667	0.241885
1905.750000	0.242012
1905.833333	0.242134
1905.916667	0.242252
1906.000000	0.242364
1906.083333	0.242471
1906.166667	0.242573
1906.250000	0.242670
1906.333333	0.242761
1906.416667	0.242848
1906.500000	0.242930
1906.583333	0.243007
1906.666667	0.144215
1906.750000	0.145118
1906.833333	0.146017
1906.916667	0.146915
1907.000000	0.147809
1907.083333	0.148701
1907.166667	0.149591
1907.250000	0.150477
1907.333333	0.151361
1907.416667	0.152243
1907.500000	0.153121
1907.583333	0.153997
1907.666667	0.243539
1907.750000	0.243522
1907.833333	0.243499
1907.916667	0.243472
1908.000000	0.243439
1908.083333	0.243403
1908.166667	0.243361
1908.250000	0.243315
1908.333333	0.243264
1908.416667	0.243208
1908.500000	0.243148
1908.583333	0.243083
1908.666667	0.239552
1908.750000	0.239363
1908.833333	0.239170
1908.916667	0.238973
1909.000000	0.238772
1909.083333	0.238566
1909.166667	0.238357
1909.250000	0.238145
1909.333333	0.237928
1909.416667	0.237707
1909.500000	0.237482
1909.583333	0.237254
1909.666667	-0.101198
1909.750000	-0.100652
1909.833333	-0.100104
1909.916667	-0.099552
1910.000000	-0.098997
1910.083333	-0.098440
1910.166667	-0.097878
1910.250000	-0.097314
1910.333333	-0.096747
1910.416667	-0.096176
1910.500000	-0.095603
1910.583333	-0.095026
1910.666667	-0.149073
1910.750000	-0.149184
1910.833333	-0.149292
1910.916667	-0.149398
1911.000000	-0.149502
1911.083333	-0.149603
1911.166667	-0.149701
1911.250000	-0.149797
1911.333333	-0.149890
1911.416667	-0.149981
1911.500000	-0.150069
1911.583333	-0.150155
1911.666667	-0.056987
1911.750000	-0.056232
1911.833333	-0.055474
1911.916667	-0.054713
1912.000000	-0.053949
1912.083333	-0.053182
1912.166667	-0.052412
1912.250000	-0.051640
1912.333333	-0.050865
1912.416667	-0.050087
1912.500000	-0.049306
1912.583333	-0.048522
1912.666667	0.015190
1912.750000	0.016142
1912.833333	0.017095
1912.916667	0.018050
1913.000000	0.019007
1913.083333	0.019965
1913.166667	0.020924
1913.250000	0.021885
1913.333333	0.022847
1913.416667	0.023811
1913.500000	0.024776
1913.583333	0.025742
1913.666667	-0.053424
1913.750000	-0.054138
1913.833333	-0.054849
1913.916667	-0.055557
1914.000000	-0.056264
1914.083333	-0.056968
1914.166667	-0.057670
1914.250000	-0.058370
1914.333333	-0.059068
1914.416667	-0.059763
1914.500000	-0.060456
1914.583333	-0.061146
1914.666667	0.166943
1914.750000	0.166349
1914.833333	0.165753
1914.916667	0.165153
1915.000000	0.164551
1915.083333	0.163946
1915.166667	0.163338
1915.250000	0.162727
1915.333333	0.162114
1915.416667	0.161498
1915.500000	0.160879
1915.583333	0.160258
1915.666667	-0.044675
1915.750000	-0.045413
1915.833333	-0.046150
1915.916667	-0.046885
1916.000000	-0.047618
1916.083333	-0.048348
1916.166667	-0.049077
1916.250000	-0.049803
1916.333333	-0.050527
1916.416667	-0.051249
1916.500000	-0.051969
1916.583333	-0.052687
1916.666667	-0.100592
1916.750000	-0.101114
1916.833333	-0.101633
1916.916667	-0.102150
1917.000000	-0.102663
1917.083333	-0.103174
1917.166667	-0.103683
1917.250000	-0.104188
1917.333333	-0.104691
1917.416667	-0.105191
1917.500000	-0.105688
1917.583333	-0.106183
1917.666667	0.214983
1917.750000	0.214697
1917.833333	0.214408
1917.916667	0.214116
1918.000000	0.213823
1918.083333	0.213526
1918.166667	0.213227
1918.250000	0.212926
1918.333333	0.212622
1918.416667	0.212316
1918.500000	0.212007
1918.583333	0.211695
1918.666667	0.235543
1918.750000	0.235493
1918.833333	0.235441
1918.916667	0.235388
1919.000000	0.235334
1919.083333	0.235279
1919.166667	0.235223
1919.250000	0.235166
1919.333333	0.235108
1919.416667	0.235049
1919.500000	0.234988
1919.583333	0.234927
1919.666667	0.196393
1919.750000	0.195966
1919.833333	0.195535
1919.916667	0.195101
1920.000000	0.194665
1920.083333	0.194225
1920.166667	0.193783
1920.250000	0.193338
1920.333333	0.192890
1920.416667	0.192440
1920.500000	0.191986
1920.583333	0.191529
1920.666667	0.213517
1920.750000	0.213218
1920.833333	0.212917
1920.916667	0.212613
1921.000000	0.212306
1921.083333	0.211997
1921.166667	0.211685
1921.250000	0.211371
1921.333333	0.211054
1921.416667	0.210735
1921.500000	0.210413
1921.583333	0.210088
1921.666667	0.230236
1921.750000	0.230374
1921.833333	0.230509
1921.916667	0.230643
1922.000000	0.230775
1922.083333	0.230905
1922.166667	0.231033
1922.250000	0.231159
1922.333333	0.231284
1922.416667	0.231406
1922.500000	0.231527
1922.583333	0.231646
1922.666667	0.235738
1922.750000	0.235785
1922.833333	0.235831
1922.916667	0.235875
1923.000000	0.235919
1923.083333	0.235962
1923.166667	0.236003
1923.250000	0.236044
1923.333333	0.236083
1923.416667	0.236121
1923.500000	0.236159
1923.583333	0.236195
1923.666667	0.233080
1923.750000	0.232988
1923.833333	0.232894
1923.916667	0.232799
1924.000000	0.232703
1924.083333	0.232605
1924.166667	0.232506
1924.250000	0.232406
1924.333333	0.232304
1924.416667	0.232201
1924.500000	0.232096
1924.583333	0.231990
1924.666667	0.225885
1924.750000	0.226079
1924.833333	0.226271
1924.916667	0.226460
1925.000000	0.226647
1925.083333	0.226832
1925.166667	0.227015
1925.250000	0.227195
1925.333333	0.227373
1925.416667	0.227548
1925.500000	0.227721
1925.583333	0.227893
1925.666667	0.087558
1925.750000	0.088675
1925.833333	0.089788
1925.916667	0.090897
1926.000000	0.092002
1926.083333	0.093103
1926.166667	0.094199
1926.250000	0.095292
1926.333333	0.096380
1926.416667	0.097465
1926.500000	0.098544
1926.583333	0.099620
1926.666667	0.225618
1926.750000	0.225816
1926.833333	0.226011
1926.916667	0.226204
1927.000000	0.226394
1927.083333	0.226582
1927.166667	0.226768
1927.250000	0.226951
1927.333333	0.227132
1927.416667	0.227310
1927.500000	0.227487
1927.583333	0.227661
1927.666667	0.236724
1927.750000	0.236740
1927.833333	0.236755
1927.916667	0.236769
1928.000000	0.236783
1928.083333	0.236795
1928.166667	0.236807
1928.250000	0.236818
1928.333333	0.236827
1928.416667	0.236836
1928.500000	0.236845
1928.583333	0.236852
1928.666667	-0.011543
1928.750000	-0.010225
1928.833333	-0.008907
1928.916667	-0.007591
1929.000000	-0.006275
1929.083333	-0.004959
1929.166667	-0.003645
1929.250000	-0.002332
1929.333333	-0.001020
1929.416667	0.000292
1929.500000	0.001602
1929.583333	0.002911
1929.666667	-0.239277
1929.750000	-0.239064
1929.833333	-0.238847
1929.916667	-0.238623
1930.000000	-0.238394
1930.083333	-0.238160
1930.166667	-0.237919
1930.250000	-0.237673
1930.333333	-0.237422
1930.416667	-0.237164
1930.500000	-0.236901
1930.583333	-0.236632
1930.666667	0.040494
1930.750000	0.041745
1930.833333	0.042992
1930.916667	0.044238
1931.000000	0.045480
1931.083333	0.046719
1931.166667	0.047956
1931.250000	0.049190
1931.333333	0.050421
1931.416667	0.051649
1931.500000	0.052874
1931.583333	0.054096
1931.666667	0.185925
1931.750000	0.186503
1931.833333	0.187077
1931.916667	0.187646
1932.000000	0.188211
1932.083333	0.188771
1932.166667	0.189327
1932.250000	0.189878
1932.333333	0.190425
1932.416667	0.190967
1932.500000	0.191505
1932.583333	0.192039
1932.666667	-0.243314
1932.750000	-0.243356
1932.833333	-0.243394
1932.916667	-0.243428
1933.000000	-0.243459
1933.083333	-0.243486
1933.166667	-0.243509
1933.250000	-0.243528
1933.333333	-0.243543
1933.416667	-0.243554
1933.500000	-0.243561
1933.583333	-0.243564
1933.666667	-0.211168
1933.750000	-0.211058
1933.833333	-0.210949
1933.916667	-0.210843
1934.000000	-0.210738
1934.083333	-0.210635
1934.166667	-0.210535
1934.250000	-0.210436
1934.333333	-0.210339
1934.416667	-0.210245
1934.500000	-0.210152
1934.583333	-0.210061
1934.666667	-0.238152
1934.750000	-0.238321
1934.833333	-0.238488
1934.916667	-0.238653
1935.000000	-0.238817
1935.083333	-0.238978
1935.166667	-0.239137
1935.250000	-0.239294
1935.333333	-0.239449
1935.416667	-0.239602
1935.500000	-0.239752
1935.583333	-0.239900
1935.666667	-0.233363
1935.750000	-0.233024
1935.833333	-0.232679
1935.916667	-0.232328
1936.000000	-0.231970
1936.083333	-0.231607
1936.166667	-0.231237
1936.250000	-0.230862
1936.333333	-0.230480
1936.416667	-0.230092
1936.500000	-0.229697
1936.583333	-0.229297
1936.666667	-0.216692
1936.750000	-0.216519
1936.833333	-0.216347
1936.916667	-0.216177
1937.000000	-0.216008
1937.083333	-0.215840
1937.166667	-0.215674
1937.250000	-0.215509
1937.333333	-0.215346
1937.416667	-0.215184
1937.500000	-0.215023
1937.583333	-0.214864
1937.666667	-0.242641
1937.750000	-0.242565
1937.833333	-0.242486
1937.916667	-0.242404
1938.000000	-0.242319
1938.083333	-0.242232
1938.166667	-0.242142
1938.250000	-0.242050
1938.333333	-0.241954
1938.416667	-0.241857
1938.500000	-0.241756
1938.583333	-0.241653
1938.666667	-0.208709
1938.750000	-0.208662
1938.833333	-0.208618
1938.916667	-0.208575
1939.000000	-0.208535
1939.083333	-0.208497
1939.166667	-0.208462
1939.250000	-0.208428
1939.333333	-0.208397
1939.416667	-0.208368
1939.500000	-0.208341
1939.583333	-0.208317
1939.666667	-0.208922
1939.750000	-0.208867
1939.833333	-0.208813
1939.916667	-0.208762
1940.000000	-0.208713
1940.083333	-0.208666
1940.166667	-0.208621
1940.250000	-0.208579
1940.333333	-0.208538
1940.416667	-0.208500
1940.500000	-0.208464
1940.583333	-0.208431
1940.666667	-0.236914
1940.750000	-0.237145
1940.833333	-0.237371
1940.916667	-0.237593
1941.000000	-0.237811
1941.083333	-0.238024
1941.166667	-0.238234
1941.250000	-0.238439
1941.333333	-0.238640
1941.416667	-0.238837
1941.500000	-0.239029
1941.583333	-0.239217
1941.666667	-0.243474
1941.750000	-0.243448
1941.833333	-0.243419
1941.916667	-0.243386
1942.000000	-0.243351
1942.083333	-0.243312
1942.166667	-0.243270
1942.250000	-0.243225
1942.333333	-0.243177
1942.416667	-0.243126
1942.500000	-0.243072
1942.583333	-0.243014
1942.666667	-0.209596
1942.750000	-0.209519
1942.833333	-0.209444
1942.916667	-0.209371
1943.000000	-0.209300
1943.083333	-0.209232
1943.166667	-0.209165
1943.250000	-0.209101
1943.333333	-0.209039
1943.416667	-0.208979
1943.500000	-0.208921
1943.583333	-0.208865
1943.666667	-0.234704
1943.750000	-0.234515
1943.833333	-0.234325
1943.916667	-0.234134
1944.000000	-0.233943
1944.083333	-0.233750
1944.166667	-0.233556
1944.250000	-0.233361
1944.333333	-0.233165
1944.416667	-0.232968
1944.500000	-0.232771
1944.583333	-0.232573
1944.666667	-0.210153
1944.750000	-0.210673
1944.833333	-0.211189
1944.916667	-0.211701
1945.000000	-0.212209
1945.083333	-0.212714
1945.166667	-0.213215
1945.250000	-0.213712
1945.333333	-0.214206
1945.416667	-0.214695
1945.500000	-0.215181
1945.583333	-0.215663
1945.666667	-0.225884
1945.750000	-0.225676
1945.833333	-0.225467
1945.916667	-0.225259
1946.000000	-0.225051
1946.083333	-0.224843
1946.166667	-0.224635
1946.250000	-0.224428
1946.333333	-0.224221
1946.416667	-0.224014
1946.500000	-0.223808
1946.583333	-0.223603
1946.666667	-0.219237
1946.750000	-0.219433
1946.833333	-0.219629
1946.916667	-0.219827
1947.000000	-0.220026
1947.083333	-0.220225
1947.166667	-0.220426
1947.250000	-0.220628
1947.333333	-0.220830
1947.416667	-0.221033
1947.500000	-0.221238
1947.583333	-0.221443
1947.666667	-0.235527
1947.750000	-0.235344
1947.833333	-0.235159
1947.916667	-0.234973
1948.000000	-0.234786
1948.083333	-0.234598
1948.166667	-0.234409
1948.250000	-0.234218
1948.333333	-0.234027
1948.416667	-0.233834
1948.500000	-0.233641
1948.583333	-0.233446
1948.666667	-0.207991
1948.750000	-0.208526
1948.833333	-0.209056
1948.916667	-0.209584
1949.000000	-0.210107
1949.083333	-0.210627
1949.166667	-0.211143
1949.250000	-0.211656
1949.333333	-0.212165
1949.416667	-0.212670
1949.500000	-0.213171
1949.583333	-0.213668
1949.666667	-0.212785
1949.750000	-0.212651
1949.833333	-0.212518
1949.916667	-0.212387
1950.000000	-0.212258
1950.083333	-0.212131
1950.166667	-0.212005
1950.250000	-0.211881
1950.333333	-0.211759
1950.416667	-0.211639
1950.500000	-0.211521
1950.583333	-0.211405
1950.666667	-0.241136
1950.750000	-0.241259
1950.833333	-0.241379
1950.916667	-0.241496
1951.000000	-0.241611
1951.083333	-0.241723
1951.166667	-0.241832
1951.250000	-0.241938
1951.333333	-0.242041
1951.416667	-0.242141
1951.500000	-0.242238
1951.583333	-0.242332
1951.666667	-0.222870
1951.750000	-0.222666
1951.833333	-0.222463
1951.916667	-0.222261
1952.000000	-0.222059
1952.083333	-0.221858
1952.166667	-0.221658
1952.250000	-0.221458
1952.333333	-0.221259
1952.416667	-0.221061
1952.500000	-0.220863
1952.583333	-0.220667
1952.666667	-0.217534
1952.750000	-0.217997
1952.833333	-0.218455
1952.916667	-0.218910
1953.000000	-0.219360
1953.083333	-0.219807
1953.166667	-0.220250
1953.250000	-0.220688
1953.333333	-0.221123
1953.416667	-0.221553
1953.500000	-0.221980
1953.583333	-0.222402
1953.666667	-0.218700
1953.750000	-0.218513
1953.833333	-0.218328
1953.916667	-0.218144
1954.000000	-0.217962
1954.083333	-0.217780
1954.166667	-0.217599
1954.250000	-0.217420
1954.333333	-0.217242
1954.416667	-0.217065
1954.500000	-0.216889
1954.583333	-0.216715
1954.666667	-0.220784
1954.750000	-0.220987
1954.833333	-0.221191
1954.916667	-0.221396
1955.000000	-0.221602
1955.083333	-0.221809
1955.166667	-0.222016
1955.250000	-0.222224
1955.333333	-0.222433
1955.416667	-0.222643
1955.500000	-0.222853
1955.583333	-0.223064
1955.666667	-0.232099
1955.750000	-0.231898
1955.833333	-0.231696
1955.916667	-0.231494
1956.000000	-0.231291
1956.083333	-0.231088
1956.166667	-0.230884
1956.250000	-0.230679
1956.333333	-0.230474
1956.416667	-0.230269
1956.500000	-0.230063
1956.583333	-0.229856
1956.666667	-0.237476
1956.750000	-0.237696
1956.833333	-0.237912
1956.916667	-0.238123
1957.000000	-0.238331
1957.083333	-0.238534
1957.166667	-0.238733
1957.250000	-0.238927
1957.333333	-0.239118
1957.416667	-0.239304
1957.500000	-0.239487
1957.583333	-0.239665
1957.666667	-0.211310
1957.750000	-0.211197
1957.833333	-0.211086
1957.916667	-0.210977
1958.000000	-0.210870
1958.083333	-0.210765
1958.166667	-0.210661
1958.250000	-0.210560
1958.333333	-0.210461
1958.416667	-0.210364
1958.500000	-0.210269
1958.583333	-0.210176
1958.666667	-0.208343
1958.750000	-0.208370
1958.833333	-0.208399
1958.916667	-0.208431
1959.000000	-0.208465
1959.083333	-0.208501
1959.166667	-0.208539
1959.250000	-0.208580
1959.333333	-0.208623
1959.416667	-0.208668
1959.500000	-0.208715
1959.583333	-0.208764
1959.666667	-0.239256
1959.750000	-0.239109
1959.833333	-0.238959
1959.916667	-0.238808
1960.000000	-0.238655
1960.083333	-0.238499
1960.166667	-0.238342
1960.250000	-0.238184
1960.333333	-0.238023
1960.416667	-0.237861
1960.500000	-0.237697
1960.583333	-0.237532
1960.666667	-0.230591
1960.750000	-0.230386
1960.833333	-0.230180
1960.916667	-0.229974
1961.000000	-0.229767
1961.083333	-0.229560
1961.166667	-0.229353
1961.250000	-0.229145
1961.333333	-0.228937
1961.416667	-0.228729
1961.500000	-0.228521
1961.583333	-0.228312
1961.666667	-0.229198
1961.750000	-0.229415
1961.833333	-0.229631
1961.916667	-0.229848
1962.000000	-0.230064
1962.083333	-0.230279
1962.166667	-0.230494
1962.250000	-0.230709
1962.333333	-0.230923
1962.416667	-0.231137
1962.500000	-0.231350
1962.583333	-0.231562
1962.666667	-0.212771
1962.750000	-0.212909
1962.833333	-0.213050
1962.916667	-0.213192
1963.000000	-0.213335
1963.083333	-0.213481
1963.166667	-0.213628
1963.250000	-0.213777
1963.333333	-0.213928
1963.416667	-0.214081
1963.500000	-0.214235
1963.583333	-0.214391
1963.666667	-0.220216
1963.750000	-0.220022
1963.833333	-0.219829
1963.916667	-0.219637
1964.000000	-0.219446
1964.083333	-0.219256
1964.166667	-0.219067
1964.250000	-0.218879
1964.333333	-0.218692
1964.416667	-0.218505
1964.500000	-0.218320
1964.583333	-0.218137
1964.666667	-0.231877
1964.750000	-0.232088
1964.833333	-0.232298
1964.916667	-0.232508
1965.000000	-0.232716
1965.083333	-0.232924
1965.166667	-0.233131
1965.250000	-0.233337
1965.333333	-0.233543
1965.416667	-0.233747
1965.500000	-0.233950
1965.583333	-0.234152
1965.666667	-0.003895
1965.750000	-0.002582
1965.833333	-0.001269
1965.916667	0.000042
1966.000000	0.001352
1966.083333	0.002662
1966.166667	0.003970
1966.250000	0.005276
1966.333333	0.006581
1966.416667	0.007885
1966.500000	0.009188
1966.583333	0.010489
1966.666667	-0.226014
1966.750000	-0.225559
1966.833333	-0.225097
1966.916667	-0.224629
1967.000000	-0.224155
1967.083333	-0.223674
1967.166667	-0.223187
1967.250000	-0.222693
1967.333333	-0.222193
1967.416667	-0.221687
1967.500000	-0.221174
1967.583333	-0.220655
1967.666667	-0.228257
1967.750000	-0.228474
1967.833333	-0.228692
1967.916667	-0.228909
1968.000000	-0.229126
1968.083333	-0.229343
1968.166667	-0.229560
1968.250000	-0.229776
1968.333333	-0.229992
1968.416667	-0.230208
1968.500000	-0.230423
1968.583333	-0.230638
1968.666667	-0.018006
1968.750000	-0.016685
1968.833333	-0.015364
1968.916667	-0.014044
1969.000000	-0.012724
1969.083333	-0.011406
1969.166667	-0.010087
1969.250000	-0.008770
1969.333333	-0.007453
1969.416667	-0.006137
1969.500000	-0.004822
1969.583333	-0.003508
1969.666667	0.236784
1969.750000	0.236771
1969.833333	0.236757
1969.916667	0.236742
1970.000000	0.236726
1970.083333	0.236709
1970.166667	0.236692
1970.250000	0.236673
1970.333333	0.236654
1970.416667	0.236634
1970.500000	0.236613
1970.583333	0.236591
1970.666667	0.197994
1970.750000	0.198473
1970.833333	0.198948
1970.916667	0.199418
1971.000000	0.199884
1971.083333	0.200346
1971.166667	0.200804
1971.250000	0.201258
1971.333333	0.201708
1971.416667	0.202153
1971.500000	0.202595
1971.583333	0.203033
1971.666667	-0.023004
1971.750000	-0.021682
1971.833333	-0.020360
1971.916667	-0.019039
1972.000000	-0.017717
1972.083333	-0.016397
1972.166667	-0.015076
1972.250000	-0.013756
1972.333333	-0.012437
1972.416667	-0.011118
1972.500000	-0.009800
1972.583333	-0.008483
1972.666667	0.228752
1972.750000	0.228909
1972.833333	0.229065
1972.916667	0.229218
1973.000000	0.229370
1973.083333	0.229519
1973.166667	0.229666
1973.250000	0.229812
1973.333333	0.229955
1973.416667	0.230096
1973.500000	0.230236
1973.583333	0.230373
1973.666667	0.198979
1973.750000	0.198569
1973.833333	0.198156
1973.916667	0.197740
1974.000000	0.197321
1974.083333	0.196900
1974.166667	0.196475
1974.250000	0.196048
1974.333333	0.195618
1974.416667	0.195185
1974.500000	0.194749
1974.583333	0.194310
1974.666667	0.235750
1974.750000	0.235704
1974.833333	0.235657
1974.916667	0.235608
1975.000000	0.235559
1975.083333	0.235509
1975.166667	0.235457
1975.250000	0.235405
1975.333333	0.235351
1975.416667	0.235297
1975.500000	0.235241
1975.583333	0.235184
1975.666667	0.232786
1975.750000	0.232886
1975.833333	0.232985
1975.916667	0.233082
1976.000000	0.233177
1976.083333	0.233271
1976.166667	0.233364
1976.250000	0.233455
1976.333333	0.233545
1976.416667	0.233633
1976.500000	0.233719
1976.583333	0.233804
1976.666667	0.213562
1976.750000	0.213264
1976.833333	0.212963
1976.916667	0.212659
1977.000000	0.212353
1977.083333	0.212044
1977.166667	0.211733
1977.250000	0.211419
1977.333333	0.211102
1977.416667	0.210783
1977.500000	0.210461
1977.583333	0.210137
1977.666667	0.131755
1977.750000	0.131026
1977.833333	0.130294
1977.916667	0.129560
1978.000000	0.128824
1978.083333	0.128086
1978.166667	0.127345
1978.250000	0.126602
1978.333333	0.125858
1978.416667	0.125111
1978.500000	0.124362
1978.583333	0.123611
1978.666667	0.214458
1978.750000	0.214168
1978.833333	0.213874
1978.916667	0.213578
1979.000000	0.213280
1979.083333	0.212979
1979.166667	0.212675
1979.250000	0.212369
1979.333333	0.212061
1979.416667	0.211750
1979.500000	0.211436
1979.583333	0.211119
1979.666667	0.204325
1979.750000	0.203953
1979.833333	0.203579
1979.916667	0.203201
1980.000000	0.202821
1980.083333	0.202438
1980.166667	0.202052
1980.250000	0.201664
1980.333333	0.201272
1980.416667	0.200878
1980.500000	0.200481
1980.583333	0.200081
1980.666667	-0.039409
1980.750000	-0.040163
1980.833333	-0.040914
1980.916667	-0.041663
1981.000000	-0.042410
1981.083333	-0.043155
1981.166667	-0.043898
1981.250000	-0.044639
1981.333333	-0.045378
1981.416667	-0.046115
1981.500000	-0.046850
1981.583333	-0.047583
1981.666667	-0.000871
1981.750000	-0.001700
1981.833333	-0.002528
1981.916667	-0.003354
1982.000000	-0.004180
1982.083333	-0.005004
1982.166667	-0.005827
1982.250000	-0.006649
1982.333333	-0.007470
1982.416667	-0.008289
1982.500000	-0.009107
1982.583333	-0.009924
1982.666667	0.132258
1982.750000	0.131530
1982.833333	0.130800
1982.916667	0.130068
1983.000000	0.129333
1983.083333	0.128596
1983.166667	0.127857
1983.250000	0.127116
1983.333333	0.126373
1983.416667	0.125627
1983.500000	0.124880
1983.583333	0.124130
1983.666667	-0.069973
1983.750000	-0.070630
1983.833333	-0.071285
1983.916667	-0.071937
1984.000000	-0.072586
1984.083333	-0.073233
1984.166667	-0.073878
1984.250000	-0.074520
1984.333333	-0.075160
1984.416667	-0.075797
1984.500000	-0.076432
1984.583333	-0.077064
1984.666667	-0.080244
1984.750000	-0.079589
1984.833333	-0.078931
1984.916667	-0.078269
1985.000000	-0.077605
1985.083333	-0.076937
1985.166667	-0.076266
1985.250000	-0.075593
1985.333333	-0.074916
1985.416667	-0.074236
1985.500000	-0.073553
1985.583333	-0.072867
1985.666667	-0.150535
1985.750000	-0.150460
1985.833333	-0.150384
1985.916667	-0.150304
1986.000000	-0.150223
1986.083333	-0.150138
1986.166667	-0.150051
1986.250000	-0.149962
1986.333333	-0.149870
1986.416667	-0.149775
1986.500000	-0.149678
1986.583333	-0.149578
1986.666667	-0.106730
1986.750000	-0.107219
1986.833333	-0.107705
1986.916667	-0.108188
1987.000000	-0.108668
1987.083333	-0.109146
1987.166667	-0.109621
1987.250000	-0.110093
1987.333333	-0.110563
1987.416667	-0.111030
1987.500000	-0.111494
1987.583333	-0.111955
1987.666667	-0.095332
1987.750000	-0.094754
1987.833333	-0.094172
1987.916667	-0.093588
1988.000000	-0.093000
1988.083333	-0.092409
1988.166667	-0.091815
1988.250000	-0.091218
1988.333333	-0.090618
1988.416667	-0.090014
1988.500000	-0.089408
1988.583333	-0.088798
1988.666667	0.204441
1988.750000	0.203970
1988.833333	0.203497
1988.916667	0.203023
1989.000000	0.202548
1989.083333	0.202071
1989.166667	0.201593
1989.250000	0.201114
1989.333333	0.200633
1989.416667	0.200151
1989.500000	0.199668
1989.583333	0.199183
1989.666667	0.236894
1989.750000	0.237153
1989.833333	0.237407
1989.916667	0.237656
1990.000000	0.237900
1990.083333	0.238138
1990.166667	0.238371
1990.250000	0.238599
1990.333333	0.238822
1990.416667	0.239040
1990.500000	0.239252
1990.583333	0.239459
1990.666667	0.057023
1990.750000	0.058018
1990.833333	0.059014
1990.916667	0.060010
1991.000000	0.061006
1991.083333	0.062003
1991.166667	0.062999
1991.250000	0.063997
1991.333333	0.064994
1991.416667	0.065991
1991.500000	0.066989
1991.583333	0.067987
1991.666667	0.242520
1991.750000	0.242420
1991.833333	0.242315
1991.916667	0.242206
1992.000000	0.242092
1992.083333	0.241974
1992.166667	0.241852
1992.250000	0.241725
1992.333333	0.241594
1992.416667	0.241458
1992.500000	0.241318
1992.583333	0.241174
1992.666667	0.087122
1992.750000	0.087195
1992.833333	0.087271
1992.916667	0.087350
1993.000000	0.087431
1993.083333	0.087514
1993.166667	0.087599
1993.250000	0.087687
1993.333333	0.087777
1993.416667	0.087870
1993.500000	0.087965
1993.583333	0.088062
1993.666667	0.100015
1993.750000	0.099756
1993.833333	0.099499
1993.916667	0.099245
1994.000000	0.098993
1994.083333	0.098743
1994.166667	0.098496
1994.250000	0.098251
1994.333333	0.098008
1994.416667	0.097768
1994.500000	0.097530
1994.583333	0.097294
1994.666667	0.148729
1994.750000	0.148243
1994.833333	0.147758
1994.916667	0.147273
1995.000000	0.146790
1995.083333	0.146308
1995.166667	0.145827
1995.250000	0.145347
1995.333333	0.144869
1995.416667	0.144391
1995.500000	0.143915
1995.583333	0.143439
1995.666667	0.086644
1995.750000	0.086590
1995.833333	0.086538
1995.916667	0.086489
1996.000000	0.086442
1996.083333	0.086398
1996.166667	0.086356
1996.250000	0.086317
1996.333333	0.086280
1996.416667	0.086246
1996.500000	0.086214
1996.583333	0.086184
1996.666667	0.126638
1996.750000	0.126254
1996.833333	0.125872
1996.916667	0.125491
1997.000000	0.125111
1997.083333	0.124733
1997.166667	0.124355
1997.250000	0.123980
1997.333333	0.123605
1997.416667	0.123232
1997.500000	0.122861
1997.583333	0.122490
1997.666667	0.087333
1997.750000	0.087414
1997.833333	0.087496
1997.916667	0.087581
1998.000000	0.087669
1998.083333	0.087758
1998.166667	0.087850
1998.250000	0.087945
1998.333333	0.088042
1998.416667	0.088141
1998.500000	0.088242
1998.583333	0.088346
1998.666667	0.094497
1998.750000	0.094693
1998.833333	0.094892
1998.916667	0.095093
1999.000000	0.095296
1999.083333	0.095500
1999.166667	0.095707
1999.250000	0.095917
1999.333333	0.096128
1999.416667	0.096341
1999.500000	0.096556
1999.583333	0.096774
1999.666667	0.168374
1999.750000	0.167924
1999.833333	0.167474
1999.916667	0.167024
2000.000000	0.166574
2000.083333	0.166124
2000.166667	0.165674
2000.250000	0.165224
2000.333333	0.164774
2000.416667	0.164325
2000.500000	0.163875
2000.583333	0.163426
2000.666667	0.123161
2000.750000	0.122789
2000.833333	0.122419
2000.916667	0.122051
2001.000000	0.121684
2001.083333	0.121318
2001.166667	0.120954
2001.250000	0.120591
2001.333333	0.120229
2001.416667	0.119869
2001.500000	0.119511
2001.583333	0.119154
2001.666667	0.086593
2001.750000	0.086542
2001.833333	0.086492
2001.916667	0.086445
2002.000000	0.086401
2002.083333	0.086359
2002.166667	0.086320
2002.250000	0.086283
2002.333333	0.086248
2002.416667	0.086216
2002.500000	0.086186
2002.583333	0.086159
2002.666667	0.143228
2002.750000	0.142802
2002.833333	0.142376
2002.916667	0.141951
2003.000000	0.141526
2003.083333	0.141103
2003.166667	0.140680
2003.250000	0.140259
2003.333333	0.139838
2003.416667	0.139418
2003.500000	0.138999
2003.583333	0.138581
2003.666667	0.242841
2003.750000	0.242779
2003.833333	0.242715
2003.916667	0.242648
2004.000000	0.242579
2004.083333	0.242507
2004.166667	0.242433
2004.250000	0.242356
2004.333333	0.242277
2004.416667	0.242195
2004.500000	0.242110
2004.583333	0.242023
2004.666667	0.149440
2004.750000	0.149003
2004.833333	0.148567
2004.916667	0.148131
2005.000000	0.147696
2005.083333	0.147262
2005.166667	0.146828
2005.250000	0.146395
2005.333333	0.145963
2005.416667	0.145531
2005.500000	0.145101
2005.583333	0.144670
2005.666667	0.088351
2005.750000	0.088244
2005.833333	0.088141
2005.916667	0.088040
2006.000000	0.087941
2006.083333	0.087845
2006.166667	0.087751
2006.250000	0.087660
2006.333333	0.087572
2006.416667	0.087485
2006.500000	0.087402
2006.583333	0.087320
2006.666667	0.173746
2006.750000	0.173297
2006.833333	0.172848
2006.916667	0.172399
2007.000000	0.171950
2007.083333	0.171500
2007.166667	0.171050
2007.250000	0.170601
2007.333333	0.170151
2007.416667	0.169701
2007.500000	0.169251
2007.583333	0.168801
2007.666667	0.211410
2007.750000	0.211688
2007.833333	0.211966
2007.916667	0.212244
2008.000000	0.212521
2008.083333	0.212799
2008.166667	0.213076
2008.250000	0.213352
2008.333333	0.213629
2008.416667	0.213905
2008.500000	0.214180
2008.583333	0.214456
2008.666667	0.241418
2008.750000	0.241312
2008.833333	0.241204
2008.916667	0.241094
2009.000000	0.240980
2009.083333	0.240865
2009.166667	0.240747
2009.250000	0.240626
2009.333333	0.240503
2009.416667	0.240377
2009.500000	0.240248
2009.583333	0.240118
2009.666667	0.149001
2009.750000	0.148565
2009.833333	0.148129
2009.916667	0.147694
2010.000000	0.147260
2010.083333	0.146826
2010.166667	0.146393
2010.250000	0.145961
2010.333333	0.145529
2010.416667	0.145099
2010.500000	0.144669
2010.583333	0.144239
2010.666667	0.232582
2010.750000	0.232349
2010.833333	0.232113
2010.916667	0.231875
2011.000000	0.231635
2011.083333	0.231392
2011.166667	0.231148
2011.250000	0.230901
2011.333333	0.230651
2011.416667	0.230400
2011.500000	0.230146
2011.583333	0.229890
2011.666667	0.202152
2011.750000	0.202428
2011.833333	0.202705
2011.916667	0.202981
2012.000000	0.203259
2012.083333	0.203536
2012.166667	0.203813
2012.250000	0.204091
2012.333333	0.204369
2012.416667	0.204648
2012.500000	0.204926
2012.583333	0.205205
2012.666667	0.238373
2012.750000	0.238521
2012.833333	0.238668
2012.916667	0.238812
2013.000000	0.238955
2013.083333	0.239095
2013.166667	0.239234
2013.250000	0.239371
2013.333333	0.239505
2013.416667	0.239638
2013.500000	0.239769
2013.583333	0.239897
2013.666667	0.241406
2013.750000	0.241301
2013.833333	0.241192
2013.916667	0.241081
2014.000000	0.240968
2014.083333	0.240852
2014.166667	0.240734
2014.250000	0.240613
2014.333333	0.240489
2014.416667	0.240363
2014.500000	0.240234
2014.583333	0.240103
2014.666667	0.240075
2014.750000	0.240199
2014.833333	0.240321
2014.916667	0.240440
2015.000000	0.240557
2015.083333	0.240673
2015.166667	0.240786
2015.250000	0.240897
2015.333333	0.241006
2015.416667	0.241113
2015.500000	0.241217
2015.583333	0.241320
2015.666667	0.235903
2015.750000	0.236079
2015.833333	0.236254
2015.916667	0.236426
2016.000000	0.236597
2016.083333	0.236767
2016.166667	0.236934
2016.250000	0.237100
2016.333333	0.237263
2016.416667	0.237425
2016.500000	0.237585
2016.583333	0.237743
2016.666667	0.235479
2016.750000	0.235277
2016.833333	0.235073
2016.916667	0.234866
2017.000000	0.234657
2017.083333	0.234446
2017.166667	0.234232
2017.250000	0.234016
2017.333333	0.233797
2017.416667	0.233576
2017.500000	0.233353
2017.583333	0.233127
2017.666667	0.243187
2017.750000	0.243142
2017.833333	0.243095
2017.916667	0.243045
2018.000000	0.242993
2018.083333	0.242938
2018.166667	0.242880
2018.250000	0.242820
2018.333333	0.242758
2018.416667	0.242693
2018.500000	0.242625
2018.583333	0.242555
2018.666667	0.241895
2018.750000	0.241982
2018.833333	0.242066
2018.916667	0.242149
2019.000000	0.242229
2019.083333	0.242307
2019.166667	0.242383
2019.250000	0.242456
2019.333333	0.242527
2019.416667	0.242596
2019.500000	0.242663
2019.583333	0.242727
2019.666667	0.175564
2019.750000	0.175116
2019.833333	0.174668
2019.916667	0.174219
2020.000000	0.173771
2020.083333	0.173322
2020.166667	0.172873
2020.250000	0.172424
2020.333333	0.171974
2020.416667	0.171525
2020.500000	0.171075
2020.583333	0.170625
2020.666667	0.090172
2020.750000	0.090312
2020.833333	0.090455
2020.916667	0.090599
2021.000000	0.090746
2021.083333	0.090895
2021.166667	0.091047
2021.250000	0.091200
2021.333333	0.091356
2021.416667	0.091514
2021.500000	0.091674
2021.583333	0.091836
2021.666667	0.178384
2021.750000	0.177937
2021.833333	0.177491
2021.916667	0.177044
2022.000000	0.176597
2022.083333	0.176150
2022.166667	0.175702
2022.250000	0.175254
2022.333333	0.174806
2022.416667	0.174358
2022.500000	0.173909
2022.583333	0.173460
